Trigger Count=600	Output Count=600	Elapsed Time=05.991	Number of Pulses CH0=2	Number of Pulses CH1=0
ple rate (Hz)=2.50E+8	Min record length=11364	Trigger level (V)=0.1000	Channel 0 threshold (V)=0.0600	Channel 1 threshold (V)=0.0600	Range (microseconds)=40.0000	Pulse 2 delay (microseconds)=1.0000	Lower cut-off frequency (Hz)=3.00E+7
                             	                             
Ch0_time1 (s)	Ch0_amp1 (V)	Ch0_width1 (s)	Ch0_time2 (s)	Ch0_amp2 (V)	Ch0_width2 (s)	Ch1_time1 (s)	Ch1_amp1 (V)	Ch1_width1 (s)	Ch1_time2 (s)	Ch1_amp2 (V)	Ch1_width2 (s)
5.424000E-6	0.692673	2.820425E-8	8.424000E-6	0.494182	2.948946E-8	0.000000	0.000000	0.000000	0.000000	0.000000	0.000000
5.424000E-6	0.697517	2.804235E-8	8.424000E-6	0.494139	2.944998E-8	0.000000	0.000000	0.000000	0.000000	0.000000	0.000000
5.420000E-6	0.701785	2.778018E-8	8.424000E-6	0.499144	2.931880E-8	0.000000	0.000000	0.000000	0.000000	0.000000	0.000000
5.420000E-6	0.703500	2.765572E-8	8.420000E-6	0.498456	2.906721E-8	0.000000	0.000000	0.000000	0.000000	0.000000	0.000000
5.424000E-6	0.702098	2.800992E-8	8.424000E-6	0.479293	2.968818E-8	0.000000	0.000000	0.000000	0.000000	0.000000	0.000000
5.424000E-6	0.696417	2.806209E-8	8.424000E-6	0.500558	2.897877E-8	0.000000	0.000000	0.000000	0.000000	0.000000	0.000000
5.424000E-6	0.695412	2.842362E-8	8.424000E-6	0.495327	2.920887E-8	0.000000	0.000000	0.000000	0.000000	0.000000	0.000000
5.424000E-6	0.695062	2.850615E-8	8.424000E-6	0.489636	2.936333E-8	0.000000	0.000000	0.000000	0.000000	0.000000	0.000000
5.424000E-6	0.696669	2.812767E-8	8.424000E-6	0.496208	2.953396E-8	0.000000	0.000000	0.000000	0.000000	0.000000	0.000000
5.424000E-6	0.701485	2.782168E-8	8.424000E-6	0.495269	2.918012E-8	0.000000	0.000000	0.000000	0.000000	0.000000	0.000000
5.420000E-6	0.701084	2.773199E-8	8.420000E-6	0.494065	2.894755E-8	0.000000	0.000000	0.000000	0.000000	0.000000	0.000000
5.424000E-6	0.698610	2.785004E-8	8.424000E-6	0.494087	2.884098E-8	0.000000	0.000000	0.000000	0.000000	0.000000	0.000000
5.424000E-6	0.703856	2.815684E-8	8.424000E-6	0.496478	2.894043E-8	0.000000	0.000000	0.000000	0.000000	0.000000	0.000000
5.424000E-6	0.690664	2.825314E-8	8.424000E-6	0.496995	2.903739E-8	0.000000	0.000000	0.000000	0.000000	0.000000	0.000000
5.424000E-6	0.693608	2.855622E-8	8.424000E-6	0.499084	2.924554E-8	0.000000	0.000000	0.000000	0.000000	0.000000	0.000000
5.424000E-6	0.698173	2.829906E-8	8.424000E-6	0.494230	2.943897E-8	0.000000	0.000000	0.000000	0.000000	0.000000	0.000000
5.424000E-6	0.696727	2.793571E-8	8.424000E-6	0.494250	2.932258E-8	0.000000	0.000000	0.000000	0.000000	0.000000	0.000000
5.420000E-6	0.703685	2.788267E-8	8.424000E-6	0.493419	2.909171E-8	0.000000	0.000000	0.000000	0.000000	0.000000	0.000000
5.420000E-6	0.704630	2.779834E-8	8.420000E-6	0.503727	2.891335E-8	0.000000	0.000000	0.000000	0.000000	0.000000	0.000000
5.424000E-6	0.699339	2.791026E-8	8.424000E-6	0.482322	2.972386E-8	0.000000	0.000000	0.000000	0.000000	0.000000	0.000000
5.424000E-6	0.695466	2.811378E-8	8.424000E-6	0.499854	2.911477E-8	0.000000	0.000000	0.000000	0.000000	0.000000	0.000000
5.424000E-6	0.691671	2.840820E-8	8.424000E-6	0.499483	2.914783E-8	0.000000	0.000000	0.000000	0.000000	0.000000	0.000000
5.424000E-6	0.699564	2.840757E-8	8.424000E-6	0.496274	2.950087E-8	0.000000	0.000000	0.000000	0.000000	0.000000	0.000000
5.424000E-6	0.696816	2.803697E-8	8.424000E-6	0.496275	2.946841E-8	0.000000	0.000000	0.000000	0.000000	0.000000	0.000000
5.424000E-6	0.698875	2.789422E-8	8.424000E-6	0.494641	2.901770E-8	0.000000	0.000000	0.000000	0.000000	0.000000	0.000000
5.420000E-6	0.575713	3.108825E-8	8.420000E-6	0.496623	2.907410E-8	0.000000	0.000000	0.000000	0.000000	0.000000	0.000000
5.424000E-6	0.701839	2.778844E-8	8.424000E-6	0.476287	2.949022E-8	0.000000	0.000000	0.000000	0.000000	0.000000	0.000000
5.424000E-6	0.703478	2.823842E-8	8.424000E-6	0.494198	2.894435E-8	0.000000	0.000000	0.000000	0.000000	0.000000	0.000000
5.424000E-6	0.695131	2.832242E-8	8.424000E-6	0.497015	2.915092E-8	0.000000	0.000000	0.000000	0.000000	0.000000	0.000000
5.424000E-6	0.688886	2.837624E-8	8.424000E-6	0.492997	2.919486E-8	0.000000	0.000000	0.000000	0.000000	0.000000	0.000000
5.424000E-6	0.702505	2.811630E-8	8.424000E-6	0.495793	2.945241E-8	0.000000	0.000000	0.000000	0.000000	0.000000	0.000000
5.424000E-6	0.698245	2.781465E-8	8.424000E-6	0.491316	2.926224E-8	0.000000	0.000000	0.000000	0.000000	0.000000	0.000000
5.420000E-6	0.697457	2.763608E-8	8.420000E-6	0.496571	2.880546E-8	0.000000	0.000000	0.000000	0.000000	0.000000	0.000000
5.424000E-6	0.698774	2.785803E-8	8.424000E-6	0.498035	2.894441E-8	0.000000	0.000000	0.000000	0.000000	0.000000	0.000000
5.424000E-6	0.701020	2.819157E-8	8.424000E-6	0.499061	2.897538E-8	0.000000	0.000000	0.000000	0.000000	0.000000	0.000000
5.424000E-6	0.695108	2.813159E-8	8.424000E-6	0.497193	2.876795E-8	0.000000	0.000000	0.000000	0.000000	0.000000	0.000000
5.424000E-6	0.691741	2.827181E-8	8.424000E-6	0.496569	2.928628E-8	0.000000	0.000000	0.000000	0.000000	0.000000	0.000000
5.424000E-6	0.696390	2.827117E-8	8.424000E-6	0.494117	2.947695E-8	0.000000	0.000000	0.000000	0.000000	0.000000	0.000000
5.424000E-6	0.700758	2.804111E-8	8.424000E-6	0.499143	2.934082E-8	0.000000	0.000000	0.000000	0.000000	0.000000	0.000000
5.420000E-6	0.702432	2.785749E-8	8.424000E-6	0.497916	2.917282E-8	0.000000	0.000000	0.000000	0.000000	0.000000	0.000000
5.420000E-6	0.701339	2.774555E-8	8.420000E-6	0.501727	2.901370E-8	0.000000	0.000000	0.000000	0.000000	0.000000	0.000000
5.424000E-6	0.700135	2.781132E-8	8.424000E-6	0.478048	2.968866E-8	0.000000	0.000000	0.000000	0.000000	0.000000	0.000000
5.424000E-6	0.701573	2.823066E-8	8.424000E-6	0.499965	2.907946E-8	0.000000	0.000000	0.000000	0.000000	0.000000	0.000000
5.424000E-6	0.695958	2.849926E-8	8.424000E-6	0.498464	2.915609E-8	0.000000	0.000000	0.000000	0.000000	0.000000	0.000000
5.424000E-6	0.694188	2.822907E-8	8.424000E-6	0.497330	2.942111E-8	0.000000	0.000000	0.000000	0.000000	0.000000	0.000000
5.424000E-6	0.698028	2.813913E-8	8.424000E-6	0.495896	2.941464E-8	0.000000	0.000000	0.000000	0.000000	0.000000	0.000000
5.424000E-6	0.704027	2.797891E-8	8.424000E-6	0.493763	2.922638E-8	0.000000	0.000000	0.000000	0.000000	0.000000	0.000000
5.420000E-6	0.677656	2.858578E-8	8.420000E-6	0.495491	2.893935E-8	0.000000	0.000000	0.000000	0.000000	0.000000	0.000000
5.424000E-6	0.706034	2.792232E-8	8.424000E-6	0.479617	2.990475E-8	0.000000	0.000000	0.000000	0.000000	0.000000	0.000000
5.424000E-6	0.694896	2.803714E-8	8.424000E-6	0.495724	2.888610E-8	0.000000	0.000000	0.000000	0.000000	0.000000	0.000000
5.424000E-6	0.695008	2.847663E-8	8.424000E-6	0.498868	2.902715E-8	0.000000	0.000000	0.000000	0.000000	0.000000	0.000000
5.424000E-6	0.695137	2.849112E-8	8.424000E-6	0.493120	2.920601E-8	0.000000	0.000000	0.000000	0.000000	0.000000	0.000000
5.424000E-6	0.700793	2.832159E-8	8.424000E-6	0.498704	2.951680E-8	0.000000	0.000000	0.000000	0.000000	0.000000	0.000000
5.424000E-6	0.698293	2.783631E-8	8.424000E-6	0.499938	2.929956E-8	0.000000	0.000000	0.000000	0.000000	0.000000	0.000000
5.420000E-6	0.701983	2.778982E-8	8.424000E-6	0.494290	2.896540E-8	0.000000	0.000000	0.000000	0.000000	0.000000	0.000000
5.420000E-6	0.701346	2.782361E-8	8.420000E-6	0.498017	2.911972E-8	0.000000	0.000000	0.000000	0.000000	0.000000	0.000000
5.424000E-6	0.698169	2.793873E-8	8.424000E-6	0.478810	2.971046E-8	0.000000	0.000000	0.000000	0.000000	0.000000	0.000000
5.424000E-6	0.697333	2.800219E-8	8.424000E-6	0.498329	2.899977E-8	0.000000	0.000000	0.000000	0.000000	0.000000	0.000000
5.424000E-6	0.689007	2.833776E-8	8.424000E-6	0.496348	2.933004E-8	0.000000	0.000000	0.000000	0.000000	0.000000	0.000000
5.424000E-6	0.693321	2.839764E-8	8.424000E-6	0.493324	2.931837E-8	0.000000	0.000000	0.000000	0.000000	0.000000	0.000000
5.424000E-6	0.694871	2.816448E-8	8.424000E-6	0.490585	2.927937E-8	0.000000	0.000000	0.000000	0.000000	0.000000	0.000000
5.424000E-6	0.698144	2.789242E-8	8.424000E-6	0.496803	2.926823E-8	0.000000	0.000000	0.000000	0.000000	0.000000	0.000000
5.420000E-6	0.702344	2.773083E-8	8.420000E-6	0.501485	2.901422E-8	0.000000	0.000000	0.000000	0.000000	0.000000	0.000000
5.424000E-6	0.698520	2.774567E-8	8.424000E-6	0.477477	2.973779E-8	0.000000	0.000000	0.000000	0.000000	0.000000	0.000000
5.424000E-6	0.699794	2.816136E-8	8.424000E-6	0.496349	2.899003E-8	0.000000	0.000000	0.000000	0.000000	0.000000	0.000000
5.424000E-6	0.698490	2.821597E-8	8.424000E-6	0.500014	2.904156E-8	0.000000	0.000000	0.000000	0.000000	0.000000	0.000000
5.424000E-6	0.692903	2.845770E-8	8.424000E-6	0.497591	2.928579E-8	0.000000	0.000000	0.000000	0.000000	0.000000	0.000000
5.424000E-6	0.695553	2.816652E-8	8.424000E-6	0.496215	2.945250E-8	0.000000	0.000000	0.000000	0.000000	0.000000	0.000000
5.424000E-6	0.703871	2.811145E-8	8.424000E-6	0.498642	2.926506E-8	0.000000	0.000000	0.000000	0.000000	0.000000	0.000000
5.420000E-6	0.704636	2.784109E-8	8.424000E-6	0.497858	2.921638E-8	0.000000	0.000000	0.000000	0.000000	0.000000	0.000000
5.420000E-6	0.707736	2.783516E-8	8.420000E-6	0.499083	2.906438E-8	0.000000	0.000000	0.000000	0.000000	0.000000	0.000000
5.424000E-6	0.700993	2.803879E-8	8.424000E-6	0.474687	2.959689E-8	0.000000	0.000000	0.000000	0.000000	0.000000	0.000000
5.424000E-6	0.701809	2.821523E-8	8.424000E-6	0.498987	2.900091E-8	0.000000	0.000000	0.000000	0.000000	0.000000	0.000000
5.424000E-6	0.695925	2.839131E-8	8.424000E-6	0.496491	2.914313E-8	0.000000	0.000000	0.000000	0.000000	0.000000	0.000000
5.424000E-6	0.695011	2.843499E-8	8.424000E-6	0.493739	2.936483E-8	0.000000	0.000000	0.000000	0.000000	0.000000	0.000000
5.424000E-6	0.693710	2.811572E-8	8.424000E-6	0.495780	2.939153E-8	0.000000	0.000000	0.000000	0.000000	0.000000	0.000000
5.424000E-6	0.698607	2.782526E-8	8.424000E-6	0.499552	2.942489E-8	0.000000	0.000000	0.000000	0.000000	0.000000	0.000000
5.420000E-6	0.706793	2.790071E-8	8.420000E-6	0.501452	2.912927E-8	0.000000	0.000000	0.000000	0.000000	0.000000	0.000000
5.424000E-6	0.706714	2.794056E-8	8.424000E-6	0.477978	2.974393E-8	0.000000	0.000000	0.000000	0.000000	0.000000	0.000000
5.424000E-6	0.706862	2.802670E-8	8.424000E-6	0.496834	2.879279E-8	0.000000	0.000000	0.000000	0.000000	0.000000	0.000000
5.424000E-6	0.700780	2.832729E-8	8.424000E-6	0.493469	2.885697E-8	0.000000	0.000000	0.000000	0.000000	0.000000	0.000000
5.424000E-6	0.696354	2.855476E-8	8.424000E-6	0.497138	2.926845E-8	0.000000	0.000000	0.000000	0.000000	0.000000	0.000000
5.424000E-6	0.695756	2.836644E-8	8.424000E-6	0.497818	2.938584E-8	0.000000	0.000000	0.000000	0.000000	0.000000	0.000000
5.424000E-6	0.702043	2.822192E-8	8.424000E-6	0.498434	2.940062E-8	0.000000	0.000000	0.000000	0.000000	0.000000	0.000000
5.424000E-6	0.696518	2.790393E-8	8.424000E-6	0.497625	2.921196E-8	0.000000	0.000000	0.000000	0.000000	0.000000	0.000000
5.420000E-6	0.564752	3.100021E-8	8.420000E-6	0.492842	2.885565E-8	0.000000	0.000000	0.000000	0.000000	0.000000	0.000000
5.424000E-6	0.701518	2.789450E-8	8.424000E-6	0.481411	2.953620E-8	0.000000	0.000000	0.000000	0.000000	0.000000	0.000000
5.424000E-6	0.698682	2.793486E-8	8.424000E-6	0.498472	2.886254E-8	0.000000	0.000000	0.000000	0.000000	0.000000	0.000000
5.424000E-6	0.698137	2.832373E-8	8.424000E-6	0.501417	2.907658E-8	0.000000	0.000000	0.000000	0.000000	0.000000	0.000000
5.424000E-6	0.693975	2.854597E-8	8.424000E-6	0.492325	2.901380E-8	0.000000	0.000000	0.000000	0.000000	0.000000	0.000000
5.424000E-6	0.697062	2.832932E-8	8.424000E-6	0.495901	2.942182E-8	0.000000	0.000000	0.000000	0.000000	0.000000	0.000000
5.424000E-6	0.695868	2.794120E-8	8.424000E-6	0.498308	2.952526E-8	0.000000	0.000000	0.000000	0.000000	0.000000	0.000000
5.420000E-6	0.705901	2.791615E-8	8.424000E-6	0.495882	2.918565E-8	0.000000	0.000000	0.000000	0.000000	0.000000	0.000000
5.420000E-6	0.699040	2.779798E-8	8.420000E-6	0.497200	2.877711E-8	0.000000	0.000000	0.000000	0.000000	0.000000	0.000000
5.424000E-6	0.702662	2.792403E-8	8.424000E-6	0.476396	2.955356E-8	0.000000	0.000000	0.000000	0.000000	0.000000	0.000000
5.424000E-6	0.695936	2.817234E-8	8.424000E-6	0.499661	2.911403E-8	0.000000	0.000000	0.000000	0.000000	0.000000	0.000000
5.424000E-6	0.688059	2.835805E-8	8.424000E-6	0.496524	2.916112E-8	0.000000	0.000000	0.000000	0.000000	0.000000	0.000000
5.424000E-6	0.692999	2.847765E-8	8.424000E-6	0.489750	2.924820E-8	0.000000	0.000000	0.000000	0.000000	0.000000	0.000000
5.424000E-6	0.703787	2.820184E-8	8.424000E-6	0.500278	2.939705E-8	0.000000	0.000000	0.000000	0.000000	0.000000	0.000000
5.424000E-6	0.708173	2.794030E-8	8.424000E-6	0.498712	2.918048E-8	0.000000	0.000000	0.000000	0.000000	0.000000	0.000000
5.420000E-6	0.428358	3.525854E-8	8.420000E-6	0.500018	2.899838E-8	0.000000	0.000000	0.000000	0.000000	0.000000	0.000000
5.424000E-6	0.700344	2.787548E-8	8.424000E-6	0.479812	2.965694E-8	0.000000	0.000000	0.000000	0.000000	0.000000	0.000000
5.424000E-6	0.695806	2.805903E-8	8.424000E-6	0.495685	2.896226E-8	0.000000	0.000000	0.000000	0.000000	0.000000	0.000000
5.424000E-6	0.695464	2.847438E-8	8.424000E-6	0.499456	2.921310E-8	0.000000	0.000000	0.000000	0.000000	0.000000	0.000000
5.424000E-6	0.692667	2.835110E-8	8.424000E-6	0.495208	2.927117E-8	0.000000	0.000000	0.000000	0.000000	0.000000	0.000000
5.424000E-6	0.694961	2.803269E-8	8.424000E-6	0.494280	2.938965E-8	0.000000	0.000000	0.000000	0.000000	0.000000	0.000000
5.424000E-6	0.701567	2.779646E-8	8.424000E-6	0.493246	2.904174E-8	0.000000	0.000000	0.000000	0.000000	0.000000	0.000000
5.420000E-6	0.673004	2.849383E-8	8.420000E-6	0.497549	2.885478E-8	0.000000	0.000000	0.000000	0.000000	0.000000	0.000000
5.424000E-6	0.696625	2.784971E-8	8.424000E-6	0.482180	2.972635E-8	0.000000	0.000000	0.000000	0.000000	0.000000	0.000000
5.424000E-6	0.699893	2.811723E-8	8.424000E-6	0.499133	2.899095E-8	0.000000	0.000000	0.000000	0.000000	0.000000	0.000000
5.424000E-6	0.694104	2.838221E-8	8.424000E-6	0.498530	2.916903E-8	0.000000	0.000000	0.000000	0.000000	0.000000	0.000000
5.424000E-6	0.696677	2.834228E-8	8.424000E-6	0.493203	2.951314E-8	0.000000	0.000000	0.000000	0.000000	0.000000	0.000000
5.424000E-6	0.701815	2.802435E-8	8.424000E-6	0.496206	2.939099E-8	0.000000	0.000000	0.000000	0.000000	0.000000	0.000000
5.424000E-6	0.699719	2.782164E-8	8.424000E-6	0.497451	2.934139E-8	0.000000	0.000000	0.000000	0.000000	0.000000	0.000000
5.420000E-6	0.568960	3.113563E-8	8.420000E-6	0.499878	2.918505E-8	0.000000	0.000000	0.000000	0.000000	0.000000	0.000000
5.424000E-6	0.701529	2.780121E-8	8.424000E-6	0.475835	2.957541E-8	0.000000	0.000000	0.000000	0.000000	0.000000	0.000000
5.424000E-6	0.697396	2.823545E-8	8.424000E-6	0.499543	2.884544E-8	0.000000	0.000000	0.000000	0.000000	0.000000	0.000000
5.424000E-6	0.691082	2.828368E-8	8.424000E-6	0.498001	2.912184E-8	0.000000	0.000000	0.000000	0.000000	0.000000	0.000000
5.424000E-6	0.691327	2.822249E-8	8.424000E-6	0.494055	2.926730E-8	0.000000	0.000000	0.000000	0.000000	0.000000	0.000000
5.424000E-6	0.696552	2.798195E-8	8.424000E-6	0.493058	2.950675E-8	0.000000	0.000000	0.000000	0.000000	0.000000	0.000000
5.424000E-6	0.703211	2.786094E-8	8.424000E-6	0.494691	2.907569E-8	0.000000	0.000000	0.000000	0.000000	0.000000	0.000000
5.420000E-6	0.571594	3.110146E-8	8.420000E-6	0.500003	2.893527E-8	0.000000	0.000000	0.000000	0.000000	0.000000	0.000000
5.424000E-6	0.701325	2.787996E-8	8.424000E-6	0.481764	2.970678E-8	0.000000	0.000000	0.000000	0.000000	0.000000	0.000000
5.424000E-6	0.692520	2.809141E-8	8.424000E-6	0.498273	2.883178E-8	0.000000	0.000000	0.000000	0.000000	0.000000	0.000000
5.424000E-6	0.693517	2.842571E-8	8.424000E-6	0.496289	2.926567E-8	0.000000	0.000000	0.000000	0.000000	0.000000	0.000000
5.424000E-6	0.695664	2.831274E-8	8.424000E-6	0.496422	2.947716E-8	0.000000	0.000000	0.000000	0.000000	0.000000	0.000000
5.424000E-6	0.699176	2.799434E-8	8.424000E-6	0.493776	2.942289E-8	0.000000	0.000000	0.000000	0.000000	0.000000	0.000000
5.424000E-6	0.698785	2.784188E-8	8.424000E-6	0.497125	2.902021E-8	0.000000	0.000000	0.000000	0.000000	0.000000	0.000000
5.420000E-6	0.567663	3.103293E-8	8.420000E-6	0.494589	2.881117E-8	0.000000	0.000000	0.000000	0.000000	0.000000	0.000000
5.424000E-6	0.701963	2.782019E-8	8.424000E-6	0.473545	2.952509E-8	0.000000	0.000000	0.000000	0.000000	0.000000	0.000000
5.424000E-6	0.700262	2.820471E-8	8.424000E-6	0.500696	2.891097E-8	0.000000	0.000000	0.000000	0.000000	0.000000	0.000000
5.424000E-6	0.698071	2.844738E-8	8.424000E-6	0.498431	2.926294E-8	0.000000	0.000000	0.000000	0.000000	0.000000	0.000000
5.424000E-6	0.696736	2.832358E-8	8.424000E-6	0.493574	2.934346E-8	0.000000	0.000000	0.000000	0.000000	0.000000	0.000000
5.424000E-6	0.699963	2.797953E-8	8.424000E-6	0.495984	2.940902E-8	0.000000	0.000000	0.000000	0.000000	0.000000	0.000000
5.424000E-6	0.701971	2.777264E-8	8.424000E-6	0.499893	2.926099E-8	0.000000	0.000000	0.000000	0.000000	0.000000	0.000000
5.420000E-6	0.698673	2.781346E-8	8.420000E-6	0.498570	2.895334E-8	0.000000	0.000000	0.000000	0.000000	0.000000	0.000000
5.424000E-6	0.703965	2.792958E-8	8.424000E-6	0.479707	2.971121E-8	0.000000	0.000000	0.000000	0.000000	0.000000	0.000000
5.424000E-6	0.697414	2.803456E-8	8.424000E-6	0.502253	2.889632E-8	0.000000	0.000000	0.000000	0.000000	0.000000	0.000000
5.424000E-6	0.690432	2.843253E-8	8.424000E-6	0.490731	2.905597E-8	0.000000	0.000000	0.000000	0.000000	0.000000	0.000000
5.424000E-6	0.699223	2.844367E-8	8.424000E-6	0.495718	2.953901E-8	0.000000	0.000000	0.000000	0.000000	0.000000	0.000000
5.424000E-6	0.703876	2.816536E-8	8.424000E-6	0.494073	2.949974E-8	0.000000	0.000000	0.000000	0.000000	0.000000	0.000000
5.424000E-6	0.704075	2.809167E-8	8.424000E-6	0.501401	2.920928E-8	0.000000	0.000000	0.000000	0.000000	0.000000	0.000000
5.420000E-6	0.674051	2.863256E-8	8.420000E-6	0.497151	2.880886E-8	0.000000	0.000000	0.000000	0.000000	0.000000	0.000000
5.424000E-6	0.696958	2.784690E-8	8.424000E-6	0.474880	2.947213E-8	0.000000	0.000000	0.000000	0.000000	0.000000	0.000000
5.424000E-6	0.695063	2.801546E-8	8.424000E-6	0.493341	2.871950E-8	0.000000	0.000000	0.000000	0.000000	0.000000	0.000000
5.424000E-6	0.698802	2.838190E-8	8.424000E-6	0.496357	2.919634E-8	0.000000	0.000000	0.000000	0.000000	0.000000	0.000000
5.424000E-6	0.695591	2.848934E-8	8.424000E-6	0.497678	2.932425E-8	0.000000	0.000000	0.000000	0.000000	0.000000	0.000000
5.424000E-6	0.697391	2.828819E-8	8.424000E-6	0.498353	2.947416E-8	0.000000	0.000000	0.000000	0.000000	0.000000	0.000000
5.424000E-6	0.699153	2.803049E-8	8.424000E-6	0.493305	2.909913E-8	0.000000	0.000000	0.000000	0.000000	0.000000	0.000000
5.420000E-6	0.700712	2.769672E-8	8.424000E-6	0.500924	2.909484E-8	0.000000	0.000000	0.000000	0.000000	0.000000	0.000000
5.420000E-6	0.700460	2.770847E-8	8.420000E-6	0.497161	2.907006E-8	0.000000	0.000000	0.000000	0.000000	0.000000	0.000000
5.424000E-6	0.698577	2.788837E-8	8.424000E-6	0.478915	2.959970E-8	0.000000	0.000000	0.000000	0.000000	0.000000	0.000000
5.424000E-6	0.700038	2.827548E-8	8.424000E-6	0.500096	2.908723E-8	0.000000	0.000000	0.000000	0.000000	0.000000	0.000000
5.424000E-6	0.695644	2.839926E-8	8.424000E-6	0.493659	2.897293E-8	0.000000	0.000000	0.000000	0.000000	0.000000	0.000000
5.424000E-6	0.695886	2.840648E-8	8.424000E-6	0.496994	2.934069E-8	0.000000	0.000000	0.000000	0.000000	0.000000	0.000000
5.424000E-6	0.695793	2.810472E-8	8.424000E-6	0.491366	2.951426E-8	0.000000	0.000000	0.000000	0.000000	0.000000	0.000000
5.424000E-6	0.703043	2.802277E-8	8.424000E-6	0.500980	2.937170E-8	0.000000	0.000000	0.000000	0.000000	0.000000	0.000000
5.420000E-6	0.674115	2.867497E-8	8.420000E-6	0.496619	2.886578E-8	0.000000	0.000000	0.000000	0.000000	0.000000	0.000000
5.424000E-6	0.700525	2.779111E-8	8.424000E-6	0.477551	2.982494E-8	0.000000	0.000000	0.000000	0.000000	0.000000	0.000000
5.424000E-6	0.700785	2.801503E-8	8.424000E-6	0.499238	2.894831E-8	0.000000	0.000000	0.000000	0.000000	0.000000	0.000000
5.424000E-6	0.691439	2.804788E-8	8.424000E-6	0.495593	2.895662E-8	0.000000	0.000000	0.000000	0.000000	0.000000	0.000000
5.424000E-6	0.689606	2.835205E-8	8.424000E-6	0.498842	2.912683E-8	0.000000	0.000000	0.000000	0.000000	0.000000	0.000000
5.424000E-6	0.694915	2.831688E-8	8.424000E-6	0.498446	2.933174E-8	0.000000	0.000000	0.000000	0.000000	0.000000	0.000000
5.424000E-6	0.705920	2.824342E-8	8.424000E-6	0.496354	2.940040E-8	0.000000	0.000000	0.000000	0.000000	0.000000	0.000000
5.424000E-6	0.697633	2.780776E-8	8.424000E-6	0.496797	2.933535E-8	0.000000	0.000000	0.000000	0.000000	0.000000	0.000000
5.420000E-6	0.675221	2.866044E-8	8.420000E-6	0.494353	2.894790E-8	0.000000	0.000000	0.000000	0.000000	0.000000	0.000000
5.424000E-6	0.702935	2.767644E-8	8.424000E-6	0.481298	2.967351E-8	0.000000	0.000000	0.000000	0.000000	0.000000	0.000000
5.424000E-6	0.702749	2.800269E-8	8.424000E-6	0.499246	2.897834E-8	0.000000	0.000000	0.000000	0.000000	0.000000	0.000000
5.424000E-6	0.698656	2.834741E-8	8.424000E-6	0.501037	2.919602E-8	0.000000	0.000000	0.000000	0.000000	0.000000	0.000000
5.424000E-6	0.696563	2.846890E-8	8.424000E-6	0.495941	2.916072E-8	0.000000	0.000000	0.000000	0.000000	0.000000	0.000000
5.424000E-6	0.696303	2.845298E-8	8.424000E-6	0.492534	2.934721E-8	0.000000	0.000000	0.000000	0.000000	0.000000	0.000000
5.424000E-6	0.703360	2.818186E-8	8.424000E-6	0.499295	2.953339E-8	0.000000	0.000000	0.000000	0.000000	0.000000	0.000000
5.424000E-6	0.705486	2.796650E-8	8.424000E-6	0.498946	2.921159E-8	0.000000	0.000000	0.000000	0.000000	0.000000	0.000000
5.420000E-6	0.673068	2.853092E-8	8.420000E-6	0.496530	2.887557E-8	0.000000	0.000000	0.000000	0.000000	0.000000	0.000000
5.424000E-6	0.698585	2.781691E-8	8.424000E-6	0.479012	2.967257E-8	0.000000	0.000000	0.000000	0.000000	0.000000	0.000000
5.424000E-6	0.694262	2.790145E-8	8.424000E-6	0.501084	2.897682E-8	0.000000	0.000000	0.000000	0.000000	0.000000	0.000000
5.424000E-6	0.695366	2.819079E-8	8.424000E-6	0.499043	2.900356E-8	0.000000	0.000000	0.000000	0.000000	0.000000	0.000000
5.424000E-6	0.695595	2.851901E-8	8.424000E-6	0.494479	2.936959E-8	0.000000	0.000000	0.000000	0.000000	0.000000	0.000000
5.424000E-6	0.693543	2.824323E-8	8.424000E-6	0.492137	2.951099E-8	0.000000	0.000000	0.000000	0.000000	0.000000	0.000000
5.424000E-6	0.701233	2.795839E-8	8.424000E-6	0.495345	2.935947E-8	0.000000	0.000000	0.000000	0.000000	0.000000	0.000000
5.420000E-6	0.700856	2.774347E-8	8.424000E-6	0.500186	2.910274E-8	0.000000	0.000000	0.000000	0.000000	0.000000	0.000000
5.420000E-6	0.705224	2.772812E-8	8.420000E-6	0.503341	2.894298E-8	0.000000	0.000000	0.000000	0.000000	0.000000	0.000000
5.424000E-6	0.699976	2.779882E-8	8.424000E-6	0.478607	2.965051E-8	0.000000	0.000000	0.000000	0.000000	0.000000	0.000000
5.424000E-6	0.694461	2.808395E-8	8.424000E-6	0.497750	2.904971E-8	0.000000	0.000000	0.000000	0.000000	0.000000	0.000000
5.424000E-6	0.694359	2.837492E-8	8.424000E-6	0.494386	2.901008E-8	0.000000	0.000000	0.000000	0.000000	0.000000	0.000000
5.424000E-6	0.694386	2.838588E-8	8.424000E-6	0.495101	2.929767E-8	0.000000	0.000000	0.000000	0.000000	0.000000	0.000000
5.424000E-6	0.698210	2.823754E-8	8.424000E-6	0.496026	2.955435E-8	0.000000	0.000000	0.000000	0.000000	0.000000	0.000000
5.424000E-6	0.704320	2.796623E-8	8.424000E-6	0.500776	2.926121E-8	0.000000	0.000000	0.000000	0.000000	0.000000	0.000000
5.420000E-6	0.703797	2.782352E-8	8.424000E-6	0.494663	2.905077E-8	0.000000	0.000000	0.000000	0.000000	0.000000	0.000000
5.420000E-6	0.700821	2.777269E-8	8.420000E-6	0.496404	2.883988E-8	0.000000	0.000000	0.000000	0.000000	0.000000	0.000000
5.424000E-6	0.706063	2.796288E-8	8.424000E-6	0.499809	2.881079E-8	0.000000	0.000000	0.000000	0.000000	0.000000	0.000000
5.424000E-6	0.699526	2.809185E-8	8.424000E-6	0.493725	2.889601E-8	0.000000	0.000000	0.000000	0.000000	0.000000	0.000000
5.424000E-6	0.697857	2.849033E-8	8.424000E-6	0.493437	2.915308E-8	0.000000	0.000000	0.000000	0.000000	0.000000	0.000000
5.424000E-6	0.695197	2.835620E-8	8.424000E-6	0.494420	2.941990E-8	0.000000	0.000000	0.000000	0.000000	0.000000	0.000000
5.424000E-6	0.703255	2.827967E-8	8.424000E-6	0.495474	2.956973E-8	0.000000	0.000000	0.000000	0.000000	0.000000	0.000000
5.424000E-6	0.704279	2.797399E-8	8.424000E-6	0.499283	2.918735E-8	0.000000	0.000000	0.000000	0.000000	0.000000	0.000000
5.420000E-6	0.569557	3.101113E-8	8.420000E-6	0.494820	2.883911E-8	0.000000	0.000000	0.000000	0.000000	0.000000	0.000000
5.424000E-6	0.703697	2.801252E-8	8.424000E-6	0.474916	2.984201E-8	0.000000	0.000000	0.000000	0.000000	0.000000	0.000000
5.424000E-6	0.705167	2.811556E-8	8.424000E-6	0.495877	2.884677E-8	0.000000	0.000000	0.000000	0.000000	0.000000	0.000000
5.424000E-6	0.696729	2.835766E-8	8.424000E-6	0.497247	2.913882E-8	0.000000	0.000000	0.000000	0.000000	0.000000	0.000000
5.424000E-6	0.693830	2.841410E-8	8.424000E-6	0.494608	2.913227E-8	0.000000	0.000000	0.000000	0.000000	0.000000	0.000000
5.424000E-6	0.697358	2.839299E-8	8.424000E-6	0.492971	2.938305E-8	0.000000	0.000000	0.000000	0.000000	0.000000	0.000000
5.424000E-6	0.700712	2.792675E-8	8.424000E-6	0.493703	2.909569E-8	0.000000	0.000000	0.000000	0.000000	0.000000	0.000000
5.420000E-6	0.704684	2.777059E-8	8.424000E-6	0.499570	2.936517E-8	0.000000	0.000000	0.000000	0.000000	0.000000	0.000000
5.420000E-6	0.704889	2.787521E-8	8.420000E-6	0.503116	2.892841E-8	0.000000	0.000000	0.000000	0.000000	0.000000	0.000000
5.424000E-6	0.701424	2.791558E-8	8.424000E-6	0.476358	2.943487E-8	0.000000	0.000000	0.000000	0.000000	0.000000	0.000000
5.424000E-6	0.698801	2.834344E-8	8.424000E-6	0.500492	2.904668E-8	0.000000	0.000000	0.000000	0.000000	0.000000	0.000000
5.424000E-6	0.694527	2.850586E-8	8.424000E-6	0.498080	2.932049E-8	0.000000	0.000000	0.000000	0.000000	0.000000	0.000000
5.424000E-6	0.696371	2.818983E-8	8.424000E-6	0.494675	2.942744E-8	0.000000	0.000000	0.000000	0.000000	0.000000	0.000000
5.424000E-6	0.695739	2.810061E-8	8.424000E-6	0.492772	2.942857E-8	0.000000	0.000000	0.000000	0.000000	0.000000	0.000000
5.424000E-6	0.700322	2.788897E-8	8.424000E-6	0.495263	2.910156E-8	0.000000	0.000000	0.000000	0.000000	0.000000	0.000000
5.420000E-6	0.568020	3.115122E-8	8.420000E-6	0.498073	2.914313E-8	0.000000	0.000000	0.000000	0.000000	0.000000	0.000000
5.424000E-6	0.702923	2.784834E-8	8.424000E-6	0.479114	2.960347E-8	0.000000	0.000000	0.000000	0.000000	0.000000	0.000000
5.424000E-6	0.701158	2.809009E-8	8.424000E-6	0.496736	2.878350E-8	0.000000	0.000000	0.000000	0.000000	0.000000	0.000000
5.424000E-6	0.697896	2.841285E-8	8.424000E-6	0.499088	2.907213E-8	0.000000	0.000000	0.000000	0.000000	0.000000	0.000000
5.424000E-6	0.694046	2.839482E-8	8.424000E-6	0.495133	2.935041E-8	0.000000	0.000000	0.000000	0.000000	0.000000	0.000000
5.424000E-6	0.693587	2.823297E-8	8.424000E-6	0.491872	2.939004E-8	0.000000	0.000000	0.000000	0.000000	0.000000	0.000000
5.424000E-6	0.703914	2.807586E-8	8.424000E-6	0.498418	2.914848E-8	0.000000	0.000000	0.000000	0.000000	0.000000	0.000000
5.420000E-6	0.700631	2.786653E-8	8.424000E-6	0.500251	2.911234E-8	0.000000	0.000000	0.000000	0.000000	0.000000	0.000000
5.420000E-6	0.705466	2.793067E-8	8.420000E-6	0.495725	2.868358E-8	0.000000	0.000000	0.000000	0.000000	0.000000	0.000000
5.424000E-6	0.702846	2.797815E-8	8.424000E-6	0.475699	2.947964E-8	0.000000	0.000000	0.000000	0.000000	0.000000	0.000000
5.424000E-6	0.698204	2.824251E-8	8.424000E-6	0.499504	2.908893E-8	0.000000	0.000000	0.000000	0.000000	0.000000	0.000000
5.424000E-6	0.697509	2.853865E-8	8.424000E-6	0.500761	2.912955E-8	0.000000	0.000000	0.000000	0.000000	0.000000	0.000000
5.424000E-6	0.699852	2.835805E-8	8.424000E-6	0.494821	2.951303E-8	0.000000	0.000000	0.000000	0.000000	0.000000	0.000000
5.424000E-6	0.694624	2.806730E-8	8.424000E-6	0.496644	2.946895E-8	0.000000	0.000000	0.000000	0.000000	0.000000	0.000000
5.424000E-6	0.701309	2.783491E-8	8.424000E-6	0.493323	2.899268E-8	0.000000	0.000000	0.000000	0.000000	0.000000	0.000000
5.420000E-6	0.576613	3.112532E-8	8.420000E-6	0.497556	2.889009E-8	0.000000	0.000000	0.000000	0.000000	0.000000	0.000000
5.424000E-6	0.702801	2.795200E-8	8.424000E-6	0.479370	2.968697E-8	0.000000	0.000000	0.000000	0.000000	0.000000	0.000000
5.424000E-6	0.698649	2.815193E-8	8.424000E-6	0.498474	2.899049E-8	0.000000	0.000000	0.000000	0.000000	0.000000	0.000000
5.424000E-6	0.698752	2.831195E-8	8.424000E-6	0.497073	2.911792E-8	0.000000	0.000000	0.000000	0.000000	0.000000	0.000000
5.424000E-6	0.692741	2.833490E-8	8.424000E-6	0.492012	2.923287E-8	0.000000	0.000000	0.000000	0.000000	0.000000	0.000000
5.424000E-6	0.694446	2.825083E-8	8.424000E-6	0.491073	2.952949E-8	0.000000	0.000000	0.000000	0.000000	0.000000	0.000000
5.424000E-6	0.697138	2.801062E-8	8.424000E-6	0.500388	2.937360E-8	0.000000	0.000000	0.000000	0.000000	0.000000	0.000000
5.420000E-6	0.702138	2.767874E-8	8.424000E-6	0.496622	2.891792E-8	0.000000	0.000000	0.000000	0.000000	0.000000	0.000000
5.420000E-6	0.704877	2.791189E-8	8.420000E-6	0.499171	2.892295E-8	0.000000	0.000000	0.000000	0.000000	0.000000	0.000000
5.424000E-6	0.704351	2.803501E-8	8.424000E-6	0.480981	2.966767E-8	0.000000	0.000000	0.000000	0.000000	0.000000	0.000000
5.424000E-6	0.700308	2.831392E-8	8.424000E-6	0.494622	2.879709E-8	0.000000	0.000000	0.000000	0.000000	0.000000	0.000000
5.424000E-6	0.694098	2.845138E-8	8.424000E-6	0.495714	2.922215E-8	0.000000	0.000000	0.000000	0.000000	0.000000	0.000000
5.424000E-6	0.695905	2.826945E-8	8.424000E-6	0.495319	2.942010E-8	0.000000	0.000000	0.000000	0.000000	0.000000	0.000000
5.424000E-6	0.700224	2.820731E-8	8.424000E-6	0.494289	2.928277E-8	0.000000	0.000000	0.000000	0.000000	0.000000	0.000000
5.424000E-6	0.702450	2.776868E-8	8.424000E-6	0.497088	2.906695E-8	0.000000	0.000000	0.000000	0.000000	0.000000	0.000000
5.420000E-6	0.672533	2.853757E-8	8.420000E-6	0.502743	2.894668E-8	0.000000	0.000000	0.000000	0.000000	0.000000	0.000000
5.424000E-6	0.697875	2.768449E-8	8.424000E-6	0.480554	2.969294E-8	0.000000	0.000000	0.000000	0.000000	0.000000	0.000000
5.424000E-6	0.698266	2.794639E-8	8.424000E-6	0.499928	2.884775E-8	0.000000	0.000000	0.000000	0.000000	0.000000	0.000000
5.424000E-6	0.696294	2.832014E-8	8.424000E-6	0.497950	2.908054E-8	0.000000	0.000000	0.000000	0.000000	0.000000	0.000000
5.424000E-6	0.688407	2.846274E-8	8.424000E-6	0.494479	2.929562E-8	0.000000	0.000000	0.000000	0.000000	0.000000	0.000000
5.424000E-6	0.696137	2.823236E-8	8.424000E-6	0.496192	2.947688E-8	0.000000	0.000000	0.000000	0.000000	0.000000	0.000000
5.424000E-6	0.703778	2.810055E-8	8.424000E-6	0.498346	2.936562E-8	0.000000	0.000000	0.000000	0.000000	0.000000	0.000000
5.420000E-6	0.702816	2.774219E-8	8.424000E-6	0.494277	2.910181E-8	0.000000	0.000000	0.000000	0.000000	0.000000	0.000000
5.420000E-6	0.701698	2.780721E-8	8.420000E-6	0.495389	2.884184E-8	0.000000	0.000000	0.000000	0.000000	0.000000	0.000000
5.424000E-6	0.697544	2.790678E-8	8.424000E-6	0.479143	2.973689E-8	0.000000	0.000000	0.000000	0.000000	0.000000	0.000000
5.424000E-6	0.699779	2.823650E-8	8.424000E-6	0.500141	2.912429E-8	0.000000	0.000000	0.000000	0.000000	0.000000	0.000000
5.424000E-6	0.691916	2.826267E-8	8.424000E-6	0.496505	2.916123E-8	0.000000	0.000000	0.000000	0.000000	0.000000	0.000000
5.424000E-6	0.696863	2.844297E-8	8.424000E-6	0.498412	2.932241E-8	0.000000	0.000000	0.000000	0.000000	0.000000	0.000000
5.424000E-6	0.698073	2.806381E-8	8.424000E-6	0.490927	2.939813E-8	0.000000	0.000000	0.000000	0.000000	0.000000	0.000000
5.424000E-6	0.701779	2.785211E-8	8.424000E-6	0.496119	2.928792E-8	0.000000	0.000000	0.000000	0.000000	0.000000	0.000000
5.420000E-6	0.704983	2.781025E-8	8.420000E-6	0.495145	2.890930E-8	0.000000	0.000000	0.000000	0.000000	0.000000	0.000000
5.420000E-6	0.703671	2.791588E-8	8.420000E-6	0.478970	2.973378E-8	0.000000	0.000000	0.000000	0.000000	0.000000	0.000000
5.424000E-6	0.700773	2.808968E-8	8.424000E-6	0.500307	2.884173E-8	0.000000	0.000000	0.000000	0.000000	0.000000	0.000000
5.424000E-6	0.697769	2.822439E-8	8.424000E-6	0.500011	2.900409E-8	0.000000	0.000000	0.000000	0.000000	0.000000	0.000000
5.424000E-6	0.689699	2.827121E-8	8.424000E-6	0.490147	2.904160E-8	0.000000	0.000000	0.000000	0.000000	0.000000	0.000000
5.424000E-6	0.698637	2.833643E-8	8.424000E-6	0.496098	2.931278E-8	0.000000	0.000000	0.000000	0.000000	0.000000	0.000000
5.424000E-6	0.701121	2.811911E-8	8.424000E-6	0.495951	2.960173E-8	0.000000	0.000000	0.000000	0.000000	0.000000	0.000000
5.424000E-6	0.703283	2.782634E-8	8.424000E-6	0.494861	2.897932E-8	0.000000	0.000000	0.000000	0.000000	0.000000	0.000000
5.420000E-6	0.700453	2.777584E-8	8.420000E-6	0.498514	2.887213E-8	0.000000	0.000000	0.000000	0.000000	0.000000	0.000000
5.424000E-6	0.700634	2.785821E-8	8.424000E-6	0.476598	2.962566E-8	0.000000	0.000000	0.000000	0.000000	0.000000	0.000000
5.424000E-6	0.699649	2.816935E-8	8.424000E-6	0.500372	2.900381E-8	0.000000	0.000000	0.000000	0.000000	0.000000	0.000000
5.424000E-6	0.697392	2.852116E-8	8.424000E-6	0.494996	2.914291E-8	0.000000	0.000000	0.000000	0.000000	0.000000	0.000000
5.424000E-6	0.689872	2.833125E-8	8.424000E-6	0.495681	2.946645E-8	0.000000	0.000000	0.000000	0.000000	0.000000	0.000000
5.424000E-6	0.701426	2.822253E-8	8.424000E-6	0.494618	2.941246E-8	0.000000	0.000000	0.000000	0.000000	0.000000	0.000000
5.424000E-6	0.701109	2.780932E-8	8.424000E-6	0.498950	2.926307E-8	0.000000	0.000000	0.000000	0.000000	0.000000	0.000000
5.420000E-6	0.578384	3.130957E-8	8.420000E-6	0.495909	2.908665E-8	0.000000	0.000000	0.000000	0.000000	0.000000	0.000000
5.424000E-6	0.698588	2.771755E-8	8.424000E-6	0.499107	2.893068E-8	0.000000	0.000000	0.000000	0.000000	0.000000	0.000000
5.424000E-6	0.696981	2.792672E-8	8.424000E-6	0.494823	2.886578E-8	0.000000	0.000000	0.000000	0.000000	0.000000	0.000000
5.424000E-6	0.693177	2.827499E-8	8.424000E-6	0.498622	2.920075E-8	0.000000	0.000000	0.000000	0.000000	0.000000	0.000000
5.424000E-6	0.692994	2.844648E-8	8.424000E-6	0.495286	2.927060E-8	0.000000	0.000000	0.000000	0.000000	0.000000	0.000000
5.424000E-6	0.696406	2.821152E-8	8.424000E-6	0.494389	2.941272E-8	0.000000	0.000000	0.000000	0.000000	0.000000	0.000000
5.424000E-6	0.701505	2.813795E-8	8.424000E-6	0.492324	2.921299E-8	0.000000	0.000000	0.000000	0.000000	0.000000	0.000000
5.420000E-6	0.702812	2.786533E-8	8.424000E-6	0.499979	2.931470E-8	0.000000	0.000000	0.000000	0.000000	0.000000	0.000000
5.420000E-6	0.696701	2.781786E-8	8.420000E-6	0.494593	2.882002E-8	0.000000	0.000000	0.000000	0.000000	0.000000	0.000000
5.424000E-6	0.701581	2.783760E-8	8.424000E-6	0.475335	2.949221E-8	0.000000	0.000000	0.000000	0.000000	0.000000	0.000000
5.424000E-6	0.695041	2.803988E-8	8.424000E-6	0.498609	2.901665E-8	0.000000	0.000000	0.000000	0.000000	0.000000	0.000000
5.424000E-6	0.691460	2.832009E-8	8.424000E-6	0.495660	2.929387E-8	0.000000	0.000000	0.000000	0.000000	0.000000	0.000000
5.424000E-6	0.693913	2.837298E-8	8.424000E-6	0.497186	2.927520E-8	0.000000	0.000000	0.000000	0.000000	0.000000	0.000000
5.424000E-6	0.698750	2.819166E-8	8.424000E-6	0.492236	2.957391E-8	0.000000	0.000000	0.000000	0.000000	0.000000	0.000000
5.424000E-6	0.706488	2.788106E-8	8.424000E-6	0.493959	2.916959E-8	0.000000	0.000000	0.000000	0.000000	0.000000	0.000000
5.420000E-6	0.429836	3.522714E-8	8.420000E-6	0.499765	2.906953E-8	0.000000	0.000000	0.000000	0.000000	0.000000	0.000000
5.424000E-6	0.701823	2.774648E-8	8.424000E-6	0.478540	2.972339E-8	0.000000	0.000000	0.000000	0.000000	0.000000	0.000000
5.424000E-6	0.703618	2.804264E-8	8.424000E-6	0.495702	2.879337E-8	0.000000	0.000000	0.000000	0.000000	0.000000	0.000000
5.424000E-6	0.694802	2.819073E-8	8.424000E-6	0.500547	2.900644E-8	0.000000	0.000000	0.000000	0.000000	0.000000	0.000000
5.424000E-6	0.693587	2.855099E-8	8.424000E-6	0.499637	2.927929E-8	0.000000	0.000000	0.000000	0.000000	0.000000	0.000000
5.424000E-6	0.694318	2.829277E-8	8.424000E-6	0.491261	2.932581E-8	0.000000	0.000000	0.000000	0.000000	0.000000	0.000000
5.424000E-6	0.700222	2.815622E-8	8.424000E-6	0.491039	2.919990E-8	0.000000	0.000000	0.000000	0.000000	0.000000	0.000000
5.424000E-6	0.701034	2.796500E-8	8.424000E-6	0.498847	2.903140E-8	0.000000	0.000000	0.000000	0.000000	0.000000	0.000000
5.420000E-6	0.674432	2.854406E-8	8.420000E-6	0.499929	2.899066E-8	0.000000	0.000000	0.000000	0.000000	0.000000	0.000000
5.424000E-6	0.703456	2.795415E-8	8.424000E-6	0.480595	2.976619E-8	0.000000	0.000000	0.000000	0.000000	0.000000	0.000000
5.424000E-6	0.702799	2.813860E-8	8.424000E-6	0.502163	2.898404E-8	0.000000	0.000000	0.000000	0.000000	0.000000	0.000000
5.424000E-6	0.698721	2.835004E-8	8.424000E-6	0.498085	2.902784E-8	0.000000	0.000000	0.000000	0.000000	0.000000	0.000000
5.424000E-6	0.692451	2.854950E-8	8.424000E-6	0.495207	2.917763E-8	0.000000	0.000000	0.000000	0.000000	0.000000	0.000000
5.424000E-6	0.693754	2.818691E-8	8.424000E-6	0.495182	2.948316E-8	0.000000	0.000000	0.000000	0.000000	0.000000	0.000000
5.424000E-6	0.702348	2.804153E-8	8.424000E-6	0.496863	2.941793E-8	0.000000	0.000000	0.000000	0.000000	0.000000	0.000000
5.424000E-6	0.704696	2.802174E-8	8.424000E-6	0.496145	2.920547E-8	0.000000	0.000000	0.000000	0.000000	0.000000	0.000000
5.420000E-6	0.573120	3.120389E-8	8.420000E-6	0.495062	2.892685E-8	0.000000	0.000000	0.000000	0.000000	0.000000	0.000000
5.424000E-6	0.697405	2.788548E-8	8.424000E-6	0.475125	2.965437E-8	0.000000	0.000000	0.000000	0.000000	0.000000	0.000000
5.424000E-6	0.696305	2.796906E-8	8.424000E-6	0.500778	2.898223E-8	0.000000	0.000000	0.000000	0.000000	0.000000	0.000000
5.424000E-6	0.690687	2.820331E-8	8.424000E-6	0.499129	2.904724E-8	0.000000	0.000000	0.000000	0.000000	0.000000	0.000000
5.424000E-6	0.695578	2.852020E-8	8.424000E-6	0.496510	2.932359E-8	0.000000	0.000000	0.000000	0.000000	0.000000	0.000000
5.424000E-6	0.702176	2.836621E-8	8.424000E-6	0.491280	2.927809E-8	0.000000	0.000000	0.000000	0.000000	0.000000	0.000000
5.424000E-6	0.697695	2.790485E-8	8.424000E-6	0.499592	2.932058E-8	0.000000	0.000000	0.000000	0.000000	0.000000	0.000000
5.420000E-6	0.702842	2.786007E-8	8.424000E-6	0.496226	2.912094E-8	0.000000	0.000000	0.000000	0.000000	0.000000	0.000000
5.420000E-6	0.702827	2.791447E-8	8.420000E-6	0.496417	2.903349E-8	0.000000	0.000000	0.000000	0.000000	0.000000	0.000000
5.424000E-6	0.698762	2.785378E-8	8.424000E-6	0.481305	2.957744E-8	0.000000	0.000000	0.000000	0.000000	0.000000	0.000000
5.424000E-6	0.697518	2.816465E-8	8.424000E-6	0.494446	2.870847E-8	0.000000	0.000000	0.000000	0.000000	0.000000	0.000000
5.424000E-6	0.689450	2.838425E-8	8.424000E-6	0.497164	2.911527E-8	0.000000	0.000000	0.000000	0.000000	0.000000	0.000000
5.424000E-6	0.693357	2.837935E-8	8.424000E-6	0.490759	2.933039E-8	0.000000	0.000000	0.000000	0.000000	0.000000	0.000000
5.424000E-6	0.695028	2.808162E-8	8.424000E-6	0.495884	2.954299E-8	0.000000	0.000000	0.000000	0.000000	0.000000	0.000000
5.424000E-6	0.700432	2.784738E-8	8.424000E-6	0.497945	2.926301E-8	0.000000	0.000000	0.000000	0.000000	0.000000	0.000000
5.420000E-6	0.670927	2.866589E-8	8.424000E-6	0.500006	2.907964E-8	0.000000	0.000000	0.000000	0.000000	0.000000	0.000000
5.424000E-6	0.703736	2.791967E-8	8.424000E-6	0.500010	2.887817E-8	0.000000	0.000000	0.000000	0.000000	0.000000	0.000000
5.424000E-6	0.695688	2.793954E-8	8.424000E-6	0.497527	2.910279E-8	0.000000	0.000000	0.000000	0.000000	0.000000	0.000000
5.424000E-6	0.699802	2.829652E-8	8.424000E-6	0.498190	2.897154E-8	0.000000	0.000000	0.000000	0.000000	0.000000	0.000000
5.424000E-6	0.688033	2.836347E-8	8.424000E-6	0.501080	2.920903E-8	0.000000	0.000000	0.000000	0.000000	0.000000	0.000000
5.424000E-6	0.693152	2.823671E-8	8.424000E-6	0.497516	2.947615E-8	0.000000	0.000000	0.000000	0.000000	0.000000	0.000000
5.424000E-6	0.704847	2.810835E-8	8.424000E-6	0.494907	2.955214E-8	0.000000	0.000000	0.000000	0.000000	0.000000	0.000000
5.424000E-6	0.700831	2.791843E-8	8.424000E-6	0.495370	2.917642E-8	0.000000	0.000000	0.000000	0.000000	0.000000	0.000000
5.420000E-6	0.572943	3.110602E-8	8.420000E-6	0.499666	2.916151E-8	0.000000	0.000000	0.000000	0.000000	0.000000	0.000000
5.424000E-6	0.699830	2.785365E-8	8.424000E-6	0.479254	2.971143E-8	0.000000	0.000000	0.000000	0.000000	0.000000	0.000000
5.424000E-6	0.699019	2.787210E-8	8.424000E-6	0.499404	2.892114E-8	0.000000	0.000000	0.000000	0.000000	0.000000	0.000000
5.424000E-6	0.699851	2.833177E-8	8.424000E-6	0.497391	2.904371E-8	0.000000	0.000000	0.000000	0.000000	0.000000	0.000000
5.424000E-6	0.690581	2.852501E-8	8.424000E-6	0.499430	2.914658E-8	0.000000	0.000000	0.000000	0.000000	0.000000	0.000000
5.424000E-6	0.692795	2.836461E-8	8.424000E-6	0.497856	2.935370E-8	0.000000	0.000000	0.000000	0.000000	0.000000	0.000000
5.424000E-6	0.696869	2.804030E-8	8.424000E-6	0.497625	2.946697E-8	0.000000	0.000000	0.000000	0.000000	0.000000	0.000000
5.424000E-6	0.699272	2.788537E-8	8.424000E-6	0.495211	2.901727E-8	0.000000	0.000000	0.000000	0.000000	0.000000	0.000000
5.420000E-6	0.673462	2.848638E-8	8.420000E-6	0.492180	2.884483E-8	0.000000	0.000000	0.000000	0.000000	0.000000	0.000000
5.424000E-6	0.702655	2.784137E-8	8.424000E-6	0.473343	2.958016E-8	0.000000	0.000000	0.000000	0.000000	0.000000	0.000000
5.424000E-6	0.702694	2.820416E-8	8.424000E-6	0.497874	2.889196E-8	0.000000	0.000000	0.000000	0.000000	0.000000	0.000000
5.424000E-6	0.698702	2.827255E-8	8.424000E-6	0.500579	2.909375E-8	0.000000	0.000000	0.000000	0.000000	0.000000	0.000000
5.424000E-6	0.693462	2.842086E-8	8.424000E-6	0.497427	2.933519E-8	0.000000	0.000000	0.000000	0.000000	0.000000	0.000000
5.424000E-6	0.697392	2.817562E-8	8.424000E-6	0.494961	2.938870E-8	0.000000	0.000000	0.000000	0.000000	0.000000	0.000000
5.424000E-6	0.701351	2.792456E-8	8.424000E-6	0.498578	2.920336E-8	0.000000	0.000000	0.000000	0.000000	0.000000	0.000000
5.420000E-6	0.702285	2.774343E-8	8.424000E-6	0.492149	2.891967E-8	0.000000	0.000000	0.000000	0.000000	0.000000	0.000000
5.420000E-6	0.702745	2.771865E-8	8.420000E-6	0.496913	2.884208E-8	0.000000	0.000000	0.000000	0.000000	0.000000	0.000000
5.424000E-6	0.707354	2.809816E-8	8.424000E-6	0.500941	2.898669E-8	0.000000	0.000000	0.000000	0.000000	0.000000	0.000000
5.424000E-6	0.699184	2.821881E-8	8.424000E-6	0.493473	2.880135E-8	0.000000	0.000000	0.000000	0.000000	0.000000	0.000000
5.424000E-6	0.689503	2.842602E-8	8.424000E-6	0.496172	2.923395E-8	0.000000	0.000000	0.000000	0.000000	0.000000	0.000000
5.424000E-6	0.696694	2.819844E-8	8.424000E-6	0.491775	2.939406E-8	0.000000	0.000000	0.000000	0.000000	0.000000	0.000000
5.424000E-6	0.699079	2.802685E-8	8.424000E-6	0.497335	2.950346E-8	0.000000	0.000000	0.000000	0.000000	0.000000	0.000000
5.420000E-6	0.701139	2.781530E-8	8.424000E-6	0.501653	2.926369E-8	0.000000	0.000000	0.000000	0.000000	0.000000	0.000000
5.420000E-6	0.704378	2.775208E-8	8.420000E-6	0.502207	2.898815E-8	0.000000	0.000000	0.000000	0.000000	0.000000	0.000000
5.424000E-6	0.699942	2.787138E-8	8.424000E-6	0.479343	2.969794E-8	0.000000	0.000000	0.000000	0.000000	0.000000	0.000000
5.424000E-6	0.699542	2.809459E-8	8.424000E-6	0.492839	2.883907E-8	0.000000	0.000000	0.000000	0.000000	0.000000	0.000000
5.424000E-6	0.696643	2.841860E-8	8.424000E-6	0.500562	2.915327E-8	0.000000	0.000000	0.000000	0.000000	0.000000	0.000000
5.424000E-6	0.690936	2.846019E-8	8.424000E-6	0.495153	2.917010E-8	0.000000	0.000000	0.000000	0.000000	0.000000	0.000000
5.424000E-6	0.700158	2.823733E-8	8.424000E-6	0.494450	2.953145E-8	0.000000	0.000000	0.000000	0.000000	0.000000	0.000000
5.424000E-6	0.699576	2.792031E-8	8.424000E-6	0.500449	2.924824E-8	0.000000	0.000000	0.000000	0.000000	0.000000	0.000000
5.420000E-6	0.704040	2.776518E-8	8.424000E-6	0.497740	2.893269E-8	0.000000	0.000000	0.000000	0.000000	0.000000	0.000000
5.420000E-6	0.700959	2.778648E-8	8.420000E-6	0.499673	2.890659E-8	0.000000	0.000000	0.000000	0.000000	0.000000	0.000000
5.424000E-6	0.700725	2.792961E-8	8.424000E-6	0.498377	2.885624E-8	0.000000	0.000000	0.000000	0.000000	0.000000	0.000000
5.424000E-6	0.696606	2.821398E-8	8.424000E-6	0.499573	2.911513E-8	0.000000	0.000000	0.000000	0.000000	0.000000	0.000000
5.424000E-6	0.689563	2.841810E-8	8.424000E-6	0.496509	2.925834E-8	0.000000	0.000000	0.000000	0.000000	0.000000	0.000000
5.424000E-6	0.695076	2.839327E-8	8.424000E-6	0.493085	2.944904E-8	0.000000	0.000000	0.000000	0.000000	0.000000	0.000000
5.424000E-6	0.699933	2.813026E-8	8.424000E-6	0.496906	2.935052E-8	0.000000	0.000000	0.000000	0.000000	0.000000	0.000000
5.424000E-6	0.705422	2.801474E-8	8.424000E-6	0.495370	2.913286E-8	0.000000	0.000000	0.000000	0.000000	0.000000	0.000000
5.420000E-6	0.671283	2.849845E-8	8.420000E-6	0.500387	2.905388E-8	0.000000	0.000000	0.000000	0.000000	0.000000	0.000000
5.424000E-6	0.699899	2.786152E-8	8.424000E-6	0.477892	2.961396E-8	0.000000	0.000000	0.000000	0.000000	0.000000	0.000000
5.424000E-6	0.705627	2.810342E-8	8.424000E-6	0.499126	2.902173E-8	0.000000	0.000000	0.000000	0.000000	0.000000	0.000000
5.424000E-6	0.693446	2.827575E-8	8.424000E-6	0.494967	2.886283E-8	0.000000	0.000000	0.000000	0.000000	0.000000	0.000000
5.424000E-6	0.694043	2.846919E-8	8.424000E-6	0.498501	2.938457E-8	0.000000	0.000000	0.000000	0.000000	0.000000	0.000000
5.424000E-6	0.691606	2.808148E-8	8.424000E-6	0.498852	2.947255E-8	0.000000	0.000000	0.000000	0.000000	0.000000	0.000000
5.424000E-6	0.705551	2.803741E-8	8.424000E-6	0.496816	2.934290E-8	0.000000	0.000000	0.000000	0.000000	0.000000	0.000000
5.420000E-6	0.700976	2.774967E-8	8.424000E-6	0.500288	2.932869E-8	0.000000	0.000000	0.000000	0.000000	0.000000	0.000000
5.420000E-6	0.705664	2.784944E-8	8.420000E-6	0.497111	2.879852E-8	0.000000	0.000000	0.000000	0.000000	0.000000	0.000000
5.424000E-6	0.703038	2.797263E-8	8.424000E-6	0.478197	2.982656E-8	0.000000	0.000000	0.000000	0.000000	0.000000	0.000000
5.424000E-6	0.699511	2.805023E-8	8.424000E-6	0.498333	2.895411E-8	0.000000	0.000000	0.000000	0.000000	0.000000	0.000000
5.424000E-6	0.693066	2.837286E-8	8.424000E-6	0.496384	2.910308E-8	0.000000	0.000000	0.000000	0.000000	0.000000	0.000000
5.424000E-6	0.690505	2.832626E-8	8.424000E-6	0.496861	2.936841E-8	0.000000	0.000000	0.000000	0.000000	0.000000	0.000000
5.424000E-6	0.693689	2.821218E-8	8.424000E-6	0.496124	2.943411E-8	0.000000	0.000000	0.000000	0.000000	0.000000	0.000000
5.424000E-6	0.699904	2.789340E-8	8.424000E-6	0.494314	2.936168E-8	0.000000	0.000000	0.000000	0.000000	0.000000	0.000000
5.420000E-6	0.700735	2.777393E-8	8.424000E-6	0.497532	2.903724E-8	0.000000	0.000000	0.000000	0.000000	0.000000	0.000000
5.420000E-6	0.701084	2.776369E-8	8.420000E-6	0.502025	2.891993E-8	0.000000	0.000000	0.000000	0.000000	0.000000	0.000000
5.424000E-6	0.705707	2.794711E-8	8.424000E-6	0.476793	2.943884E-8	0.000000	0.000000	0.000000	0.000000	0.000000	0.000000
5.424000E-6	0.698569	2.823683E-8	8.424000E-6	0.499662	2.890888E-8	0.000000	0.000000	0.000000	0.000000	0.000000	0.000000
5.424000E-6	0.698185	2.850476E-8	8.424000E-6	0.494163	2.906942E-8	0.000000	0.000000	0.000000	0.000000	0.000000	0.000000
5.424000E-6	0.696356	2.851668E-8	8.424000E-6	0.493852	2.940725E-8	0.000000	0.000000	0.000000	0.000000	0.000000	0.000000
5.424000E-6	0.692959	2.810431E-8	8.424000E-6	0.493363	2.939548E-8	0.000000	0.000000	0.000000	0.000000	0.000000	0.000000
5.424000E-6	0.703044	2.799920E-8	8.424000E-6	0.496746	2.938766E-8	0.000000	0.000000	0.000000	0.000000	0.000000	0.000000
5.420000E-6	0.567209	3.121868E-8	8.424000E-6	0.497974	2.907795E-8	0.000000	0.000000	0.000000	0.000000	0.000000	0.000000
5.420000E-6	0.698279	2.781739E-8	8.420000E-6	0.503121	2.881127E-8	0.000000	0.000000	0.000000	0.000000	0.000000	0.000000
5.424000E-6	0.698760	2.787260E-8	8.424000E-6	0.479749	2.966370E-8	0.000000	0.000000	0.000000	0.000000	0.000000	0.000000
5.424000E-6	0.695719	2.807249E-8	8.424000E-6	0.500633	2.906241E-8	0.000000	0.000000	0.000000	0.000000	0.000000	0.000000
5.424000E-6	0.692618	2.839684E-8	8.424000E-6	0.496319	2.912657E-8	0.000000	0.000000	0.000000	0.000000	0.000000	0.000000
5.424000E-6	0.689084	2.826067E-8	8.424000E-6	0.496419	2.940175E-8	0.000000	0.000000	0.000000	0.000000	0.000000	0.000000
5.424000E-6	0.698702	2.810747E-8	8.424000E-6	0.498893	2.949373E-8	0.000000	0.000000	0.000000	0.000000	0.000000	0.000000
5.424000E-6	0.699551	2.792776E-8	8.424000E-6	0.493865	2.936059E-8	0.000000	0.000000	0.000000	0.000000	0.000000	0.000000
5.420000E-6	0.703560	2.781042E-8	8.424000E-6	0.498257	2.907648E-8	0.000000	0.000000	0.000000	0.000000	0.000000	0.000000
5.420000E-6	0.697402	2.772637E-8	8.420000E-6	0.498393	2.907041E-8	0.000000	0.000000	0.000000	0.000000	0.000000	0.000000
5.424000E-6	0.702035	2.801290E-8	8.424000E-6	0.497824	2.901782E-8	0.000000	0.000000	0.000000	0.000000	0.000000	0.000000
5.424000E-6	0.699797	2.820357E-8	8.424000E-6	0.502332	2.899976E-8	0.000000	0.000000	0.000000	0.000000	0.000000	0.000000
5.424000E-6	0.690157	2.827595E-8	8.424000E-6	0.500381	2.920152E-8	0.000000	0.000000	0.000000	0.000000	0.000000	0.000000
5.424000E-6	0.693985	2.825598E-8	8.424000E-6	0.492679	2.931915E-8	0.000000	0.000000	0.000000	0.000000	0.000000	0.000000
5.424000E-6	0.694675	2.808401E-8	8.424000E-6	0.498013	2.936560E-8	0.000000	0.000000	0.000000	0.000000	0.000000	0.000000
5.420000E-6	0.698059	2.784117E-8	8.424000E-6	0.499488	2.907673E-8	0.000000	0.000000	0.000000	0.000000	0.000000	0.000000
5.420000E-6	0.709222	2.785954E-8	8.420000E-6	0.500330	2.901650E-8	0.000000	0.000000	0.000000	0.000000	0.000000	0.000000
5.424000E-6	0.700549	2.786716E-8	8.424000E-6	0.482655	2.961208E-8	0.000000	0.000000	0.000000	0.000000	0.000000	0.000000
5.424000E-6	0.701444	2.830413E-8	8.424000E-6	0.497251	2.879028E-8	0.000000	0.000000	0.000000	0.000000	0.000000	0.000000
5.424000E-6	0.699606	2.847189E-8	8.424000E-6	0.496307	2.910463E-8	0.000000	0.000000	0.000000	0.000000	0.000000	0.000000
5.424000E-6	0.697419	2.852119E-8	8.424000E-6	0.498427	2.926340E-8	0.000000	0.000000	0.000000	0.000000	0.000000	0.000000
5.424000E-6	0.700258	2.810476E-8	8.424000E-6	0.497139	2.948152E-8	0.000000	0.000000	0.000000	0.000000	0.000000	0.000000
5.424000E-6	0.707687	2.794600E-8	8.424000E-6	0.492995	2.910444E-8	0.000000	0.000000	0.000000	0.000000	0.000000	0.000000
5.420000E-6	0.701802	2.783341E-8	8.420000E-6	0.495016	2.898629E-8	0.000000	0.000000	0.000000	0.000000	0.000000	0.000000
5.424000E-6	0.700893	2.773825E-8	8.424000E-6	0.498335	2.890632E-8	0.000000	0.000000	0.000000	0.000000	0.000000	0.000000
5.424000E-6	0.699883	2.791488E-8	8.424000E-6	0.479399	2.976581E-8	0.000000	0.000000	0.000000	0.000000	0.000000	0.000000
5.424000E-6	0.695650	2.810700E-8	8.424000E-6	0.497860	2.898353E-8	0.000000	0.000000	0.000000	0.000000	0.000000	0.000000
5.424000E-6	0.698406	2.855226E-8	8.424000E-6	0.499893	2.904758E-8	0.000000	0.000000	0.000000	0.000000	0.000000	0.000000
5.424000E-6	0.691930	2.822142E-8	8.424000E-6	0.495364	2.924066E-8	0.000000	0.000000	0.000000	0.000000	0.000000	0.000000
5.424000E-6	0.699464	2.830942E-8	8.424000E-6	0.494815	2.952234E-8	0.000000	0.000000	0.000000	0.000000	0.000000	0.000000
5.424000E-6	0.700066	2.794661E-8	8.424000E-6	0.497354	2.930870E-8	0.000000	0.000000	0.000000	0.000000	0.000000	0.000000
5.424000E-6	0.702162	2.779132E-8	8.424000E-6	0.495841	2.901987E-8	0.000000	0.000000	0.000000	0.000000	0.000000	0.000000
5.420000E-6	0.569287	3.109707E-8	8.420000E-6	0.500080	2.897154E-8	0.000000	0.000000	0.000000	0.000000	0.000000	0.000000
5.424000E-6	0.703278	2.802551E-8	8.424000E-6	0.473970	2.962721E-8	0.000000	0.000000	0.000000	0.000000	0.000000	0.000000
5.424000E-6	0.697729	2.798947E-8	8.424000E-6	0.502163	2.902855E-8	0.000000	0.000000	0.000000	0.000000	0.000000	0.000000
5.424000E-6	0.697605	2.830973E-8	8.424000E-6	0.496378	2.900251E-8	0.000000	0.000000	0.000000	0.000000	0.000000	0.000000
5.424000E-6	0.689001	2.831307E-8	8.424000E-6	0.495279	2.897805E-8	0.000000	0.000000	0.000000	0.000000	0.000000	0.000000
5.424000E-6	0.702144	2.834566E-8	8.424000E-6	0.492474	2.949892E-8	0.000000	0.000000	0.000000	0.000000	0.000000	0.000000
5.424000E-6	0.696103	2.798944E-8	8.424000E-6	0.499093	2.940134E-8	0.000000	0.000000	0.000000	0.000000	0.000000	0.000000
5.424000E-6	0.703622	2.797852E-8	8.424000E-6	0.495794	2.913544E-8	0.000000	0.000000	0.000000	0.000000	0.000000	0.000000
5.420000E-6	0.573633	3.116227E-8	8.420000E-6	0.500321	2.906180E-8	0.000000	0.000000	0.000000	0.000000	0.000000	0.000000
5.424000E-6	0.703551	2.794081E-8	8.424000E-6	0.477608	2.986543E-8	0.000000	0.000000	0.000000	0.000000	0.000000	0.000000
5.424000E-6	0.695474	2.800962E-8	8.424000E-6	0.499172	2.907852E-8	0.000000	0.000000	0.000000	0.000000	0.000000	0.000000
5.424000E-6	0.695510	2.821569E-8	8.424000E-6	0.495927	2.907881E-8	0.000000	0.000000	0.000000	0.000000	0.000000	0.000000
5.424000E-6	0.689242	2.851716E-8	8.424000E-6	0.495380	2.933408E-8	0.000000	0.000000	0.000000	0.000000	0.000000	0.000000
5.424000E-6	0.694786	2.836434E-8	8.424000E-6	0.493814	2.932562E-8	0.000000	0.000000	0.000000	0.000000	0.000000	0.000000
5.424000E-6	0.694805	2.805591E-8	8.424000E-6	0.495788	2.937519E-8	0.000000	0.000000	0.000000	0.000000	0.000000	0.000000
5.424000E-6	0.700504	2.784976E-8	8.424000E-6	0.495590	2.916089E-8	0.000000	0.000000	0.000000	0.000000	0.000000	0.000000
5.420000E-6	0.704483	2.794735E-8	8.420000E-6	0.493024	2.898667E-8	0.000000	0.000000	0.000000	0.000000	0.000000	0.000000
5.420000E-6	0.701128	2.779834E-8	8.420000E-6	0.477920	2.966041E-8	0.000000	0.000000	0.000000	0.000000	0.000000	0.000000
5.424000E-6	0.703323	2.809656E-8	8.424000E-6	0.497092	2.872669E-8	0.000000	0.000000	0.000000	0.000000	0.000000	0.000000
5.424000E-6	0.699551	2.824989E-8	8.424000E-6	0.498215	2.905963E-8	0.000000	0.000000	0.000000	0.000000	0.000000	0.000000
5.424000E-6	0.697343	2.847781E-8	8.424000E-6	0.495832	2.924677E-8	0.000000	0.000000	0.000000	0.000000	0.000000	0.000000
5.424000E-6	0.694697	2.824633E-8	8.424000E-6	0.500189	2.925588E-8	0.000000	0.000000	0.000000	0.000000	0.000000	0.000000
5.424000E-6	0.700380	2.834537E-8	8.424000E-6	0.497014	2.951295E-8	0.000000	0.000000	0.000000	0.000000	0.000000	0.000000
5.424000E-6	0.704512	2.801313E-8	8.424000E-6	0.498761	2.926919E-8	0.000000	0.000000	0.000000	0.000000	0.000000	0.000000
5.420000E-6	0.701946	2.772774E-8	8.424000E-6	0.496443	2.910175E-8	0.000000	0.000000	0.000000	0.000000	0.000000	0.000000
5.420000E-6	0.701693	2.772397E-8	8.420000E-6	0.496953	2.871232E-8	0.000000	0.000000	0.000000	0.000000	0.000000	0.000000
5.424000E-6	0.696270	2.794380E-8	8.424000E-6	0.480726	2.973302E-8	0.000000	0.000000	0.000000	0.000000	0.000000	0.000000
5.424000E-6	0.694751	2.813057E-8	8.424000E-6	0.497743	2.899695E-8	0.000000	0.000000	0.000000	0.000000	0.000000	0.000000
5.424000E-6	0.687347	2.833720E-8	8.424000E-6	0.495516	2.932609E-8	0.000000	0.000000	0.000000	0.000000	0.000000	0.000000
5.424000E-6	0.695082	2.830826E-8	8.424000E-6	0.493062	2.938227E-8	0.000000	0.000000	0.000000	0.000000	0.000000	0.000000
5.424000E-6	0.697787	2.808640E-8	8.424000E-6	0.491057	2.935583E-8	0.000000	0.000000	0.000000	0.000000	0.000000	0.000000
5.424000E-6	0.699470	2.783254E-8	8.424000E-6	0.496248	2.925692E-8	0.000000	0.000000	0.000000	0.000000	0.000000	0.000000
5.420000E-6	0.704428	2.793837E-8	8.420000E-6	0.499564	2.912032E-8	0.000000	0.000000	0.000000	0.000000	0.000000	0.000000
5.424000E-6	0.702053	2.774809E-8	8.424000E-6	0.480051	2.967048E-8	0.000000	0.000000	0.000000	0.000000	0.000000	0.000000
5.424000E-6	0.699775	2.789641E-8	8.424000E-6	0.497702	2.887485E-8	0.000000	0.000000	0.000000	0.000000	0.000000	0.000000
5.424000E-6	0.698651	2.828838E-8	8.424000E-6	0.498564	2.898505E-8	0.000000	0.000000	0.000000	0.000000	0.000000	0.000000
5.424000E-6	0.692887	2.849415E-8	8.424000E-6	0.496195	2.939673E-8	0.000000	0.000000	0.000000	0.000000	0.000000	0.000000
5.424000E-6	0.699722	2.838188E-8	8.424000E-6	0.491379	2.943149E-8	0.000000	0.000000	0.000000	0.000000	0.000000	0.000000
5.424000E-6	0.700272	2.806828E-8	8.424000E-6	0.495397	2.924834E-8	0.000000	0.000000	0.000000	0.000000	0.000000	0.000000
5.420000E-6	0.699413	2.785387E-8	8.424000E-6	0.496396	2.916377E-8	0.000000	0.000000	0.000000	0.000000	0.000000	0.000000
5.420000E-6	0.567219	3.117833E-8	8.420000E-6	0.494879	2.889903E-8	0.000000	0.000000	0.000000	0.000000	0.000000	0.000000
5.424000E-6	0.697933	2.786937E-8	8.424000E-6	0.477256	2.958666E-8	0.000000	0.000000	0.000000	0.000000	0.000000	0.000000
5.424000E-6	0.699475	2.814255E-8	8.424000E-6	0.501021	2.895416E-8	0.000000	0.000000	0.000000	0.000000	0.000000	0.000000
5.424000E-6	0.693226	2.830691E-8	8.424000E-6	0.498244	2.904088E-8	0.000000	0.000000	0.000000	0.000000	0.000000	0.000000
5.424000E-6	0.694974	2.862045E-8	8.424000E-6	0.497094	2.934344E-8	0.000000	0.000000	0.000000	0.000000	0.000000	0.000000
5.424000E-6	0.695549	2.816047E-8	8.424000E-6	0.493173	2.958428E-8	0.000000	0.000000	0.000000	0.000000	0.000000	0.000000
5.424000E-6	0.702547	2.807288E-8	8.424000E-6	0.494486	2.922194E-8	0.000000	0.000000	0.000000	0.000000	0.000000	0.000000
5.420000E-6	0.701657	2.777188E-8	8.424000E-6	0.495471	2.897029E-8	0.000000	0.000000	0.000000	0.000000	0.000000	0.000000
5.420000E-6	0.700208	2.775380E-8	8.420000E-6	0.496125	2.884880E-8	0.000000	0.000000	0.000000	0.000000	0.000000	0.000000
5.424000E-6	0.695808	2.790597E-8	8.424000E-6	0.477233	2.958198E-8	0.000000	0.000000	0.000000	0.000000	0.000000	0.000000
5.424000E-6	0.701781	2.819070E-8	8.424000E-6	0.499103	2.888667E-8	0.000000	0.000000	0.000000	0.000000	0.000000	0.000000
5.424000E-6	0.692390	2.823599E-8	8.424000E-6	0.496007	2.910953E-8	0.000000	0.000000	0.000000	0.000000	0.000000	0.000000
5.424000E-6	0.697395	2.841486E-8	8.424000E-6	0.494679	2.930671E-8	0.000000	0.000000	0.000000	0.000000	0.000000	0.000000
5.424000E-6	0.699341	2.838649E-8	8.424000E-6	0.495502	2.948147E-8	0.000000	0.000000	0.000000	0.000000	0.000000	0.000000
5.424000E-6	0.702779	2.808891E-8	8.424000E-6	0.491375	2.930970E-8	0.000000	0.000000	0.000000	0.000000	0.000000	0.000000
5.420000E-6	0.702788	2.780727E-8	8.424000E-6	0.500285	2.911859E-8	0.000000	0.000000	0.000000	0.000000	0.000000	0.000000
5.420000E-6	0.701743	2.779339E-8	8.420000E-6	0.498840	2.894852E-8	0.000000	0.000000	0.000000	0.000000	0.000000	0.000000
5.424000E-6	0.698189	2.785830E-8	8.424000E-6	0.478089	2.954637E-8	0.000000	0.000000	0.000000	0.000000	0.000000	0.000000
5.424000E-6	0.695587	2.816549E-8	8.424000E-6	0.499010	2.899740E-8	0.000000	0.000000	0.000000	0.000000	0.000000	0.000000
5.424000E-6	0.690004	2.824142E-8	8.424000E-6	0.500176	2.917116E-8	0.000000	0.000000	0.000000	0.000000	0.000000	0.000000
5.424000E-6	0.692615	2.839712E-8	8.424000E-6	0.495903	2.906569E-8	0.000000	0.000000	0.000000	0.000000	0.000000	0.000000
5.424000E-6	0.692269	2.835080E-8	8.424000E-6	0.492139	2.934535E-8	0.000000	0.000000	0.000000	0.000000	0.000000	0.000000
5.424000E-6	0.699164	2.792366E-8	8.424000E-6	0.497622	2.918573E-8	0.000000	0.000000	0.000000	0.000000	0.000000	0.000000
5.420000E-6	0.703532	2.777781E-8	8.424000E-6	0.499729	2.922159E-8	0.000000	0.000000	0.000000	0.000000	0.000000	0.000000
5.420000E-6	0.703233	2.777658E-8	8.420000E-6	0.497000	2.880436E-8	0.000000	0.000000	0.000000	0.000000	0.000000	0.000000
5.424000E-6	0.703288	2.793548E-8	8.424000E-6	0.475808	2.945164E-8	0.000000	0.000000	0.000000	0.000000	0.000000	0.000000
5.424000E-6	0.698883	2.808059E-8	8.424000E-6	0.492681	2.882732E-8	0.000000	0.000000	0.000000	0.000000	0.000000	0.000000
5.424000E-6	0.698130	2.832322E-8	8.424000E-6	0.497707	2.904080E-8	0.000000	0.000000	0.000000	0.000000	0.000000	0.000000
5.424000E-6	0.696015	2.853640E-8	8.424000E-6	0.499305	2.925282E-8	0.000000	0.000000	0.000000	0.000000	0.000000	0.000000
5.424000E-6	0.696713	2.834614E-8	8.424000E-6	0.494328	2.949737E-8	0.000000	0.000000	0.000000	0.000000	0.000000	0.000000
5.424000E-6	0.697149	2.793491E-8	8.424000E-6	0.497188	2.944930E-8	0.000000	0.000000	0.000000	0.000000	0.000000	0.000000
5.424000E-6	0.706722	2.801281E-8	8.424000E-6	0.492760	2.913193E-8	0.000000	0.000000	0.000000	0.000000	0.000000	0.000000
5.420000E-6	0.677884	2.858027E-8	8.420000E-6	0.498027	2.897461E-8	0.000000	0.000000	0.000000	0.000000	0.000000	0.000000
5.424000E-6	0.702101	2.772185E-8	8.424000E-6	0.482480	2.968411E-8	0.000000	0.000000	0.000000	0.000000	0.000000	0.000000
5.424000E-6	0.696567	2.791607E-8	8.424000E-6	0.500909	2.891267E-8	0.000000	0.000000	0.000000	0.000000	0.000000	0.000000
5.424000E-6	0.693052	2.810267E-8	8.424000E-6	0.499784	2.891044E-8	0.000000	0.000000	0.000000	0.000000	0.000000	0.000000
5.424000E-6	0.692804	2.842906E-8	8.424000E-6	0.496574	2.926501E-8	0.000000	0.000000	0.000000	0.000000	0.000000	0.000000
5.424000E-6	0.696488	2.837807E-8	8.424000E-6	0.494485	2.941288E-8	0.000000	0.000000	0.000000	0.000000	0.000000	0.000000
5.424000E-6	0.698391	2.800160E-8	8.424000E-6	0.498769	2.937751E-8	0.000000	0.000000	0.000000	0.000000	0.000000	0.000000
5.424000E-6	0.700544	2.781722E-8	8.424000E-6	0.499136	2.917507E-8	0.000000	0.000000	0.000000	0.000000	0.000000	0.000000
5.420000E-6	0.668008	2.851527E-8	8.420000E-6	0.499140	2.887173E-8	0.000000	0.000000	0.000000	0.000000	0.000000	0.000000
5.424000E-6	0.698336	2.771273E-8	8.424000E-6	0.474753	2.953988E-8	0.000000	0.000000	0.000000	0.000000	0.000000	0.000000
5.424000E-6	0.699039	2.804147E-8	8.424000E-6	0.501965	2.898264E-8	0.000000	0.000000	0.000000	0.000000	0.000000	0.000000
5.424000E-6	0.702041	2.832566E-8	8.424000E-6	0.495083	2.913296E-8	0.000000	0.000000	0.000000	0.000000	0.000000	0.000000
5.424000E-6	0.690157	2.845550E-8	8.424000E-6	0.496935	2.926583E-8	0.000000	0.000000	0.000000	0.000000	0.000000	0.000000
5.424000E-6	0.699343	2.850002E-8	8.424000E-6	0.496257	2.937339E-8	0.000000	0.000000	0.000000	0.000000	0.000000	0.000000
5.424000E-6	0.696892	2.798105E-8	8.424000E-6	0.497277	2.945421E-8	0.000000	0.000000	0.000000	0.000000	0.000000	0.000000
5.424000E-6	0.704323	2.792317E-8	8.424000E-6	0.494692	2.913669E-8	0.000000	0.000000	0.000000	0.000000	0.000000	0.000000
5.420000E-6	0.672071	2.855158E-8	8.420000E-6	0.491020	2.889700E-8	0.000000	0.000000	0.000000	0.000000	0.000000	0.000000
5.424000E-6	0.704538	2.804263E-8	8.424000E-6	0.480118	2.967466E-8	0.000000	0.000000	0.000000	0.000000	0.000000	0.000000
5.424000E-6	0.703447	2.800523E-8	8.424000E-6	0.495844	2.872993E-8	0.000000	0.000000	0.000000	0.000000	0.000000	0.000000
5.424000E-6	0.695570	2.816301E-8	8.424000E-6	0.496110	2.901101E-8	0.000000	0.000000	0.000000	0.000000	0.000000	0.000000
5.424000E-6	0.693214	2.838282E-8	8.424000E-6	0.492106	2.898389E-8	0.000000	0.000000	0.000000	0.000000	0.000000	0.000000
5.424000E-6	0.694377	2.818523E-8	8.424000E-6	0.497224	2.938412E-8	0.000000	0.000000	0.000000	0.000000	0.000000	0.000000
5.424000E-6	0.701186	2.819354E-8	8.424000E-6	0.493538	2.936865E-8	0.000000	0.000000	0.000000	0.000000	0.000000	0.000000
5.424000E-6	0.706890	2.795883E-8	8.424000E-6	0.498158	2.924082E-8	0.000000	0.000000	0.000000	0.000000	0.000000	0.000000
5.420000E-6	0.672452	2.861357E-8	8.420000E-6	0.499241	2.897976E-8	0.000000	0.000000	0.000000	0.000000	0.000000	0.000000
5.424000E-6	0.707149	2.797172E-8	8.424000E-6	0.480300	2.966103E-8	0.000000	0.000000	0.000000	0.000000	0.000000	0.000000
5.424000E-6	0.700241	2.812339E-8	8.424000E-6	0.497034	2.890941E-8	0.000000	0.000000	0.000000	0.000000	0.000000	0.000000
5.424000E-6	0.695731	2.826537E-8	8.424000E-6	0.499394	2.906910E-8	0.000000	0.000000	0.000000	0.000000	0.000000	0.000000
5.424000E-6	0.692785	2.855376E-8	8.424000E-6	0.496905	2.926658E-8	0.000000	0.000000	0.000000	0.000000	0.000000	0.000000
5.424000E-6	0.695519	2.841264E-8	8.424000E-6	0.492052	2.943210E-8	0.000000	0.000000	0.000000	0.000000	0.000000	0.000000
5.424000E-6	0.696639	2.811978E-8	8.424000E-6	0.497083	2.926818E-8	0.000000	0.000000	0.000000	0.000000	0.000000	0.000000
5.424000E-6	0.699440	2.776502E-8	8.424000E-6	0.500562	2.908712E-8	0.000000	0.000000	0.000000	0.000000	0.000000	0.000000
5.420000E-6	0.702298	2.773127E-8	8.420000E-6	0.500269	2.917056E-8	0.000000	0.000000	0.000000	0.000000	0.000000	0.000000
5.424000E-6	0.700334	2.774724E-8	8.424000E-6	0.479344	2.956446E-8	0.000000	0.000000	0.000000	0.000000	0.000000	0.000000
5.424000E-6	0.696373	2.802004E-8	8.424000E-6	0.499982	2.902454E-8	0.000000	0.000000	0.000000	0.000000	0.000000	0.000000
5.424000E-6	0.691482	2.837463E-8	8.424000E-6	0.496952	2.914400E-8	0.000000	0.000000	0.000000	0.000000	0.000000	0.000000
5.424000E-6	0.694995	2.850244E-8	8.424000E-6	0.496763	2.916220E-8	0.000000	0.000000	0.000000	0.000000	0.000000	0.000000
5.424000E-6	0.703126	2.831663E-8	8.424000E-6	0.496046	2.953619E-8	0.000000	0.000000	0.000000	0.000000	0.000000	0.000000
5.424000E-6	0.703788	2.807036E-8	8.424000E-6	0.493663	2.945672E-8	0.000000	0.000000	0.000000	0.000000	0.000000	0.000000
5.420000E-6	0.697491	2.774668E-8	8.424000E-6	0.499758	2.914599E-8	0.000000	0.000000	0.000000	0.000000	0.000000	0.000000
5.420000E-6	0.705366	2.788445E-8	8.420000E-6	0.497315	2.898599E-8	0.000000	0.000000	0.000000	0.000000	0.000000	0.000000
5.424000E-6	0.699304	2.795119E-8	8.424000E-6	0.477391	2.966877E-8	0.000000	0.000000	0.000000	0.000000	0.000000	0.000000
5.424000E-6	0.695315	2.806257E-8	8.424000E-6	0.500320	2.886829E-8	0.000000	0.000000	0.000000	0.000000	0.000000	0.000000
5.424000E-6	0.694180	2.839385E-8	8.424000E-6	0.497674	2.895707E-8	0.000000	0.000000	0.000000	0.000000	0.000000	0.000000
5.424000E-6	0.694718	2.845418E-8	8.424000E-6	0.496989	2.938876E-8	0.000000	0.000000	0.000000	0.000000	0.000000	0.000000
5.424000E-6	0.700610	2.837329E-8	8.424000E-6	0.488762	2.929224E-8	0.000000	0.000000	0.000000	0.000000	0.000000	0.000000
5.424000E-6	0.704542	2.802230E-8	8.424000E-6	0.497509	2.922490E-8	0.000000	0.000000	0.000000	0.000000	0.000000	0.000000
5.420000E-6	0.700806	2.771118E-8	8.424000E-6	0.497996	2.918307E-8	0.000000	0.000000	0.000000	0.000000	0.000000	0.000000
5.420000E-6	0.705417	2.783511E-8	8.420000E-6	0.500591	2.907786E-8	0.000000	0.000000	0.000000	0.000000	0.000000	0.000000
5.424000E-6	0.697914	2.792908E-8	8.424000E-6	0.473588	2.950764E-8	0.000000	0.000000	0.000000	0.000000	0.000000	0.000000
5.424000E-6	0.698326	2.796995E-8	8.424000E-6	0.497609	2.914265E-8	0.000000	0.000000	0.000000	0.000000	0.000000	0.000000
5.424000E-6	0.692321	2.825101E-8	8.424000E-6	0.498311	2.905006E-8	0.000000	0.000000	0.000000	0.000000	0.000000	0.000000
5.424000E-6	0.686675	2.837833E-8	8.424000E-6	0.498290	2.923201E-8	0.000000	0.000000	0.000000	0.000000	0.000000	0.000000
5.424000E-6	0.693453	2.823501E-8	8.424000E-6	0.495001	2.939102E-8	0.000000	0.000000	0.000000	0.000000	0.000000	0.000000
5.424000E-6	0.700920	2.805276E-8	8.424000E-6	0.498129	2.931466E-8	0.000000	0.000000	0.000000	0.000000	0.000000	0.000000
5.420000E-6	0.704136	2.794731E-8	8.424000E-6	0.496785	2.903270E-8	0.000000	0.000000	0.000000	0.000000	0.000000	0.000000
5.420000E-6	0.700388	2.775333E-8	8.420000E-6	0.496694	2.889287E-8	0.000000	0.000000	0.000000	0.000000	0.000000	0.000000
5.424000E-6	0.698724	2.792308E-8	8.424000E-6	0.473389	2.962814E-8	0.000000	0.000000	0.000000	0.000000	0.000000	0.000000
5.424000E-6	0.700425	2.823859E-8	8.424000E-6	0.498279	2.888436E-8	0.000000	0.000000	0.000000	0.000000	0.000000	0.000000
5.424000E-6	0.695923	2.848110E-8	8.424000E-6	0.502034	2.908477E-8	0.000000	0.000000	0.000000	0.000000	0.000000	0.000000
5.424000E-6	0.694343	2.849946E-8	8.424000E-6	0.495821	2.933460E-8	0.000000	0.000000	0.000000	0.000000	0.000000	0.000000
5.424000E-6	0.695780	2.813555E-8	8.424000E-6	0.493444	2.943553E-8	0.000000	0.000000	0.000000	0.000000	0.000000	0.000000
5.424000E-6	0.703520	2.796591E-8	8.424000E-6	0.498723	2.927588E-8	0.000000	0.000000	0.000000	0.000000	0.000000	0.000000
5.420000E-6	0.699635	2.771669E-8	8.420000E-6	0.493915	2.898487E-8	0.000000	0.000000	0.000000	0.000000	0.000000	0.000000
5.420000E-6	0.703292	2.782111E-8	8.420000E-6	0.500890	2.883971E-8	0.000000	0.000000	0.000000	0.000000	0.000000	0.000000
5.424000E-6	0.703231	2.791272E-8	8.424000E-6	0.479103	2.980933E-8	0.000000	0.000000	0.000000	0.000000	0.000000	0.000000
5.424000E-6	0.700102	2.826387E-8	8.424000E-6	0.497805	2.899674E-8	0.000000	0.000000	0.000000	0.000000	0.000000	0.000000
5.424000E-6	0.698918	2.843748E-8	8.424000E-6	0.494985	2.917557E-8	0.000000	0.000000	0.000000	0.000000	0.000000	0.000000
5.424000E-6	0.694199	2.834340E-8	8.424000E-6	0.493782	2.939947E-8	0.000000	0.000000	0.000000	0.000000	0.000000	0.000000
5.424000E-6	0.693588	2.797624E-8	8.424000E-6	0.496858	2.938169E-8	0.000000	0.000000	0.000000	0.000000	0.000000	0.000000
5.424000E-6	0.701907	2.782085E-8	8.424000E-6	0.496137	2.918754E-8	0.000000	0.000000	0.000000	0.000000	0.000000	0.000000
5.420000E-6	0.569844	3.113576E-8	8.420000E-6	0.499636	2.917135E-8	0.000000	0.000000	0.000000	0.000000	0.000000	0.000000
5.424000E-6	0.700579	2.779380E-8	8.424000E-6	0.476923	2.964343E-8	0.000000	0.000000	0.000000	0.000000	0.000000	0.000000
5.424000E-6	0.695921	2.805271E-8	8.424000E-6	0.499558	2.889291E-8	0.000000	0.000000	0.000000	0.000000	0.000000	0.000000
5.424000E-6	0.692783	2.826307E-8	8.424000E-6	0.499683	2.907593E-8	0.000000	0.000000	0.000000	0.000000	0.000000	0.000000
5.424000E-6	0.692912	2.845221E-8	8.424000E-6	0.497107	2.924219E-8	0.000000	0.000000	0.000000	0.000000	0.000000	0.000000
5.424000E-6	0.692954	2.814584E-8	8.424000E-6	0.495720	2.958791E-8	0.000000	0.000000	0.000000	0.000000	0.000000	0.000000
5.424000E-6	0.700219	2.801319E-8	8.424000E-6	0.495969	2.933498E-8	0.000000	0.000000	0.000000	0.000000	0.000000	0.000000
5.420000E-6	0.700870	2.780771E-8	8.424000E-6	0.504562	2.914667E-8	0.000000	0.000000	0.000000	0.000000	0.000000	0.000000
5.420000E-6	0.702759	2.780338E-8	8.420000E-6	0.501852	2.902478E-8	0.000000	0.000000	0.000000	0.000000	0.000000	0.000000
5.424000E-6	0.699399	2.799765E-8	8.424000E-6	0.478193	2.976410E-8	0.000000	0.000000	0.000000	0.000000	0.000000	0.000000
5.424000E-6	0.695871	2.802356E-8	8.424000E-6	0.498329	2.897975E-8	0.000000	0.000000	0.000000	0.000000	0.000000	0.000000
5.424000E-6	0.694708	2.852752E-8	8.424000E-6	0.497394	2.905861E-8	0.000000	0.000000	0.000000	0.000000	0.000000	0.000000
5.424000E-6	0.698426	2.832425E-8	8.424000E-6	0.497288	2.938606E-8	0.000000	0.000000	0.000000	0.000000	0.000000	0.000000
5.424000E-6	0.696612	2.810225E-8	8.424000E-6	0.490994	2.946110E-8	0.000000	0.000000	0.000000	0.000000	0.000000	0.000000
5.424000E-6	0.700240	2.782640E-8	8.424000E-6	0.500614	2.926471E-8	0.000000	0.000000	0.000000	0.000000	0.000000	0.000000
5.420000E-6	0.674175	2.850924E-8	8.420000E-6	0.496433	2.884921E-8	0.000000	0.000000	0.000000	0.000000	0.000000	0.000000
5.424000E-6	0.701209	2.782016E-8	8.424000E-6	0.473843	2.947631E-8	0.000000	0.000000	0.000000	0.000000	0.000000	0.000000
5.424000E-6	0.703842	2.803669E-8	8.424000E-6	0.498911	2.909090E-8	0.000000	0.000000	0.000000	0.000000	0.000000	0.000000
5.424000E-6	0.692189	2.824135E-8	8.424000E-6	0.493877	2.880854E-8	0.000000	0.000000	0.000000	0.000000	0.000000	0.000000
5.424000E-6	0.691814	2.850317E-8	8.424000E-6	0.497077	2.925584E-8	0.000000	0.000000	0.000000	0.000000	0.000000	0.000000
5.424000E-6	0.695883	2.823674E-8	8.424000E-6	0.492936	2.943872E-8	0.000000	0.000000	0.000000	0.000000	0.000000	0.000000
5.424000E-6	0.695549	2.791354E-8	8.424000E-6	0.494003	2.933836E-8	0.000000	0.000000	0.000000	0.000000	0.000000	0.000000
5.420000E-6	0.699652	2.776583E-8	8.424000E-6	0.497100	2.897512E-8	0.000000	0.000000	0.000000	0.000000	0.000000	0.000000
5.420000E-6	0.703579	2.781107E-8	8.420000E-6	0.494842	2.888143E-8	0.000000	0.000000	0.000000	0.000000	0.000000	0.000000
5.424000E-6	0.698120	2.785419E-8	8.424000E-6	0.477148	2.969164E-8	0.000000	0.000000	0.000000	0.000000	0.000000	0.000000
5.424000E-6	0.694769	2.814643E-8	8.424000E-6	0.498486	2.900991E-8	0.000000	0.000000	0.000000	0.000000	0.000000	0.000000
5.424000E-6	0.695829	2.838216E-8	8.424000E-6	0.494720	2.896631E-8	0.000000	0.000000	0.000000	0.000000	0.000000	0.000000
5.424000E-6	0.697626	2.846744E-8	8.424000E-6	0.496245	2.938102E-8	0.000000	0.000000	0.000000	0.000000	0.000000	0.000000
5.424000E-6	0.697968	2.833851E-8	8.424000E-6	0.492628	2.940352E-8	0.000000	0.000000	0.000000	0.000000	0.000000	0.000000
5.424000E-6	0.702253	2.819067E-8	8.424000E-6	0.498371	2.930219E-8	0.000000	0.000000	0.000000	0.000000	0.000000	0.000000
5.420000E-6	0.703542	2.777554E-8	8.424000E-6	0.501589	2.905844E-8	0.000000	0.000000	0.000000	0.000000	0.000000	0.000000
5.420000E-6	0.704748	2.777078E-8	8.420000E-6	0.498016	2.888700E-8	0.000000	0.000000	0.000000	0.000000	0.000000	0.000000
5.424000E-6	0.704195	2.804977E-8	8.424000E-6	0.478628	2.970457E-8	0.000000	0.000000	0.000000	0.000000	0.000000	0.000000
5.424000E-6	0.693764	2.814530E-8	8.424000E-6	0.499380	2.888992E-8	0.000000	0.000000	0.000000	0.000000	0.000000	0.000000
5.424000E-6	0.692844	2.852930E-8	8.424000E-6	0.497612	2.923749E-8	0.000000	0.000000	0.000000	0.000000	0.000000	0.000000
5.424000E-6	0.695442	2.846941E-8	8.424000E-6	0.492944	2.928760E-8	0.000000	0.000000	0.000000	0.000000	0.000000	0.000000
5.424000E-6	0.702347	2.820642E-8	8.424000E-6	0.497145	2.933159E-8	0.000000	0.000000	0.000000	0.000000	0.000000	0.000000
5.424000E-6	0.701361	2.788225E-8	8.424000E-6	0.497514	2.932206E-8	0.000000	0.000000	0.000000	0.000000	0.000000	0.000000
5.420000E-6	0.571800	3.117459E-8	8.420000E-6	0.496002	2.897644E-8	0.000000	0.000000	0.000000	0.000000	0.000000	0.000000
