Trigger Count=612	Output Count=612	Elapsed Time=06.114	Number of Pulses CH0=2	Number of Pulses CH1=0
ple rate (Hz)=2.50E+8	Min record length=11364	Trigger level (V)=0.1000	Channel 0 threshold (V)=0.0600	Channel 1 threshold (V)=0.0600	Range (microseconds)=40.0000	Pulse 2 delay (microseconds)=1.0000	Lower cut-off frequency (Hz)=3.00E+7
                             	                             
Ch0_time1 (s)	Ch0_amp1 (V)	Ch0_width1 (s)	Ch0_time2 (s)	Ch0_amp2 (V)	Ch0_width2 (s)	Ch1_time1 (s)	Ch1_amp1 (V)	Ch1_width1 (s)	Ch1_time2 (s)	Ch1_amp2 (V)	Ch1_width2 (s)
5.424000E-6	0.703058	2.820524E-8	8.424000E-6	0.143488	2.904330E-8	0.000000	0.000000	0.000000	0.000000	0.000000	0.000000
5.424000E-6	0.696673	2.780854E-8	8.424000E-6	0.148587	2.877458E-8	0.000000	0.000000	0.000000	0.000000	0.000000	0.000000
5.420000E-6	0.670778	2.847400E-8	8.424000E-6	0.146260	2.892483E-8	0.000000	0.000000	0.000000	0.000000	0.000000	0.000000
5.424000E-6	0.698828	2.792596E-8	8.428000E-6	0.145909	2.890120E-8	0.000000	0.000000	0.000000	0.000000	0.000000	0.000000
5.424000E-6	0.700864	2.816610E-8	8.424000E-6	0.144835	2.937489E-8	0.000000	0.000000	0.000000	0.000000	0.000000	0.000000
5.424000E-6	0.688497	2.840988E-8	8.424000E-6	0.146547	2.882408E-8	0.000000	0.000000	0.000000	0.000000	0.000000	0.000000
5.424000E-6	0.696687	2.833054E-8	8.424000E-6	0.146248	2.869821E-8	0.000000	0.000000	0.000000	0.000000	0.000000	0.000000
5.424000E-6	0.695854	2.796471E-8	8.424000E-6	0.145223	2.896589E-8	0.000000	0.000000	0.000000	0.000000	0.000000	0.000000
5.420000E-6	0.703304	2.784653E-8	8.424000E-6	0.148732	2.880867E-8	0.000000	0.000000	0.000000	0.000000	0.000000	0.000000
5.424000E-6	0.704076	2.781509E-8	8.428000E-6	0.147330	2.907412E-8	0.000000	0.000000	0.000000	0.000000	0.000000	0.000000
5.424000E-6	0.696866	2.794663E-8	8.428000E-6	0.146980	2.863019E-8	0.000000	0.000000	0.000000	0.000000	0.000000	0.000000
5.424000E-6	0.695550	2.839857E-8	8.424000E-6	0.144000	2.932107E-8	0.000000	0.000000	0.000000	0.000000	0.000000	0.000000
5.424000E-6	0.693112	2.837112E-8	8.424000E-6	0.141759	2.914476E-8	0.000000	0.000000	0.000000	0.000000	0.000000	0.000000
5.424000E-6	0.694467	2.826430E-8	8.424000E-6	0.146663	2.960297E-8	0.000000	0.000000	0.000000	0.000000	0.000000	0.000000
5.424000E-6	0.697293	2.788406E-8	8.424000E-6	0.144597	2.923175E-8	0.000000	0.000000	0.000000	0.000000	0.000000	0.000000
5.420000E-6	0.672988	2.851044E-8	8.424000E-6	0.146118	2.913660E-8	0.000000	0.000000	0.000000	0.000000	0.000000	0.000000
5.424000E-6	0.702270	2.779815E-8	8.428000E-6	0.148544	2.875953E-8	0.000000	0.000000	0.000000	0.000000	0.000000	0.000000
5.424000E-6	0.699065	2.818171E-8	8.424000E-6	0.146223	2.930995E-8	0.000000	0.000000	0.000000	0.000000	0.000000	0.000000
5.424000E-6	0.686342	2.835918E-8	8.424000E-6	0.142570	2.922472E-8	0.000000	0.000000	0.000000	0.000000	0.000000	0.000000
5.424000E-6	0.695382	2.840541E-8	8.424000E-6	0.146983	2.914606E-8	0.000000	0.000000	0.000000	0.000000	0.000000	0.000000
5.424000E-6	0.696891	2.797740E-8	8.424000E-6	0.146191	2.911406E-8	0.000000	0.000000	0.000000	0.000000	0.000000	0.000000
5.420000E-6	0.699057	2.780827E-8	8.424000E-6	0.144061	2.915537E-8	0.000000	0.000000	0.000000	0.000000	0.000000	0.000000
5.420000E-6	0.698578	2.796408E-8	8.424000E-6	0.144694	2.924532E-8	0.000000	0.000000	0.000000	0.000000	0.000000	0.000000
5.424000E-6	0.697719	2.812676E-8	8.428000E-6	0.147851	2.882289E-8	0.000000	0.000000	0.000000	0.000000	0.000000	0.000000
5.424000E-6	0.695269	2.826570E-8	8.424000E-6	0.145933	2.988078E-8	0.000000	0.000000	0.000000	0.000000	0.000000	0.000000
5.424000E-6	0.691734	2.824260E-8	8.424000E-6	0.142878	2.946283E-8	0.000000	0.000000	0.000000	0.000000	0.000000	0.000000
5.424000E-6	0.698635	2.820987E-8	8.424000E-6	0.144539	2.921478E-8	0.000000	0.000000	0.000000	0.000000	0.000000	0.000000
5.424000E-6	0.703553	2.800180E-8	8.424000E-6	0.144824	2.923528E-8	0.000000	0.000000	0.000000	0.000000	0.000000	0.000000
5.420000E-6	0.674372	2.863932E-8	8.424000E-6	0.146607	2.953777E-8	0.000000	0.000000	0.000000	0.000000	0.000000	0.000000
5.424000E-6	0.700104	2.795579E-8	8.428000E-6	0.144909	2.870902E-8	0.000000	0.000000	0.000000	0.000000	0.000000	0.000000
5.424000E-6	0.693141	2.812883E-8	8.424000E-6	0.147867	2.868301E-8	0.000000	0.000000	0.000000	0.000000	0.000000	0.000000
5.424000E-6	0.694984	2.844235E-8	8.424000E-6	0.145175	2.892870E-8	0.000000	0.000000	0.000000	0.000000	0.000000	0.000000
5.424000E-6	0.691100	2.827004E-8	8.424000E-6	0.146328	2.987447E-8	0.000000	0.000000	0.000000	0.000000	0.000000	0.000000
5.424000E-6	0.700836	2.800926E-8	8.424000E-6	0.143857	2.968650E-8	0.000000	0.000000	0.000000	0.000000	0.000000	0.000000
5.420000E-6	0.705691	2.791910E-8	8.424000E-6	0.147394	2.919865E-8	0.000000	0.000000	0.000000	0.000000	0.000000	0.000000
5.420000E-6	0.698129	2.783126E-8	8.424000E-6	0.141891	2.959383E-8	0.000000	0.000000	0.000000	0.000000	0.000000	0.000000
5.424000E-6	0.699286	2.805754E-8	8.428000E-6	0.145263	2.850724E-8	0.000000	0.000000	0.000000	0.000000	0.000000	0.000000
5.424000E-6	0.697507	2.834394E-8	8.424000E-6	0.149068	2.891966E-8	0.000000	0.000000	0.000000	0.000000	0.000000	0.000000
5.424000E-6	0.693771	2.845611E-8	8.424000E-6	0.141938	2.939360E-8	0.000000	0.000000	0.000000	0.000000	0.000000	0.000000
5.424000E-6	0.699856	2.824930E-8	8.424000E-6	0.144963	2.933675E-8	0.000000	0.000000	0.000000	0.000000	0.000000	0.000000
5.424000E-6	0.702983	2.783903E-8	8.424000E-6	0.146546	2.943513E-8	0.000000	0.000000	0.000000	0.000000	0.000000	0.000000
5.420000E-6	0.695475	2.776141E-8	8.424000E-6	0.146395	2.876131E-8	0.000000	0.000000	0.000000	0.000000	0.000000	0.000000
5.424000E-6	0.701568	2.798971E-8	8.428000E-6	0.144154	2.900193E-8	0.000000	0.000000	0.000000	0.000000	0.000000	0.000000
5.424000E-6	0.700691	2.826732E-8	8.424000E-6	0.148828	2.895077E-8	0.000000	0.000000	0.000000	0.000000	0.000000	0.000000
5.424000E-6	0.690667	2.837254E-8	8.424000E-6	0.145685	2.934626E-8	0.000000	0.000000	0.000000	0.000000	0.000000	0.000000
5.424000E-6	0.695208	2.819267E-8	8.424000E-6	0.146731	2.940189E-8	0.000000	0.000000	0.000000	0.000000	0.000000	0.000000
5.424000E-6	0.696640	2.801757E-8	8.424000E-6	0.143516	2.905302E-8	0.000000	0.000000	0.000000	0.000000	0.000000	0.000000
5.420000E-6	0.700377	2.772445E-8	8.424000E-6	0.146073	2.905255E-8	0.000000	0.000000	0.000000	0.000000	0.000000	0.000000
5.420000E-6	0.698492	2.776474E-8	8.424000E-6	0.147059	2.885180E-8	0.000000	0.000000	0.000000	0.000000	0.000000	0.000000
5.424000E-6	0.701967	2.802320E-8	8.428000E-6	0.143664	2.912822E-8	0.000000	0.000000	0.000000	0.000000	0.000000	0.000000
5.424000E-6	0.697566	2.829713E-8	8.424000E-6	0.145855	2.913872E-8	0.000000	0.000000	0.000000	0.000000	0.000000	0.000000
5.424000E-6	0.691663	2.847951E-8	8.424000E-6	0.144492	2.917823E-8	0.000000	0.000000	0.000000	0.000000	0.000000	0.000000
5.424000E-6	0.691964	2.808290E-8	8.424000E-6	0.145914	2.931430E-8	0.000000	0.000000	0.000000	0.000000	0.000000	0.000000
5.424000E-6	0.695215	2.796357E-8	8.424000E-6	0.144794	2.958825E-8	0.000000	0.000000	0.000000	0.000000	0.000000	0.000000
5.420000E-6	0.568806	3.105782E-8	8.424000E-6	0.144469	2.882549E-8	0.000000	0.000000	0.000000	0.000000	0.000000	0.000000
5.424000E-6	0.704385	2.798499E-8	8.428000E-6	0.138861	3.001945E-8	0.000000	0.000000	0.000000	0.000000	0.000000	0.000000
5.424000E-6	0.700123	2.811389E-8	8.424000E-6	0.145127	2.898280E-8	0.000000	0.000000	0.000000	0.000000	0.000000	0.000000
5.424000E-6	0.694511	2.829439E-8	8.424000E-6	0.145395	2.900845E-8	0.000000	0.000000	0.000000	0.000000	0.000000	0.000000
5.424000E-6	0.688077	2.836482E-8	8.424000E-6	0.145355	2.890536E-8	0.000000	0.000000	0.000000	0.000000	0.000000	0.000000
5.424000E-6	0.691597	2.806496E-8	8.424000E-6	0.147223	2.932983E-8	0.000000	0.000000	0.000000	0.000000	0.000000	0.000000
5.424000E-6	0.697414	2.788939E-8	8.424000E-6	0.147066	2.916811E-8	0.000000	0.000000	0.000000	0.000000	0.000000	0.000000
5.420000E-6	0.675021	2.867672E-8	8.424000E-6	0.144524	2.885926E-8	0.000000	0.000000	0.000000	0.000000	0.000000	0.000000
5.424000E-6	0.699597	2.779480E-8	8.428000E-6	0.139116	2.989634E-8	0.000000	0.000000	0.000000	0.000000	0.000000	0.000000
5.424000E-6	0.694732	2.800339E-8	8.424000E-6	0.149910	2.873627E-8	0.000000	0.000000	0.000000	0.000000	0.000000	0.000000
5.424000E-6	0.696525	2.839112E-8	8.424000E-6	0.148309	2.947989E-8	0.000000	0.000000	0.000000	0.000000	0.000000	0.000000
5.424000E-6	0.694898	2.843443E-8	8.424000E-6	0.144123	2.943748E-8	0.000000	0.000000	0.000000	0.000000	0.000000	0.000000
5.424000E-6	0.695873	2.822679E-8	8.424000E-6	0.144984	2.949600E-8	0.000000	0.000000	0.000000	0.000000	0.000000	0.000000
5.424000E-6	0.699424	2.807782E-8	8.424000E-6	0.146022	2.950084E-8	0.000000	0.000000	0.000000	0.000000	0.000000	0.000000
5.420000E-6	0.699947	2.761521E-8	8.424000E-6	0.148687	2.885869E-8	0.000000	0.000000	0.000000	0.000000	0.000000	0.000000
5.424000E-6	0.707062	2.787990E-8	8.428000E-6	0.143957	2.972223E-8	0.000000	0.000000	0.000000	0.000000	0.000000	0.000000
5.424000E-6	0.704855	2.809267E-8	8.428000E-6	0.146496	2.870315E-8	0.000000	0.000000	0.000000	0.000000	0.000000	0.000000
5.424000E-6	0.692511	2.826439E-8	8.424000E-6	0.147929	2.899461E-8	0.000000	0.000000	0.000000	0.000000	0.000000	0.000000
5.424000E-6	0.696580	2.840699E-8	8.424000E-6	0.146864	2.886579E-8	0.000000	0.000000	0.000000	0.000000	0.000000	0.000000
5.424000E-6	0.693044	2.810659E-8	8.424000E-6	0.145225	2.939730E-8	0.000000	0.000000	0.000000	0.000000	0.000000	0.000000
5.424000E-6	0.696747	2.799595E-8	8.424000E-6	0.145350	2.950513E-8	0.000000	0.000000	0.000000	0.000000	0.000000	0.000000
5.420000E-6	0.700643	2.778479E-8	8.424000E-6	0.143189	2.905517E-8	0.000000	0.000000	0.000000	0.000000	0.000000	0.000000
5.424000E-6	0.701551	2.801888E-8	8.428000E-6	0.148930	2.892513E-8	0.000000	0.000000	0.000000	0.000000	0.000000	0.000000
5.424000E-6	0.701823	2.794245E-8	8.428000E-6	0.147015	2.837836E-8	0.000000	0.000000	0.000000	0.000000	0.000000	0.000000
5.424000E-6	0.693185	2.820009E-8	8.424000E-6	0.146410	2.931455E-8	0.000000	0.000000	0.000000	0.000000	0.000000	0.000000
5.424000E-6	0.695246	2.838706E-8	8.424000E-6	0.146896	2.917178E-8	0.000000	0.000000	0.000000	0.000000	0.000000	0.000000
5.424000E-6	0.700070	2.831337E-8	8.424000E-6	0.145924	2.956913E-8	0.000000	0.000000	0.000000	0.000000	0.000000	0.000000
5.424000E-6	0.702999	2.794165E-8	8.424000E-6	0.149669	2.910575E-8	0.000000	0.000000	0.000000	0.000000	0.000000	0.000000
5.420000E-6	0.702791	2.777163E-8	8.424000E-6	0.147118	2.904677E-8	0.000000	0.000000	0.000000	0.000000	0.000000	0.000000
5.424000E-6	0.701184	2.789477E-8	8.428000E-6	0.142182	2.951718E-8	0.000000	0.000000	0.000000	0.000000	0.000000	0.000000
5.424000E-6	0.697180	2.811230E-8	8.428000E-6	0.147869	2.886576E-8	0.000000	0.000000	0.000000	0.000000	0.000000	0.000000
5.424000E-6	0.694167	2.837304E-8	8.424000E-6	0.145026	2.890560E-8	0.000000	0.000000	0.000000	0.000000	0.000000	0.000000
5.424000E-6	0.694960	2.848423E-8	8.424000E-6	0.144018	2.924687E-8	0.000000	0.000000	0.000000	0.000000	0.000000	0.000000
5.424000E-6	0.697620	2.804247E-8	8.424000E-6	0.147560	2.932106E-8	0.000000	0.000000	0.000000	0.000000	0.000000	0.000000
5.424000E-6	0.696819	2.780561E-8	8.424000E-6	0.143923	2.959622E-8	0.000000	0.000000	0.000000	0.000000	0.000000	0.000000
5.420000E-6	0.671150	2.851088E-8	8.424000E-6	0.144960	2.890153E-8	0.000000	0.000000	0.000000	0.000000	0.000000	0.000000
5.424000E-6	0.701636	2.788309E-8	8.428000E-6	0.146889	2.848559E-8	0.000000	0.000000	0.000000	0.000000	0.000000	0.000000
5.424000E-6	0.698760	2.822464E-8	8.424000E-6	0.145843	2.946572E-8	0.000000	0.000000	0.000000	0.000000	0.000000	0.000000
5.424000E-6	0.690092	2.838864E-8	8.424000E-6	0.143387	2.920204E-8	0.000000	0.000000	0.000000	0.000000	0.000000	0.000000
5.424000E-6	0.691138	2.818146E-8	8.424000E-6	0.143915	2.926973E-8	0.000000	0.000000	0.000000	0.000000	0.000000	0.000000
5.424000E-6	0.705107	2.816727E-8	8.424000E-6	0.146505	2.922969E-8	0.000000	0.000000	0.000000	0.000000	0.000000	0.000000
5.424000E-6	0.703206	2.791145E-8	8.424000E-6	0.144533	2.919903E-8	0.000000	0.000000	0.000000	0.000000	0.000000	0.000000
5.420000E-6	0.704741	2.791158E-8	8.424000E-6	0.143861	2.900393E-8	0.000000	0.000000	0.000000	0.000000	0.000000	0.000000
5.424000E-6	0.701879	2.802807E-8	8.428000E-6	0.141105	2.975835E-8	0.000000	0.000000	0.000000	0.000000	0.000000	0.000000
5.424000E-6	0.697932	2.813432E-8	8.424000E-6	0.148034	2.866786E-8	0.000000	0.000000	0.000000	0.000000	0.000000	0.000000
5.424000E-6	0.693694	2.833339E-8	8.424000E-6	0.146622	2.933879E-8	0.000000	0.000000	0.000000	0.000000	0.000000	0.000000
5.424000E-6	0.694918	2.836242E-8	8.424000E-6	0.141014	2.927996E-8	0.000000	0.000000	0.000000	0.000000	0.000000	0.000000
5.424000E-6	0.698094	2.791566E-8	8.424000E-6	0.145462	2.950612E-8	0.000000	0.000000	0.000000	0.000000	0.000000	0.000000
5.420000E-6	0.702671	2.798635E-8	8.424000E-6	0.146216	2.954179E-8	0.000000	0.000000	0.000000	0.000000	0.000000	0.000000
5.420000E-6	0.702518	2.792275E-8	8.424000E-6	0.139886	2.998842E-8	0.000000	0.000000	0.000000	0.000000	0.000000	0.000000
5.424000E-6	0.701854	2.803781E-8	8.428000E-6	0.146573	2.921133E-8	0.000000	0.000000	0.000000	0.000000	0.000000	0.000000
5.424000E-6	0.693055	2.816023E-8	8.424000E-6	0.147702	2.889257E-8	0.000000	0.000000	0.000000	0.000000	0.000000	0.000000
5.424000E-6	0.694110	2.846180E-8	8.424000E-6	0.144795	2.896128E-8	0.000000	0.000000	0.000000	0.000000	0.000000	0.000000
5.424000E-6	0.694086	2.812234E-8	8.424000E-6	0.145467	2.944625E-8	0.000000	0.000000	0.000000	0.000000	0.000000	0.000000
5.424000E-6	0.699348	2.791271E-8	8.424000E-6	0.148617	2.898614E-8	0.000000	0.000000	0.000000	0.000000	0.000000	0.000000
5.420000E-6	0.701594	2.768542E-8	8.424000E-6	0.149060	2.899483E-8	0.000000	0.000000	0.000000	0.000000	0.000000	0.000000
5.424000E-6	0.696315	2.789516E-8	8.428000E-6	0.141203	2.988634E-8	0.000000	0.000000	0.000000	0.000000	0.000000	0.000000
5.424000E-6	0.693932	2.803573E-8	8.424000E-6	0.148754	2.899671E-8	0.000000	0.000000	0.000000	0.000000	0.000000	0.000000
5.424000E-6	0.692400	2.836677E-8	8.424000E-6	0.145494	2.891003E-8	0.000000	0.000000	0.000000	0.000000	0.000000	0.000000
5.424000E-6	0.689103	2.831185E-8	8.424000E-6	0.147042	2.913352E-8	0.000000	0.000000	0.000000	0.000000	0.000000	0.000000
5.424000E-6	0.693745	2.798463E-8	8.424000E-6	0.143810	2.919906E-8	0.000000	0.000000	0.000000	0.000000	0.000000	0.000000
5.424000E-6	0.702640	2.785698E-8	8.424000E-6	0.147526	2.958816E-8	0.000000	0.000000	0.000000	0.000000	0.000000	0.000000
5.420000E-6	0.422481	3.509117E-8	8.424000E-6	0.140748	3.001392E-8	0.000000	0.000000	0.000000	0.000000	0.000000	0.000000
5.424000E-6	0.698755	2.787455E-8	8.428000E-6	0.148174	2.887320E-8	0.000000	0.000000	0.000000	0.000000	0.000000	0.000000
5.424000E-6	0.692091	2.815226E-8	8.424000E-6	0.144316	2.929516E-8	0.000000	0.000000	0.000000	0.000000	0.000000	0.000000
5.424000E-6	0.695386	2.841313E-8	8.424000E-6	0.144641	2.914600E-8	0.000000	0.000000	0.000000	0.000000	0.000000	0.000000
5.424000E-6	0.695918	2.850947E-8	8.424000E-6	0.143277	2.971760E-8	0.000000	0.000000	0.000000	0.000000	0.000000	0.000000
5.424000E-6	0.700991	2.820177E-8	8.424000E-6	0.145353	2.942233E-8	0.000000	0.000000	0.000000	0.000000	0.000000	0.000000
5.424000E-6	0.702291	2.792250E-8	8.424000E-6	0.145009	2.913893E-8	0.000000	0.000000	0.000000	0.000000	0.000000	0.000000
5.420000E-6	0.706510	2.782753E-8	8.424000E-6	0.140908	2.980153E-8	0.000000	0.000000	0.000000	0.000000	0.000000	0.000000
5.424000E-6	0.702737	2.788699E-8	8.428000E-6	0.148640	2.887487E-8	0.000000	0.000000	0.000000	0.000000	0.000000	0.000000
5.424000E-6	0.697759	2.809792E-8	8.424000E-6	0.146898	2.860767E-8	0.000000	0.000000	0.000000	0.000000	0.000000	0.000000
5.424000E-6	0.690417	2.826994E-8	8.424000E-6	0.146397	2.919595E-8	0.000000	0.000000	0.000000	0.000000	0.000000	0.000000
5.424000E-6	0.695022	2.859770E-8	8.424000E-6	0.146315	2.952307E-8	0.000000	0.000000	0.000000	0.000000	0.000000	0.000000
5.424000E-6	0.698636	2.819236E-8	8.424000E-6	0.146569	2.938723E-8	0.000000	0.000000	0.000000	0.000000	0.000000	0.000000
5.424000E-6	0.698872	2.783957E-8	8.424000E-6	0.146070	2.934356E-8	0.000000	0.000000	0.000000	0.000000	0.000000	0.000000
5.420000E-6	0.675349	2.853951E-8	8.424000E-6	0.148403	2.870370E-8	0.000000	0.000000	0.000000	0.000000	0.000000	0.000000
5.424000E-6	0.697577	2.792895E-8	8.428000E-6	0.140435	2.975359E-8	0.000000	0.000000	0.000000	0.000000	0.000000	0.000000
5.424000E-6	0.701160	2.812158E-8	8.424000E-6	0.149698	2.912312E-8	0.000000	0.000000	0.000000	0.000000	0.000000	0.000000
5.424000E-6	0.689064	2.820745E-8	8.424000E-6	0.145190	2.899788E-8	0.000000	0.000000	0.000000	0.000000	0.000000	0.000000
5.424000E-6	0.693404	2.841434E-8	8.424000E-6	0.146191	2.871016E-8	0.000000	0.000000	0.000000	0.000000	0.000000	0.000000
5.424000E-6	0.695377	2.821554E-8	8.424000E-6	0.146971	2.917523E-8	0.000000	0.000000	0.000000	0.000000	0.000000	0.000000
5.420000E-6	0.705421	2.792259E-8	8.424000E-6	0.145824	2.908192E-8	0.000000	0.000000	0.000000	0.000000	0.000000	0.000000
5.420000E-6	0.704022	2.780950E-8	8.424000E-6	0.139141	2.933030E-8	0.000000	0.000000	0.000000	0.000000	0.000000	0.000000
5.424000E-6	0.695060	2.780283E-8	8.428000E-6	0.148465	2.870521E-8	0.000000	0.000000	0.000000	0.000000	0.000000	0.000000
5.424000E-6	0.701882	2.825767E-8	8.424000E-6	0.144600	2.860295E-8	0.000000	0.000000	0.000000	0.000000	0.000000	0.000000
5.424000E-6	0.694573	2.840410E-8	8.424000E-6	0.146510	2.896489E-8	0.000000	0.000000	0.000000	0.000000	0.000000	0.000000
5.424000E-6	0.694329	2.841354E-8	8.424000E-6	0.147428	2.918233E-8	0.000000	0.000000	0.000000	0.000000	0.000000	0.000000
5.424000E-6	0.697604	2.800615E-8	8.424000E-6	0.146480	2.941950E-8	0.000000	0.000000	0.000000	0.000000	0.000000	0.000000
5.424000E-6	0.704606	2.792594E-8	8.424000E-6	0.146786	2.914245E-8	0.000000	0.000000	0.000000	0.000000	0.000000	0.000000
5.420000E-6	0.702142	2.775099E-8	8.424000E-6	0.148670	2.886252E-8	0.000000	0.000000	0.000000	0.000000	0.000000	0.000000
5.424000E-6	0.700407	2.785551E-8	8.428000E-6	0.143440	2.997861E-8	0.000000	0.000000	0.000000	0.000000	0.000000	0.000000
5.424000E-6	0.694121	2.820082E-8	8.424000E-6	0.148255	2.909304E-8	0.000000	0.000000	0.000000	0.000000	0.000000	0.000000
5.424000E-6	0.690781	2.830093E-8	8.424000E-6	0.145246	2.886782E-8	0.000000	0.000000	0.000000	0.000000	0.000000	0.000000
5.424000E-6	0.693557	2.844814E-8	8.424000E-6	0.145279	2.897504E-8	0.000000	0.000000	0.000000	0.000000	0.000000	0.000000
5.424000E-6	0.702482	2.816872E-8	8.424000E-6	0.146318	2.930794E-8	0.000000	0.000000	0.000000	0.000000	0.000000	0.000000
5.424000E-6	0.699180	2.774934E-8	8.424000E-6	0.143960	2.949485E-8	0.000000	0.000000	0.000000	0.000000	0.000000	0.000000
5.420000E-6	0.428823	3.528082E-8	8.424000E-6	0.148275	2.910025E-8	0.000000	0.000000	0.000000	0.000000	0.000000	0.000000
5.424000E-6	0.706448	2.794396E-8	8.428000E-6	0.143994	2.932086E-8	0.000000	0.000000	0.000000	0.000000	0.000000	0.000000
5.424000E-6	0.692519	2.793685E-8	8.424000E-6	0.150541	2.869798E-8	0.000000	0.000000	0.000000	0.000000	0.000000	0.000000
5.424000E-6	0.691759	2.824557E-8	8.424000E-6	0.146638	2.915471E-8	0.000000	0.000000	0.000000	0.000000	0.000000	0.000000
5.424000E-6	0.695743	2.849101E-8	8.424000E-6	0.146506	2.880520E-8	0.000000	0.000000	0.000000	0.000000	0.000000	0.000000
5.424000E-6	0.698726	2.832220E-8	8.424000E-6	0.143415	2.950025E-8	0.000000	0.000000	0.000000	0.000000	0.000000	0.000000
5.424000E-6	0.700742	2.805400E-8	8.424000E-6	0.146669	2.910405E-8	0.000000	0.000000	0.000000	0.000000	0.000000	0.000000
5.420000E-6	0.566231	3.107826E-8	8.424000E-6	0.149929	2.914650E-8	0.000000	0.000000	0.000000	0.000000	0.000000	0.000000
5.424000E-6	0.700779	2.775076E-8	8.428000E-6	0.140365	2.964134E-8	0.000000	0.000000	0.000000	0.000000	0.000000	0.000000
5.424000E-6	0.696070	2.791176E-8	8.424000E-6	0.145645	2.920911E-8	0.000000	0.000000	0.000000	0.000000	0.000000	0.000000
5.424000E-6	0.691026	2.819605E-8	8.424000E-6	0.140504	2.925621E-8	0.000000	0.000000	0.000000	0.000000	0.000000	0.000000
5.424000E-6	0.692521	2.845203E-8	8.424000E-6	0.145078	2.933229E-8	0.000000	0.000000	0.000000	0.000000	0.000000	0.000000
5.424000E-6	0.699729	2.808823E-8	8.424000E-6	0.145780	2.952904E-8	0.000000	0.000000	0.000000	0.000000	0.000000	0.000000
5.424000E-6	0.696056	2.791221E-8	8.424000E-6	0.146766	2.942638E-8	0.000000	0.000000	0.000000	0.000000	0.000000	0.000000
5.420000E-6	0.705282	2.780900E-8	8.424000E-6	0.148425	2.919805E-8	0.000000	0.000000	0.000000	0.000000	0.000000	0.000000
5.424000E-6	0.700862	2.796059E-8	8.428000E-6	0.141592	2.949035E-8	0.000000	0.000000	0.000000	0.000000	0.000000	0.000000
5.424000E-6	0.699025	2.817449E-8	8.424000E-6	0.150264	2.853994E-8	0.000000	0.000000	0.000000	0.000000	0.000000	0.000000
5.424000E-6	0.696155	2.829734E-8	8.424000E-6	0.145974	2.898222E-8	0.000000	0.000000	0.000000	0.000000	0.000000	0.000000
5.424000E-6	0.689804	2.835718E-8	8.424000E-6	0.145838	2.930456E-8	0.000000	0.000000	0.000000	0.000000	0.000000	0.000000
5.424000E-6	0.696046	2.802349E-8	8.424000E-6	0.146372	2.940065E-8	0.000000	0.000000	0.000000	0.000000	0.000000	0.000000
5.424000E-6	0.697618	2.790774E-8	8.424000E-6	0.146540	2.908730E-8	0.000000	0.000000	0.000000	0.000000	0.000000	0.000000
5.420000E-6	0.704229	2.781024E-8	8.424000E-6	0.137771	3.017866E-8	0.000000	0.000000	0.000000	0.000000	0.000000	0.000000
5.424000E-6	0.702447	2.799846E-8	8.428000E-6	0.145589	2.904792E-8	0.000000	0.000000	0.000000	0.000000	0.000000	0.000000
5.424000E-6	0.693736	2.803986E-8	8.424000E-6	0.146547	2.882507E-8	0.000000	0.000000	0.000000	0.000000	0.000000	0.000000
5.424000E-6	0.697209	2.846817E-8	8.424000E-6	0.146569	2.844702E-8	0.000000	0.000000	0.000000	0.000000	0.000000	0.000000
5.424000E-6	0.689387	2.838006E-8	8.424000E-6	0.145058	2.922531E-8	0.000000	0.000000	0.000000	0.000000	0.000000	0.000000
5.424000E-6	0.694706	2.812034E-8	8.424000E-6	0.146207	2.938782E-8	0.000000	0.000000	0.000000	0.000000	0.000000	0.000000
5.424000E-6	0.700270	2.775780E-8	8.424000E-6	0.145575	2.913586E-8	0.000000	0.000000	0.000000	0.000000	0.000000	0.000000
5.420000E-6	0.673108	2.855387E-8	8.424000E-6	0.148216	2.947196E-8	0.000000	0.000000	0.000000	0.000000	0.000000	0.000000
5.424000E-6	0.697855	2.784166E-8	8.428000E-6	0.148277	2.859732E-8	0.000000	0.000000	0.000000	0.000000	0.000000	0.000000
5.424000E-6	0.694445	2.815919E-8	8.424000E-6	0.144355	2.921316E-8	0.000000	0.000000	0.000000	0.000000	0.000000	0.000000
5.424000E-6	0.691307	2.845482E-8	8.424000E-6	0.145110	2.921087E-8	0.000000	0.000000	0.000000	0.000000	0.000000	0.000000
5.424000E-6	0.698906	2.827512E-8	8.424000E-6	0.145674	2.921863E-8	0.000000	0.000000	0.000000	0.000000	0.000000	0.000000
5.424000E-6	0.701481	2.812754E-8	8.424000E-6	0.143300	2.916601E-8	0.000000	0.000000	0.000000	0.000000	0.000000	0.000000
5.420000E-6	0.705820	2.794062E-8	8.424000E-6	0.144830	2.942508E-8	0.000000	0.000000	0.000000	0.000000	0.000000	0.000000
5.420000E-6	0.699975	2.774156E-8	8.424000E-6	0.139752	2.989600E-8	0.000000	0.000000	0.000000	0.000000	0.000000	0.000000
5.424000E-6	0.697205	2.791416E-8	8.428000E-6	0.139206	2.972223E-8	0.000000	0.000000	0.000000	0.000000	0.000000	0.000000
5.424000E-6	0.692478	2.805071E-8	8.424000E-6	0.148559	2.889148E-8	0.000000	0.000000	0.000000	0.000000	0.000000	0.000000
5.424000E-6	0.691601	2.849522E-8	8.424000E-6	0.145880	2.942611E-8	0.000000	0.000000	0.000000	0.000000	0.000000	0.000000
5.424000E-6	0.698555	2.822306E-8	8.424000E-6	0.143236	2.920753E-8	0.000000	0.000000	0.000000	0.000000	0.000000	0.000000
5.424000E-6	0.700747	2.810494E-8	8.424000E-6	0.149160	2.892097E-8	0.000000	0.000000	0.000000	0.000000	0.000000	0.000000
5.420000E-6	0.568848	3.111745E-8	8.424000E-6	0.150870	2.884032E-8	0.000000	0.000000	0.000000	0.000000	0.000000	0.000000
5.424000E-6	0.705025	2.784579E-8	8.428000E-6	0.140774	2.941098E-8	0.000000	0.000000	0.000000	0.000000	0.000000	0.000000
5.424000E-6	0.699762	2.808093E-8	8.428000E-6	0.146132	2.922116E-8	0.000000	0.000000	0.000000	0.000000	0.000000	0.000000
5.424000E-6	0.696863	2.848651E-8	8.424000E-6	0.149424	2.879123E-8	0.000000	0.000000	0.000000	0.000000	0.000000	0.000000
5.424000E-6	0.694470	2.841110E-8	8.424000E-6	0.145934	2.956404E-8	0.000000	0.000000	0.000000	0.000000	0.000000	0.000000
5.424000E-6	0.694272	2.813926E-8	8.424000E-6	0.145039	2.937424E-8	0.000000	0.000000	0.000000	0.000000	0.000000	0.000000
5.424000E-6	0.700979	2.787641E-8	8.424000E-6	0.147250	2.913091E-8	0.000000	0.000000	0.000000	0.000000	0.000000	0.000000
5.420000E-6	0.702172	2.768597E-8	8.424000E-6	0.149068	2.887543E-8	0.000000	0.000000	0.000000	0.000000	0.000000	0.000000
5.424000E-6	0.701924	2.796382E-8	8.428000E-6	0.143786	2.885096E-8	0.000000	0.000000	0.000000	0.000000	0.000000	0.000000
5.424000E-6	0.696752	2.805546E-8	8.424000E-6	0.142109	2.911981E-8	0.000000	0.000000	0.000000	0.000000	0.000000	0.000000
5.424000E-6	0.691731	2.847269E-8	8.424000E-6	0.143472	2.900353E-8	0.000000	0.000000	0.000000	0.000000	0.000000	0.000000
5.424000E-6	0.693655	2.819989E-8	8.424000E-6	0.148253	2.964488E-8	0.000000	0.000000	0.000000	0.000000	0.000000	0.000000
5.424000E-6	0.700016	2.798377E-8	8.424000E-6	0.146078	2.923673E-8	0.000000	0.000000	0.000000	0.000000	0.000000	0.000000
5.420000E-6	0.704059	2.786964E-8	8.424000E-6	0.149237	2.899252E-8	0.000000	0.000000	0.000000	0.000000	0.000000	0.000000
5.424000E-6	0.705102	2.787281E-8	8.428000E-6	0.146300	2.889236E-8	0.000000	0.000000	0.000000	0.000000	0.000000	0.000000
5.424000E-6	0.704256	2.803533E-8	8.428000E-6	0.147981	2.870140E-8	0.000000	0.000000	0.000000	0.000000	0.000000	0.000000
5.424000E-6	0.690820	2.832936E-8	8.424000E-6	0.147980	2.896858E-8	0.000000	0.000000	0.000000	0.000000	0.000000	0.000000
5.424000E-6	0.691340	2.849225E-8	8.424000E-6	0.147682	2.958442E-8	0.000000	0.000000	0.000000	0.000000	0.000000	0.000000
5.424000E-6	0.697646	2.810942E-8	8.424000E-6	0.145180	2.920411E-8	0.000000	0.000000	0.000000	0.000000	0.000000	0.000000
5.420000E-6	0.699941	2.768510E-8	8.424000E-6	0.149585	2.899883E-8	0.000000	0.000000	0.000000	0.000000	0.000000	0.000000
5.420000E-6	0.697075	2.777476E-8	8.424000E-6	0.145016	2.890035E-8	0.000000	0.000000	0.000000	0.000000	0.000000	0.000000
5.424000E-6	0.695783	2.796899E-8	8.424000E-6	0.149274	2.913281E-8	0.000000	0.000000	0.000000	0.000000	0.000000	0.000000
5.424000E-6	0.696046	2.833561E-8	8.424000E-6	0.147168	2.929667E-8	0.000000	0.000000	0.000000	0.000000	0.000000	0.000000
5.424000E-6	0.697470	2.842806E-8	8.424000E-6	0.143732	2.952036E-8	0.000000	0.000000	0.000000	0.000000	0.000000	0.000000
5.424000E-6	0.698070	2.825005E-8	8.424000E-6	0.145290	2.911313E-8	0.000000	0.000000	0.000000	0.000000	0.000000	0.000000
5.424000E-6	0.704397	2.795484E-8	8.424000E-6	0.145497	2.909865E-8	0.000000	0.000000	0.000000	0.000000	0.000000	0.000000
5.420000E-6	0.675863	2.869168E-8	8.424000E-6	0.142143	2.982826E-8	0.000000	0.000000	0.000000	0.000000	0.000000	0.000000
5.424000E-6	0.699826	2.796590E-8	8.428000E-6	0.140407	2.995632E-8	0.000000	0.000000	0.000000	0.000000	0.000000	0.000000
5.424000E-6	0.699440	2.820484E-8	8.424000E-6	0.148367	2.855257E-8	0.000000	0.000000	0.000000	0.000000	0.000000	0.000000
5.424000E-6	0.687897	2.831571E-8	8.424000E-6	0.147159	2.934390E-8	0.000000	0.000000	0.000000	0.000000	0.000000	0.000000
5.424000E-6	0.700189	2.831148E-8	8.424000E-6	0.143884	2.930900E-8	0.000000	0.000000	0.000000	0.000000	0.000000	0.000000
5.424000E-6	0.699709	2.794464E-8	8.424000E-6	0.147834	2.965050E-8	0.000000	0.000000	0.000000	0.000000	0.000000	0.000000
5.420000E-6	0.697768	2.771356E-8	8.424000E-6	0.145888	2.878941E-8	0.000000	0.000000	0.000000	0.000000	0.000000	0.000000
5.424000E-6	0.702271	2.788204E-8	8.428000E-6	0.141986	2.996470E-8	0.000000	0.000000	0.000000	0.000000	0.000000	0.000000
5.424000E-6	0.698073	2.810168E-8	8.424000E-6	0.149045	2.883239E-8	0.000000	0.000000	0.000000	0.000000	0.000000	0.000000
5.424000E-6	0.696444	2.849675E-8	8.424000E-6	0.147251	2.964059E-8	0.000000	0.000000	0.000000	0.000000	0.000000	0.000000
5.424000E-6	0.691059	2.826529E-8	8.424000E-6	0.148285	2.842110E-8	0.000000	0.000000	0.000000	0.000000	0.000000	0.000000
5.424000E-6	0.702096	2.815862E-8	8.424000E-6	0.146997	2.912127E-8	0.000000	0.000000	0.000000	0.000000	0.000000	0.000000
5.420000E-6	0.699068	2.777231E-8	8.424000E-6	0.147931	2.922001E-8	0.000000	0.000000	0.000000	0.000000	0.000000	0.000000
5.420000E-6	0.700709	2.772795E-8	8.424000E-6	0.140518	2.961098E-8	0.000000	0.000000	0.000000	0.000000	0.000000	0.000000
5.424000E-6	0.696796	2.793558E-8	8.428000E-6	0.145766	2.906826E-8	0.000000	0.000000	0.000000	0.000000	0.000000	0.000000
5.424000E-6	0.692082	2.830016E-8	8.424000E-6	0.145751	2.896706E-8	0.000000	0.000000	0.000000	0.000000	0.000000	0.000000
5.424000E-6	0.693598	2.851568E-8	8.424000E-6	0.148913	2.923786E-8	0.000000	0.000000	0.000000	0.000000	0.000000	0.000000
5.424000E-6	0.698761	2.839426E-8	8.424000E-6	0.145102	2.921643E-8	0.000000	0.000000	0.000000	0.000000	0.000000	0.000000
5.424000E-6	0.704219	2.798561E-8	8.424000E-6	0.143958	2.922802E-8	0.000000	0.000000	0.000000	0.000000	0.000000	0.000000
5.420000E-6	0.423504	3.512312E-8	8.424000E-6	0.146672	2.967488E-8	0.000000	0.000000	0.000000	0.000000	0.000000	0.000000
5.424000E-6	0.698924	2.779999E-8	8.428000E-6	0.141173	2.959904E-8	0.000000	0.000000	0.000000	0.000000	0.000000	0.000000
5.424000E-6	0.691044	2.817324E-8	8.424000E-6	0.142719	2.889073E-8	0.000000	0.000000	0.000000	0.000000	0.000000	0.000000
5.424000E-6	0.691699	2.847167E-8	8.424000E-6	0.144688	2.975110E-8	0.000000	0.000000	0.000000	0.000000	0.000000	0.000000
5.424000E-6	0.694712	2.827509E-8	8.424000E-6	0.145607	2.927493E-8	0.000000	0.000000	0.000000	0.000000	0.000000	0.000000
5.424000E-6	0.698678	2.787769E-8	8.424000E-6	0.143910	2.927675E-8	0.000000	0.000000	0.000000	0.000000	0.000000	0.000000
5.420000E-6	0.675793	2.862679E-8	8.424000E-6	0.144685	2.880188E-8	0.000000	0.000000	0.000000	0.000000	0.000000	0.000000
5.424000E-6	0.698420	2.773992E-8	8.428000E-6	0.143227	2.953634E-8	0.000000	0.000000	0.000000	0.000000	0.000000	0.000000
5.424000E-6	0.693894	2.803243E-8	8.424000E-6	0.145037	2.899925E-8	0.000000	0.000000	0.000000	0.000000	0.000000	0.000000
5.424000E-6	0.688182	2.837257E-8	8.424000E-6	0.147165	2.860019E-8	0.000000	0.000000	0.000000	0.000000	0.000000	0.000000
5.424000E-6	0.693768	2.834984E-8	8.424000E-6	0.146042	2.942167E-8	0.000000	0.000000	0.000000	0.000000	0.000000	0.000000
5.424000E-6	0.696035	2.802304E-8	8.424000E-6	0.146736	2.888169E-8	0.000000	0.000000	0.000000	0.000000	0.000000	0.000000
5.420000E-6	0.703342	2.794137E-8	8.424000E-6	0.147943	2.872505E-8	0.000000	0.000000	0.000000	0.000000	0.000000	0.000000
5.424000E-6	0.699340	2.770331E-8	8.428000E-6	0.147937	2.901831E-8	0.000000	0.000000	0.000000	0.000000	0.000000	0.000000
5.424000E-6	0.695749	2.800436E-8	8.428000E-6	0.148299	2.856415E-8	0.000000	0.000000	0.000000	0.000000	0.000000	0.000000
5.424000E-6	0.691780	2.830642E-8	8.424000E-6	0.144437	2.948538E-8	0.000000	0.000000	0.000000	0.000000	0.000000	0.000000
5.424000E-6	0.687271	2.836869E-8	8.424000E-6	0.144421	2.959652E-8	0.000000	0.000000	0.000000	0.000000	0.000000	0.000000
5.424000E-6	0.696248	2.811558E-8	8.424000E-6	0.144681	2.952820E-8	0.000000	0.000000	0.000000	0.000000	0.000000	0.000000
5.424000E-6	0.701199	2.781603E-8	8.424000E-6	0.145240	2.894421E-8	0.000000	0.000000	0.000000	0.000000	0.000000	0.000000
5.420000E-6	0.670233	2.842385E-8	8.424000E-6	0.143632	2.968738E-8	0.000000	0.000000	0.000000	0.000000	0.000000	0.000000
5.424000E-6	0.699638	2.785334E-8	8.428000E-6	0.148902	2.896172E-8	0.000000	0.000000	0.000000	0.000000	0.000000	0.000000
5.424000E-6	0.699917	2.829674E-8	8.424000E-6	0.144730	2.884845E-8	0.000000	0.000000	0.000000	0.000000	0.000000	0.000000
5.424000E-6	0.693618	2.846527E-8	8.424000E-6	0.146112	2.931238E-8	0.000000	0.000000	0.000000	0.000000	0.000000	0.000000
5.424000E-6	0.696846	2.817391E-8	8.424000E-6	0.146153	2.934563E-8	0.000000	0.000000	0.000000	0.000000	0.000000	0.000000
5.424000E-6	0.705434	2.799577E-8	8.424000E-6	0.143683	2.997468E-8	0.000000	0.000000	0.000000	0.000000	0.000000	0.000000
5.420000E-6	0.707484	2.792320E-8	8.424000E-6	0.149730	2.934125E-8	0.000000	0.000000	0.000000	0.000000	0.000000	0.000000
5.424000E-6	0.701299	2.781437E-8	8.428000E-6	0.140589	2.978214E-8	0.000000	0.000000	0.000000	0.000000	0.000000	0.000000
5.424000E-6	0.697777	2.803236E-8	8.424000E-6	0.148938	2.928567E-8	0.000000	0.000000	0.000000	0.000000	0.000000	0.000000
5.424000E-6	0.691739	2.829348E-8	8.424000E-6	0.146623	2.919801E-8	0.000000	0.000000	0.000000	0.000000	0.000000	0.000000
5.424000E-6	0.692244	2.823570E-8	8.424000E-6	0.144168	2.948910E-8	0.000000	0.000000	0.000000	0.000000	0.000000	0.000000
5.424000E-6	0.693630	2.799092E-8	8.424000E-6	0.145934	2.931636E-8	0.000000	0.000000	0.000000	0.000000	0.000000	0.000000
5.424000E-6	0.699386	2.788671E-8	8.424000E-6	0.147545	2.928732E-8	0.000000	0.000000	0.000000	0.000000	0.000000	0.000000
5.420000E-6	0.700377	2.781732E-8	8.424000E-6	0.140688	2.954108E-8	0.000000	0.000000	0.000000	0.000000	0.000000	0.000000
5.424000E-6	0.696540	2.786135E-8	8.428000E-6	0.145398	2.888901E-8	0.000000	0.000000	0.000000	0.000000	0.000000	0.000000
5.424000E-6	0.698829	2.830714E-8	8.424000E-6	0.143302	2.922551E-8	0.000000	0.000000	0.000000	0.000000	0.000000	0.000000
5.424000E-6	0.692482	2.857332E-8	8.424000E-6	0.145419	2.923393E-8	0.000000	0.000000	0.000000	0.000000	0.000000	0.000000
5.424000E-6	0.694464	2.814995E-8	8.424000E-6	0.148501	2.898792E-8	0.000000	0.000000	0.000000	0.000000	0.000000	0.000000
5.424000E-6	0.705088	2.803296E-8	8.424000E-6	0.146205	2.953809E-8	0.000000	0.000000	0.000000	0.000000	0.000000	0.000000
5.420000E-6	0.422152	3.511942E-8	8.424000E-6	0.146576	2.905930E-8	0.000000	0.000000	0.000000	0.000000	0.000000	0.000000
5.424000E-6	0.703622	2.801256E-8	8.428000E-6	0.145847	2.887557E-8	0.000000	0.000000	0.000000	0.000000	0.000000	0.000000
5.424000E-6	0.693573	2.806740E-8	8.424000E-6	0.142322	2.873145E-8	0.000000	0.000000	0.000000	0.000000	0.000000	0.000000
5.424000E-6	0.688632	2.843044E-8	8.424000E-6	0.144154	2.931228E-8	0.000000	0.000000	0.000000	0.000000	0.000000	0.000000
5.424000E-6	0.689444	2.826151E-8	8.424000E-6	0.143727	2.933112E-8	0.000000	0.000000	0.000000	0.000000	0.000000	0.000000
5.424000E-6	0.697696	2.805474E-8	8.424000E-6	0.142768	2.957206E-8	0.000000	0.000000	0.000000	0.000000	0.000000	0.000000
5.420000E-6	0.702186	2.782439E-8	8.424000E-6	0.146218	2.917149E-8	0.000000	0.000000	0.000000	0.000000	0.000000	0.000000
5.420000E-6	0.704379	2.792056E-8	8.424000E-6	0.143494	2.894615E-8	0.000000	0.000000	0.000000	0.000000	0.000000	0.000000
5.424000E-6	0.695460	2.808154E-8	8.424000E-6	0.146444	2.920351E-8	0.000000	0.000000	0.000000	0.000000	0.000000	0.000000
5.424000E-6	0.697563	2.831291E-8	8.424000E-6	0.145230	2.871390E-8	0.000000	0.000000	0.000000	0.000000	0.000000	0.000000
5.424000E-6	0.696563	2.843367E-8	8.424000E-6	0.145287	2.930345E-8	0.000000	0.000000	0.000000	0.000000	0.000000	0.000000
5.424000E-6	0.694784	2.799675E-8	8.424000E-6	0.144043	2.940481E-8	0.000000	0.000000	0.000000	0.000000	0.000000	0.000000
5.424000E-6	0.701693	2.778625E-8	8.424000E-6	0.146320	2.937345E-8	0.000000	0.000000	0.000000	0.000000	0.000000	0.000000
5.420000E-6	0.703541	2.790240E-8	8.424000E-6	0.138978	2.989741E-8	0.000000	0.000000	0.000000	0.000000	0.000000	0.000000
5.424000E-6	0.700462	2.805372E-8	8.428000E-6	0.145981	2.901654E-8	0.000000	0.000000	0.000000	0.000000	0.000000	0.000000
5.424000E-6	0.699442	2.822381E-8	8.424000E-6	0.147969	2.946234E-8	0.000000	0.000000	0.000000	0.000000	0.000000	0.000000
5.424000E-6	0.693420	2.858688E-8	8.424000E-6	0.147070	2.920954E-8	0.000000	0.000000	0.000000	0.000000	0.000000	0.000000
5.424000E-6	0.698320	2.835327E-8	8.424000E-6	0.145653	2.917842E-8	0.000000	0.000000	0.000000	0.000000	0.000000	0.000000
5.424000E-6	0.696891	2.800382E-8	8.424000E-6	0.143159	2.973308E-8	0.000000	0.000000	0.000000	0.000000	0.000000	0.000000
5.420000E-6	0.698034	2.781769E-8	8.424000E-6	0.146473	2.919294E-8	0.000000	0.000000	0.000000	0.000000	0.000000	0.000000
5.420000E-6	0.701661	2.772373E-8	8.424000E-6	0.138286	2.985133E-8	0.000000	0.000000	0.000000	0.000000	0.000000	0.000000
5.424000E-6	0.701518	2.815324E-8	8.428000E-6	0.149359	2.887093E-8	0.000000	0.000000	0.000000	0.000000	0.000000	0.000000
5.424000E-6	0.696035	2.822237E-8	8.424000E-6	0.148154	2.858619E-8	0.000000	0.000000	0.000000	0.000000	0.000000	0.000000
5.424000E-6	0.693474	2.843094E-8	8.424000E-6	0.145492	2.920891E-8	0.000000	0.000000	0.000000	0.000000	0.000000	0.000000
5.424000E-6	0.695424	2.825933E-8	8.424000E-6	0.143647	2.928246E-8	0.000000	0.000000	0.000000	0.000000	0.000000	0.000000
5.424000E-6	0.695000	2.793192E-8	8.424000E-6	0.143803	2.940319E-8	0.000000	0.000000	0.000000	0.000000	0.000000	0.000000
5.420000E-6	0.702288	2.786137E-8	8.424000E-6	0.144416	2.935514E-8	0.000000	0.000000	0.000000	0.000000	0.000000	0.000000
5.424000E-6	0.698795	2.775881E-8	8.428000E-6	0.146093	2.920837E-8	0.000000	0.000000	0.000000	0.000000	0.000000	0.000000
5.424000E-6	0.696098	2.791536E-8	8.428000E-6	0.148305	2.900175E-8	0.000000	0.000000	0.000000	0.000000	0.000000	0.000000
5.424000E-6	0.696963	2.838170E-8	8.424000E-6	0.145653	2.899368E-8	0.000000	0.000000	0.000000	0.000000	0.000000	0.000000
5.424000E-6	0.695712	2.839998E-8	8.424000E-6	0.144557	2.895363E-8	0.000000	0.000000	0.000000	0.000000	0.000000	0.000000
5.424000E-6	0.702086	2.831707E-8	8.424000E-6	0.146359	2.925198E-8	0.000000	0.000000	0.000000	0.000000	0.000000	0.000000
5.424000E-6	0.701936	2.785700E-8	8.424000E-6	0.143995	2.939041E-8	0.000000	0.000000	0.000000	0.000000	0.000000	0.000000
5.420000E-6	0.569575	3.105811E-8	8.424000E-6	0.145305	2.918405E-8	0.000000	0.000000	0.000000	0.000000	0.000000	0.000000
5.424000E-6	0.698166	2.772671E-8	8.428000E-6	0.140283	2.953609E-8	0.000000	0.000000	0.000000	0.000000	0.000000	0.000000
5.424000E-6	0.703644	2.812274E-8	8.424000E-6	0.144745	2.928656E-8	0.000000	0.000000	0.000000	0.000000	0.000000	0.000000
5.424000E-6	0.691870	2.835564E-8	8.424000E-6	0.146351	2.876059E-8	0.000000	0.000000	0.000000	0.000000	0.000000	0.000000
5.424000E-6	0.693221	2.850989E-8	8.424000E-6	0.141207	2.919960E-8	0.000000	0.000000	0.000000	0.000000	0.000000	0.000000
5.424000E-6	0.695829	2.803248E-8	8.424000E-6	0.144900	2.938349E-8	0.000000	0.000000	0.000000	0.000000	0.000000	0.000000
5.424000E-6	0.701623	2.795661E-8	8.424000E-6	0.145958	2.888378E-8	0.000000	0.000000	0.000000	0.000000	0.000000	0.000000
5.420000E-6	0.571482	3.129729E-8	8.424000E-6	0.138748	2.980684E-8	0.000000	0.000000	0.000000	0.000000	0.000000	0.000000
5.424000E-6	0.698260	2.786894E-8	8.428000E-6	0.148256	2.873589E-8	0.000000	0.000000	0.000000	0.000000	0.000000	0.000000
5.424000E-6	0.698911	2.828192E-8	8.424000E-6	0.145375	2.905003E-8	0.000000	0.000000	0.000000	0.000000	0.000000	0.000000
5.424000E-6	0.695206	2.835140E-8	8.424000E-6	0.145977	2.924124E-8	0.000000	0.000000	0.000000	0.000000	0.000000	0.000000
5.424000E-6	0.696915	2.842627E-8	8.424000E-6	0.147130	2.898098E-8	0.000000	0.000000	0.000000	0.000000	0.000000	0.000000
5.424000E-6	0.700310	2.823508E-8	8.424000E-6	0.143278	2.901397E-8	0.000000	0.000000	0.000000	0.000000	0.000000	0.000000
5.424000E-6	0.698496	2.777805E-8	8.424000E-6	0.147998	2.898653E-8	0.000000	0.000000	0.000000	0.000000	0.000000	0.000000
5.420000E-6	0.574770	3.115334E-8	8.424000E-6	0.146496	2.923179E-8	0.000000	0.000000	0.000000	0.000000	0.000000	0.000000
5.424000E-6	0.696398	2.787259E-8	8.428000E-6	0.148331	2.867345E-8	0.000000	0.000000	0.000000	0.000000	0.000000	0.000000
5.424000E-6	0.696718	2.818585E-8	8.424000E-6	0.149094	2.869405E-8	0.000000	0.000000	0.000000	0.000000	0.000000	0.000000
5.424000E-6	0.695405	2.848109E-8	8.424000E-6	0.147835	2.882982E-8	0.000000	0.000000	0.000000	0.000000	0.000000	0.000000
5.424000E-6	0.693555	2.831762E-8	8.424000E-6	0.148533	2.890453E-8	0.000000	0.000000	0.000000	0.000000	0.000000	0.000000
5.424000E-6	0.704380	2.812359E-8	8.424000E-6	0.149015	2.930812E-8	0.000000	0.000000	0.000000	0.000000	0.000000	0.000000
5.420000E-6	0.698038	2.781949E-8	8.424000E-6	0.142827	2.897930E-8	0.000000	0.000000	0.000000	0.000000	0.000000	0.000000
5.420000E-6	0.699324	2.778938E-8	8.424000E-6	0.142600	2.974475E-8	0.000000	0.000000	0.000000	0.000000	0.000000	0.000000
5.424000E-6	0.702807	2.794412E-8	8.428000E-6	0.149330	2.889585E-8	0.000000	0.000000	0.000000	0.000000	0.000000	0.000000
5.424000E-6	0.701523	2.823989E-8	8.424000E-6	0.148445	2.855124E-8	0.000000	0.000000	0.000000	0.000000	0.000000	0.000000
5.424000E-6	0.695251	2.842204E-8	8.424000E-6	0.148088	2.945497E-8	0.000000	0.000000	0.000000	0.000000	0.000000	0.000000
5.424000E-6	0.693795	2.840263E-8	8.424000E-6	0.144831	2.981616E-8	0.000000	0.000000	0.000000	0.000000	0.000000	0.000000
5.424000E-6	0.696683	2.810752E-8	8.424000E-6	0.144980	2.927254E-8	0.000000	0.000000	0.000000	0.000000	0.000000	0.000000
5.420000E-6	0.700062	2.788915E-8	8.424000E-6	0.145640	2.916634E-8	0.000000	0.000000	0.000000	0.000000	0.000000	0.000000
5.420000E-6	0.698756	2.774931E-8	8.424000E-6	0.148368	2.859387E-8	0.000000	0.000000	0.000000	0.000000	0.000000	0.000000
5.424000E-6	0.694864	2.793813E-8	8.428000E-6	0.145906	2.903015E-8	0.000000	0.000000	0.000000	0.000000	0.000000	0.000000
5.424000E-6	0.699616	2.828087E-8	8.424000E-6	0.144416	2.885922E-8	0.000000	0.000000	0.000000	0.000000	0.000000	0.000000
5.424000E-6	0.689400	2.846706E-8	8.424000E-6	0.146196	2.921154E-8	0.000000	0.000000	0.000000	0.000000	0.000000	0.000000
5.424000E-6	0.691699	2.811976E-8	8.424000E-6	0.146959	2.942861E-8	0.000000	0.000000	0.000000	0.000000	0.000000	0.000000
5.424000E-6	0.696825	2.790183E-8	8.424000E-6	0.146128	2.924775E-8	0.000000	0.000000	0.000000	0.000000	0.000000	0.000000
5.420000E-6	0.695658	2.779577E-8	8.424000E-6	0.145422	2.939271E-8	0.000000	0.000000	0.000000	0.000000	0.000000	0.000000
5.420000E-6	0.704022	2.784028E-8	8.424000E-6	0.144311	2.893580E-8	0.000000	0.000000	0.000000	0.000000	0.000000	0.000000
5.424000E-6	0.698419	2.792324E-8	8.428000E-6	0.148345	2.889104E-8	0.000000	0.000000	0.000000	0.000000	0.000000	0.000000
5.424000E-6	0.699200	2.831317E-8	8.424000E-6	0.146760	2.882021E-8	0.000000	0.000000	0.000000	0.000000	0.000000	0.000000
5.424000E-6	0.692172	2.847863E-8	8.424000E-6	0.145554	2.947587E-8	0.000000	0.000000	0.000000	0.000000	0.000000	0.000000
5.424000E-6	0.695852	2.837062E-8	8.424000E-6	0.141904	2.948357E-8	0.000000	0.000000	0.000000	0.000000	0.000000	0.000000
5.424000E-6	0.702116	2.815484E-8	8.424000E-6	0.146748	2.930182E-8	0.000000	0.000000	0.000000	0.000000	0.000000	0.000000
5.420000E-6	0.705256	2.773487E-8	8.424000E-6	0.145371	2.937143E-8	0.000000	0.000000	0.000000	0.000000	0.000000	0.000000
5.420000E-6	0.702049	2.786429E-8	8.424000E-6	0.142604	2.962833E-8	0.000000	0.000000	0.000000	0.000000	0.000000	0.000000
5.424000E-6	0.692694	2.793996E-8	8.428000E-6	0.144295	2.927718E-8	0.000000	0.000000	0.000000	0.000000	0.000000	0.000000
5.424000E-6	0.690894	2.833385E-8	8.424000E-6	0.145529	2.879221E-8	0.000000	0.000000	0.000000	0.000000	0.000000	0.000000
5.424000E-6	0.692819	2.850552E-8	8.424000E-6	0.143022	2.915883E-8	0.000000	0.000000	0.000000	0.000000	0.000000	0.000000
5.424000E-6	0.696944	2.830770E-8	8.424000E-6	0.145419	2.918186E-8	0.000000	0.000000	0.000000	0.000000	0.000000	0.000000
5.424000E-6	0.698613	2.786826E-8	8.424000E-6	0.144070	2.955766E-8	0.000000	0.000000	0.000000	0.000000	0.000000	0.000000
5.420000E-6	0.699635	2.780718E-8	8.424000E-6	0.145624	2.926962E-8	0.000000	0.000000	0.000000	0.000000	0.000000	0.000000
5.424000E-6	0.702138	2.799760E-8	8.428000E-6	0.139405	2.954841E-8	0.000000	0.000000	0.000000	0.000000	0.000000	0.000000
5.424000E-6	0.699866	2.810506E-8	8.424000E-6	0.147496	2.855482E-8	0.000000	0.000000	0.000000	0.000000	0.000000	0.000000
5.424000E-6	0.698268	2.842085E-8	8.424000E-6	0.145469	2.897135E-8	0.000000	0.000000	0.000000	0.000000	0.000000	0.000000
5.424000E-6	0.696531	2.845888E-8	8.424000E-6	0.145327	2.906006E-8	0.000000	0.000000	0.000000	0.000000	0.000000	0.000000
5.424000E-6	0.693057	2.806095E-8	8.424000E-6	0.146349	2.881464E-8	0.000000	0.000000	0.000000	0.000000	0.000000	0.000000
5.424000E-6	0.698885	2.789083E-8	8.424000E-6	0.145845	2.932156E-8	0.000000	0.000000	0.000000	0.000000	0.000000	0.000000
5.420000E-6	0.696498	2.765339E-8	8.424000E-6	0.139639	3.013625E-8	0.000000	0.000000	0.000000	0.000000	0.000000	0.000000
5.424000E-6	0.701895	2.799667E-8	8.428000E-6	0.149691	2.907824E-8	0.000000	0.000000	0.000000	0.000000	0.000000	0.000000
5.424000E-6	0.693948	2.808320E-8	8.424000E-6	0.147672	2.915402E-8	0.000000	0.000000	0.000000	0.000000	0.000000	0.000000
5.424000E-6	0.693737	2.852306E-8	8.424000E-6	0.146809	2.938531E-8	0.000000	0.000000	0.000000	0.000000	0.000000	0.000000
5.424000E-6	0.693635	2.830684E-8	8.424000E-6	0.145488	2.924093E-8	0.000000	0.000000	0.000000	0.000000	0.000000	0.000000
5.424000E-6	0.696033	2.800657E-8	8.424000E-6	0.146613	2.902119E-8	0.000000	0.000000	0.000000	0.000000	0.000000	0.000000
5.420000E-6	0.699742	2.777425E-8	8.424000E-6	0.145366	2.938937E-8	0.000000	0.000000	0.000000	0.000000	0.000000	0.000000
5.420000E-6	0.699587	2.780399E-8	8.424000E-6	0.140994	2.985860E-8	0.000000	0.000000	0.000000	0.000000	0.000000	0.000000
5.424000E-6	0.699736	2.802411E-8	8.428000E-6	0.147859	2.898414E-8	0.000000	0.000000	0.000000	0.000000	0.000000	0.000000
5.424000E-6	0.702981	2.831137E-8	8.424000E-6	0.145192	2.877268E-8	0.000000	0.000000	0.000000	0.000000	0.000000	0.000000
5.424000E-6	0.693139	2.834828E-8	8.424000E-6	0.145397	2.937862E-8	0.000000	0.000000	0.000000	0.000000	0.000000	0.000000
5.424000E-6	0.697480	2.842726E-8	8.424000E-6	0.143535	2.899281E-8	0.000000	0.000000	0.000000	0.000000	0.000000	0.000000
5.424000E-6	0.703695	2.810379E-8	8.424000E-6	0.144750	2.950503E-8	0.000000	0.000000	0.000000	0.000000	0.000000	0.000000
5.420000E-6	0.703088	2.778285E-8	8.424000E-6	0.142739	2.940997E-8	0.000000	0.000000	0.000000	0.000000	0.000000	0.000000
5.420000E-6	0.701383	2.765046E-8	8.424000E-6	0.141618	2.937700E-8	0.000000	0.000000	0.000000	0.000000	0.000000	0.000000
5.424000E-6	0.703759	2.812805E-8	8.428000E-6	0.146881	2.893825E-8	0.000000	0.000000	0.000000	0.000000	0.000000	0.000000
5.424000E-6	0.693245	2.816306E-8	8.424000E-6	0.145000	2.902796E-8	0.000000	0.000000	0.000000	0.000000	0.000000	0.000000
5.424000E-6	0.687716	2.838380E-8	8.424000E-6	0.148699	2.935554E-8	0.000000	0.000000	0.000000	0.000000	0.000000	0.000000
5.424000E-6	0.698130	2.821799E-8	8.424000E-6	0.146404	2.925153E-8	0.000000	0.000000	0.000000	0.000000	0.000000	0.000000
5.424000E-6	0.699577	2.797742E-8	8.424000E-6	0.144003	2.941812E-8	0.000000	0.000000	0.000000	0.000000	0.000000	0.000000
5.420000E-6	0.566366	3.114607E-8	8.424000E-6	0.147248	2.930164E-8	0.000000	0.000000	0.000000	0.000000	0.000000	0.000000
5.424000E-6	0.700514	2.778704E-8	8.428000E-6	0.141572	2.938809E-8	0.000000	0.000000	0.000000	0.000000	0.000000	0.000000
5.424000E-6	0.693993	2.795647E-8	8.428000E-6	0.149128	2.894202E-8	0.000000	0.000000	0.000000	0.000000	0.000000	0.000000
5.424000E-6	0.696847	2.846910E-8	8.424000E-6	0.146453	2.861067E-8	0.000000	0.000000	0.000000	0.000000	0.000000	0.000000
5.424000E-6	0.688451	2.842525E-8	8.424000E-6	0.144232	2.929127E-8	0.000000	0.000000	0.000000	0.000000	0.000000	0.000000
5.424000E-6	0.695641	2.808696E-8	8.424000E-6	0.146376	2.990276E-8	0.000000	0.000000	0.000000	0.000000	0.000000	0.000000
5.424000E-6	0.703207	2.807311E-8	8.424000E-6	0.146761	2.882015E-8	0.000000	0.000000	0.000000	0.000000	0.000000	0.000000
5.420000E-6	0.702655	2.790657E-8	8.424000E-6	0.147044	2.916717E-8	0.000000	0.000000	0.000000	0.000000	0.000000	0.000000
5.420000E-6	0.699119	2.775659E-8	8.424000E-6	0.146481	2.911238E-8	0.000000	0.000000	0.000000	0.000000	0.000000	0.000000
5.424000E-6	0.698880	2.803616E-8	8.428000E-6	0.145202	2.904263E-8	0.000000	0.000000	0.000000	0.000000	0.000000	0.000000
5.424000E-6	0.698388	2.833193E-8	8.424000E-6	0.145614	2.891138E-8	0.000000	0.000000	0.000000	0.000000	0.000000	0.000000
5.424000E-6	0.695698	2.858329E-8	8.424000E-6	0.143343	2.949224E-8	0.000000	0.000000	0.000000	0.000000	0.000000	0.000000
5.424000E-6	0.699328	2.831673E-8	8.424000E-6	0.145654	2.948705E-8	0.000000	0.000000	0.000000	0.000000	0.000000	0.000000
5.424000E-6	0.695310	2.792940E-8	8.424000E-6	0.145864	2.995659E-8	0.000000	0.000000	0.000000	0.000000	0.000000	0.000000
5.420000E-6	0.704011	2.784048E-8	8.424000E-6	0.148014	2.880760E-8	0.000000	0.000000	0.000000	0.000000	0.000000	0.000000
5.420000E-6	0.703930	2.786507E-8	8.424000E-6	0.141203	2.974054E-8	0.000000	0.000000	0.000000	0.000000	0.000000	0.000000
5.424000E-6	0.702433	2.799500E-8	8.428000E-6	0.148736	2.881921E-8	0.000000	0.000000	0.000000	0.000000	0.000000	0.000000
5.424000E-6	0.692781	2.807947E-8	8.424000E-6	0.147052	2.920143E-8	0.000000	0.000000	0.000000	0.000000	0.000000	0.000000
5.424000E-6	0.692824	2.851202E-8	8.424000E-6	0.146930	2.905010E-8	0.000000	0.000000	0.000000	0.000000	0.000000	0.000000
5.424000E-6	0.694860	2.850840E-8	8.424000E-6	0.146185	2.921076E-8	0.000000	0.000000	0.000000	0.000000	0.000000	0.000000
5.424000E-6	0.698016	2.801694E-8	8.424000E-6	0.145565	2.916388E-8	0.000000	0.000000	0.000000	0.000000	0.000000	0.000000
5.420000E-6	0.700614	2.779318E-8	8.424000E-6	0.145912	2.927693E-8	0.000000	0.000000	0.000000	0.000000	0.000000	0.000000
5.420000E-6	0.697122	2.766567E-8	8.424000E-6	0.147322	2.885577E-8	0.000000	0.000000	0.000000	0.000000	0.000000	0.000000
5.424000E-6	0.701150	2.802804E-8	8.428000E-6	0.146684	2.845057E-8	0.000000	0.000000	0.000000	0.000000	0.000000	0.000000
5.424000E-6	0.695965	2.815819E-8	8.424000E-6	0.143903	2.918900E-8	0.000000	0.000000	0.000000	0.000000	0.000000	0.000000
5.424000E-6	0.688287	2.827907E-8	8.424000E-6	0.143727	2.913090E-8	0.000000	0.000000	0.000000	0.000000	0.000000	0.000000
5.424000E-6	0.694996	2.818371E-8	8.424000E-6	0.145536	2.907473E-8	0.000000	0.000000	0.000000	0.000000	0.000000	0.000000
5.424000E-6	0.699603	2.795456E-8	8.424000E-6	0.146398	2.902292E-8	0.000000	0.000000	0.000000	0.000000	0.000000	0.000000
5.420000E-6	0.700488	2.773832E-8	8.424000E-6	0.145413	2.939263E-8	0.000000	0.000000	0.000000	0.000000	0.000000	0.000000
5.424000E-6	0.697994	2.787538E-8	8.428000E-6	0.146242	2.901744E-8	0.000000	0.000000	0.000000	0.000000	0.000000	0.000000
5.424000E-6	0.703651	2.808230E-8	8.424000E-6	0.144070	2.896633E-8	0.000000	0.000000	0.000000	0.000000	0.000000	0.000000
5.424000E-6	0.696021	2.835638E-8	8.424000E-6	0.144103	2.894453E-8	0.000000	0.000000	0.000000	0.000000	0.000000	0.000000
5.424000E-6	0.694025	2.839172E-8	8.424000E-6	0.144272	2.937567E-8	0.000000	0.000000	0.000000	0.000000	0.000000	0.000000
5.424000E-6	0.702168	2.820931E-8	8.424000E-6	0.144333	2.923419E-8	0.000000	0.000000	0.000000	0.000000	0.000000	0.000000
5.424000E-6	0.698689	2.778071E-8	8.424000E-6	0.146679	2.927155E-8	0.000000	0.000000	0.000000	0.000000	0.000000	0.000000
5.420000E-6	0.699793	2.779901E-8	8.424000E-6	0.139883	2.939210E-8	0.000000	0.000000	0.000000	0.000000	0.000000	0.000000
5.424000E-6	0.698036	2.786284E-8	8.428000E-6	0.146695	2.876812E-8	0.000000	0.000000	0.000000	0.000000	0.000000	0.000000
5.424000E-6	0.694480	2.813630E-8	8.424000E-6	0.143949	2.892651E-8	0.000000	0.000000	0.000000	0.000000	0.000000	0.000000
5.424000E-6	0.690456	2.855481E-8	8.424000E-6	0.144441	2.947648E-8	0.000000	0.000000	0.000000	0.000000	0.000000	0.000000
5.424000E-6	0.698306	2.839219E-8	8.424000E-6	0.145322	2.952092E-8	0.000000	0.000000	0.000000	0.000000	0.000000	0.000000
5.424000E-6	0.694991	2.799551E-8	8.424000E-6	0.147877	2.915190E-8	0.000000	0.000000	0.000000	0.000000	0.000000	0.000000
5.420000E-6	0.703960	2.783070E-8	8.424000E-6	0.147280	2.907518E-8	0.000000	0.000000	0.000000	0.000000	0.000000	0.000000
5.420000E-6	0.703866	2.797191E-8	8.424000E-6	0.143475	2.969189E-8	0.000000	0.000000	0.000000	0.000000	0.000000	0.000000
5.424000E-6	0.699927	2.806095E-8	8.428000E-6	0.147528	2.915288E-8	0.000000	0.000000	0.000000	0.000000	0.000000	0.000000
5.424000E-6	0.696333	2.835743E-8	8.424000E-6	0.143919	2.930628E-8	0.000000	0.000000	0.000000	0.000000	0.000000	0.000000
5.424000E-6	0.693920	2.843876E-8	8.424000E-6	0.147529	2.904488E-8	0.000000	0.000000	0.000000	0.000000	0.000000	0.000000
5.424000E-6	0.701204	2.833633E-8	8.424000E-6	0.145061	2.962171E-8	0.000000	0.000000	0.000000	0.000000	0.000000	0.000000
5.424000E-6	0.696747	2.794328E-8	8.424000E-6	0.149461	2.888518E-8	0.000000	0.000000	0.000000	0.000000	0.000000	0.000000
5.420000E-6	0.696196	2.779982E-8	8.424000E-6	0.145603	2.934480E-8	0.000000	0.000000	0.000000	0.000000	0.000000	0.000000
5.424000E-6	0.699268	2.774550E-8	8.428000E-6	0.141880	2.974962E-8	0.000000	0.000000	0.000000	0.000000	0.000000	0.000000
5.424000E-6	0.699886	2.820948E-8	8.428000E-6	0.147606	2.895721E-8	0.000000	0.000000	0.000000	0.000000	0.000000	0.000000
5.424000E-6	0.700759	2.834677E-8	8.424000E-6	0.143325	2.913467E-8	0.000000	0.000000	0.000000	0.000000	0.000000	0.000000
5.424000E-6	0.688557	2.835115E-8	8.424000E-6	0.143601	2.922175E-8	0.000000	0.000000	0.000000	0.000000	0.000000	0.000000
5.424000E-6	0.694116	2.813276E-8	8.424000E-6	0.146297	2.939882E-8	0.000000	0.000000	0.000000	0.000000	0.000000	0.000000
5.424000E-6	0.699454	2.796019E-8	8.424000E-6	0.147264	2.977662E-8	0.000000	0.000000	0.000000	0.000000	0.000000	0.000000
5.420000E-6	0.669683	2.851965E-8	8.424000E-6	0.149226	2.910363E-8	0.000000	0.000000	0.000000	0.000000	0.000000	0.000000
5.424000E-6	0.703023	2.800946E-8	8.428000E-6	0.140342	2.919853E-8	0.000000	0.000000	0.000000	0.000000	0.000000	0.000000
5.424000E-6	0.692657	2.802026E-8	8.424000E-6	0.143467	2.886343E-8	0.000000	0.000000	0.000000	0.000000	0.000000	0.000000
5.424000E-6	0.688682	2.829481E-8	8.424000E-6	0.144840	2.915352E-8	0.000000	0.000000	0.000000	0.000000	0.000000	0.000000
5.424000E-6	0.697530	2.831787E-8	8.424000E-6	0.146828	2.904141E-8	0.000000	0.000000	0.000000	0.000000	0.000000	0.000000
5.424000E-6	0.694923	2.799100E-8	8.424000E-6	0.149255	2.920738E-8	0.000000	0.000000	0.000000	0.000000	0.000000	0.000000
5.420000E-6	0.704063	2.798796E-8	8.424000E-6	0.150089	2.919963E-8	0.000000	0.000000	0.000000	0.000000	0.000000	0.000000
5.420000E-6	0.702727	2.770485E-8	8.424000E-6	0.147925	2.883125E-8	0.000000	0.000000	0.000000	0.000000	0.000000	0.000000
5.424000E-6	0.695260	2.791723E-8	8.428000E-6	0.142196	2.954885E-8	0.000000	0.000000	0.000000	0.000000	0.000000	0.000000
5.424000E-6	0.693074	2.808872E-8	8.424000E-6	0.143510	2.912147E-8	0.000000	0.000000	0.000000	0.000000	0.000000	0.000000
5.424000E-6	0.690319	2.834256E-8	8.424000E-6	0.149426	2.879745E-8	0.000000	0.000000	0.000000	0.000000	0.000000	0.000000
5.424000E-6	0.698050	2.837687E-8	8.424000E-6	0.145636	2.941188E-8	0.000000	0.000000	0.000000	0.000000	0.000000	0.000000
5.424000E-6	0.696240	2.789428E-8	8.424000E-6	0.143324	2.954094E-8	0.000000	0.000000	0.000000	0.000000	0.000000	0.000000
5.420000E-6	0.704428	2.783506E-8	8.424000E-6	0.145589	2.947168E-8	0.000000	0.000000	0.000000	0.000000	0.000000	0.000000
5.424000E-6	0.706021	2.790211E-8	8.428000E-6	0.138958	3.010469E-8	0.000000	0.000000	0.000000	0.000000	0.000000	0.000000
5.424000E-6	0.696158	2.803919E-8	8.428000E-6	0.143820	2.905819E-8	0.000000	0.000000	0.000000	0.000000	0.000000	0.000000
5.424000E-6	0.691339	2.828054E-8	8.424000E-6	0.142776	2.939044E-8	0.000000	0.000000	0.000000	0.000000	0.000000	0.000000
5.424000E-6	0.692664	2.850175E-8	8.424000E-6	0.147110	2.943243E-8	0.000000	0.000000	0.000000	0.000000	0.000000	0.000000
5.424000E-6	0.700626	2.818678E-8	8.424000E-6	0.142917	2.935603E-8	0.000000	0.000000	0.000000	0.000000	0.000000	0.000000
5.424000E-6	0.707491	2.794044E-8	8.424000E-6	0.148788	2.862265E-8	0.000000	0.000000	0.000000	0.000000	0.000000	0.000000
5.420000E-6	0.673441	2.862157E-8	8.424000E-6	0.148743	2.888769E-8	0.000000	0.000000	0.000000	0.000000	0.000000	0.000000
5.424000E-6	0.693813	2.788620E-8	8.428000E-6	0.141862	2.982750E-8	0.000000	0.000000	0.000000	0.000000	0.000000	0.000000
5.424000E-6	0.700811	2.821007E-8	8.424000E-6	0.146066	2.930315E-8	0.000000	0.000000	0.000000	0.000000	0.000000	0.000000
5.424000E-6	0.696714	2.841378E-8	8.424000E-6	0.148595	2.895606E-8	0.000000	0.000000	0.000000	0.000000	0.000000	0.000000
5.424000E-6	0.692866	2.822789E-8	8.424000E-6	0.146998	2.900402E-8	0.000000	0.000000	0.000000	0.000000	0.000000	0.000000
5.424000E-6	0.693083	2.799867E-8	8.424000E-6	0.145494	2.922815E-8	0.000000	0.000000	0.000000	0.000000	0.000000	0.000000
5.420000E-6	0.701615	2.791739E-8	8.424000E-6	0.144189	2.918985E-8	0.000000	0.000000	0.000000	0.000000	0.000000	0.000000
5.420000E-6	0.705724	2.791837E-8	8.424000E-6	0.138274	2.963009E-8	0.000000	0.000000	0.000000	0.000000	0.000000	0.000000
5.424000E-6	0.704133	2.803273E-8	8.428000E-6	0.143259	2.898950E-8	0.000000	0.000000	0.000000	0.000000	0.000000	0.000000
5.424000E-6	0.697250	2.827539E-8	8.424000E-6	0.146399	2.912514E-8	0.000000	0.000000	0.000000	0.000000	0.000000	0.000000
5.424000E-6	0.694643	2.853511E-8	8.424000E-6	0.143246	2.971655E-8	0.000000	0.000000	0.000000	0.000000	0.000000	0.000000
5.424000E-6	0.694900	2.835501E-8	8.424000E-6	0.145170	2.965522E-8	0.000000	0.000000	0.000000	0.000000	0.000000	0.000000
5.424000E-6	0.696629	2.811940E-8	8.424000E-6	0.145341	2.942534E-8	0.000000	0.000000	0.000000	0.000000	0.000000	0.000000
5.420000E-6	0.702800	2.774717E-8	8.424000E-6	0.144292	2.876794E-8	0.000000	0.000000	0.000000	0.000000	0.000000	0.000000
5.420000E-6	0.698695	2.777548E-8	8.424000E-6	0.140317	2.980962E-8	0.000000	0.000000	0.000000	0.000000	0.000000	0.000000
5.424000E-6	0.696907	2.799296E-8	8.424000E-6	0.147185	2.907424E-8	0.000000	0.000000	0.000000	0.000000	0.000000	0.000000
5.424000E-6	0.693886	2.829940E-8	8.424000E-6	0.145692	2.911007E-8	0.000000	0.000000	0.000000	0.000000	0.000000	0.000000
5.424000E-6	0.697445	2.837521E-8	8.424000E-6	0.145408	2.907172E-8	0.000000	0.000000	0.000000	0.000000	0.000000	0.000000
5.424000E-6	0.700967	2.805529E-8	8.424000E-6	0.144433	3.047345E-8	0.000000	0.000000	0.000000	0.000000	0.000000	0.000000
5.424000E-6	0.706593	2.808844E-8	8.424000E-6	0.146891	2.914960E-8	0.000000	0.000000	0.000000	0.000000	0.000000	0.000000
5.420000E-6	0.574513	3.118830E-8	8.424000E-6	0.145905	2.887313E-8	0.000000	0.000000	0.000000	0.000000	0.000000	0.000000
5.424000E-6	0.701671	2.796443E-8	8.428000E-6	0.150226	2.875292E-8	0.000000	0.000000	0.000000	0.000000	0.000000	0.000000
5.424000E-6	0.702992	2.821674E-8	8.424000E-6	0.150063	2.867156E-8	0.000000	0.000000	0.000000	0.000000	0.000000	0.000000
5.424000E-6	0.693514	2.843555E-8	8.424000E-6	0.147880	2.898761E-8	0.000000	0.000000	0.000000	0.000000	0.000000	0.000000
5.424000E-6	0.699022	2.840558E-8	8.424000E-6	0.144653	2.932746E-8	0.000000	0.000000	0.000000	0.000000	0.000000	0.000000
5.424000E-6	0.698223	2.803861E-8	8.424000E-6	0.146196	2.937013E-8	0.000000	0.000000	0.000000	0.000000	0.000000	0.000000
5.424000E-6	0.698718	2.773439E-8	8.424000E-6	0.143267	2.894364E-8	0.000000	0.000000	0.000000	0.000000	0.000000	0.000000
5.420000E-6	0.426942	3.527779E-8	8.424000E-6	0.144939	2.908755E-8	0.000000	0.000000	0.000000	0.000000	0.000000	0.000000
5.424000E-6	0.705636	2.801607E-8	8.428000E-6	0.147732	2.880857E-8	0.000000	0.000000	0.000000	0.000000	0.000000	0.000000
5.424000E-6	0.694969	2.818088E-8	8.424000E-6	0.146305	2.890783E-8	0.000000	0.000000	0.000000	0.000000	0.000000	0.000000
5.424000E-6	0.694264	2.855893E-8	8.424000E-6	0.147757	2.947380E-8	0.000000	0.000000	0.000000	0.000000	0.000000	0.000000
5.424000E-6	0.693891	2.833805E-8	8.424000E-6	0.143145	2.941411E-8	0.000000	0.000000	0.000000	0.000000	0.000000	0.000000
5.424000E-6	0.698006	2.798282E-8	8.424000E-6	0.149199	2.940077E-8	0.000000	0.000000	0.000000	0.000000	0.000000	0.000000
5.420000E-6	0.701815	2.796539E-8	8.424000E-6	0.146645	2.904757E-8	0.000000	0.000000	0.000000	0.000000	0.000000	0.000000
5.420000E-6	0.698694	2.776251E-8	8.424000E-6	0.138168	2.951436E-8	0.000000	0.000000	0.000000	0.000000	0.000000	0.000000
5.424000E-6	0.704028	2.801059E-8	8.428000E-6	0.144275	2.929567E-8	0.000000	0.000000	0.000000	0.000000	0.000000	0.000000
5.424000E-6	0.693559	2.809963E-8	8.424000E-6	0.145224	2.883307E-8	0.000000	0.000000	0.000000	0.000000	0.000000	0.000000
5.424000E-6	0.694415	2.851179E-8	8.424000E-6	0.144425	2.930491E-8	0.000000	0.000000	0.000000	0.000000	0.000000	0.000000
5.424000E-6	0.694136	2.841133E-8	8.424000E-6	0.144163	2.926559E-8	0.000000	0.000000	0.000000	0.000000	0.000000	0.000000
5.424000E-6	0.697109	2.793329E-8	8.424000E-6	0.145203	2.892109E-8	0.000000	0.000000	0.000000	0.000000	0.000000	0.000000
5.420000E-6	0.702419	2.779565E-8	8.424000E-6	0.145488	2.930572E-8	0.000000	0.000000	0.000000	0.000000	0.000000	0.000000
5.420000E-6	0.703531	2.779700E-8	8.424000E-6	0.141562	3.009226E-8	0.000000	0.000000	0.000000	0.000000	0.000000	0.000000
5.424000E-6	0.694350	2.791733E-8	8.428000E-6	0.148551	2.888065E-8	0.000000	0.000000	0.000000	0.000000	0.000000	0.000000
5.424000E-6	0.693902	2.811411E-8	8.424000E-6	0.148585	2.843153E-8	0.000000	0.000000	0.000000	0.000000	0.000000	0.000000
5.424000E-6	0.691690	2.845735E-8	8.424000E-6	0.147533	2.878041E-8	0.000000	0.000000	0.000000	0.000000	0.000000	0.000000
5.424000E-6	0.697812	2.831934E-8	8.424000E-6	0.142542	2.901605E-8	0.000000	0.000000	0.000000	0.000000	0.000000	0.000000
5.424000E-6	0.695764	2.800608E-8	8.424000E-6	0.144970	2.941867E-8	0.000000	0.000000	0.000000	0.000000	0.000000	0.000000
5.420000E-6	0.702005	2.793951E-8	8.424000E-6	0.147617	2.915443E-8	0.000000	0.000000	0.000000	0.000000	0.000000	0.000000
5.420000E-6	0.700762	2.782477E-8	8.424000E-6	0.143886	2.948746E-8	0.000000	0.000000	0.000000	0.000000	0.000000	0.000000
5.424000E-6	0.695095	2.790284E-8	8.428000E-6	0.145965	2.881615E-8	0.000000	0.000000	0.000000	0.000000	0.000000	0.000000
5.424000E-6	0.699721	2.824696E-8	8.424000E-6	0.147384	2.890956E-8	0.000000	0.000000	0.000000	0.000000	0.000000	0.000000
5.424000E-6	0.693260	2.850495E-8	8.424000E-6	0.146613	2.929083E-8	0.000000	0.000000	0.000000	0.000000	0.000000	0.000000
5.424000E-6	0.690499	2.819441E-8	8.424000E-6	0.145219	2.916984E-8	0.000000	0.000000	0.000000	0.000000	0.000000	0.000000
5.424000E-6	0.696452	2.795198E-8	8.424000E-6	0.146299	2.916537E-8	0.000000	0.000000	0.000000	0.000000	0.000000	0.000000
5.420000E-6	0.697874	2.783447E-8	8.424000E-6	0.146675	2.912397E-8	0.000000	0.000000	0.000000	0.000000	0.000000	0.000000
5.420000E-6	0.702339	2.789181E-8	8.424000E-6	0.140096	2.976206E-8	0.000000	0.000000	0.000000	0.000000	0.000000	0.000000
5.424000E-6	0.703864	2.812283E-8	8.428000E-6	0.140507	2.995834E-8	0.000000	0.000000	0.000000	0.000000	0.000000	0.000000
5.424000E-6	0.697537	2.817563E-8	8.424000E-6	0.147142	2.897868E-8	0.000000	0.000000	0.000000	0.000000	0.000000	0.000000
5.424000E-6	0.688895	2.855584E-8	8.424000E-6	0.148888	2.882681E-8	0.000000	0.000000	0.000000	0.000000	0.000000	0.000000
5.424000E-6	0.697212	2.834460E-8	8.424000E-6	0.146776	2.901594E-8	0.000000	0.000000	0.000000	0.000000	0.000000	0.000000
5.424000E-6	0.696389	2.799299E-8	8.424000E-6	0.146618	2.949393E-8	0.000000	0.000000	0.000000	0.000000	0.000000	0.000000
5.420000E-6	0.702540	2.793048E-8	8.424000E-6	0.146102	2.909613E-8	0.000000	0.000000	0.000000	0.000000	0.000000	0.000000
5.420000E-6	0.701236	2.778752E-8	8.424000E-6	0.138710	3.031438E-8	0.000000	0.000000	0.000000	0.000000	0.000000	0.000000
5.424000E-6	0.701087	2.797750E-8	8.424000E-6	0.147419	2.891944E-8	0.000000	0.000000	0.000000	0.000000	0.000000	0.000000
5.424000E-6	0.694682	2.837001E-8	8.424000E-6	0.144455	2.847951E-8	0.000000	0.000000	0.000000	0.000000	0.000000	0.000000
5.424000E-6	0.696862	2.847545E-8	8.424000E-6	0.144023	2.915885E-8	0.000000	0.000000	0.000000	0.000000	0.000000	0.000000
5.424000E-6	0.693253	2.809114E-8	8.424000E-6	0.146277	2.927530E-8	0.000000	0.000000	0.000000	0.000000	0.000000	0.000000
5.424000E-6	0.698600	2.791040E-8	8.424000E-6	0.146943	2.900736E-8	0.000000	0.000000	0.000000	0.000000	0.000000	0.000000
5.420000E-6	0.677051	2.862455E-8	8.424000E-6	0.140104	2.959926E-8	0.000000	0.000000	0.000000	0.000000	0.000000	0.000000
5.424000E-6	0.699741	2.793758E-8	8.428000E-6	0.138376	2.990343E-8	0.000000	0.000000	0.000000	0.000000	0.000000	0.000000
5.424000E-6	0.699936	2.816068E-8	8.424000E-6	0.147112	2.904833E-8	0.000000	0.000000	0.000000	0.000000	0.000000	0.000000
5.424000E-6	0.687005	2.839045E-8	8.424000E-6	0.148462	2.934403E-8	0.000000	0.000000	0.000000	0.000000	0.000000	0.000000
5.424000E-6	0.694683	2.845482E-8	8.424000E-6	0.145210	2.922207E-8	0.000000	0.000000	0.000000	0.000000	0.000000	0.000000
5.424000E-6	0.696274	2.804792E-8	8.424000E-6	0.146514	2.941532E-8	0.000000	0.000000	0.000000	0.000000	0.000000	0.000000
5.424000E-6	0.704442	2.773254E-8	8.424000E-6	0.148010	2.850928E-8	0.000000	0.000000	0.000000	0.000000	0.000000	0.000000
5.420000E-6	0.706062	2.782784E-8	8.424000E-6	0.147053	2.886033E-8	0.000000	0.000000	0.000000	0.000000	0.000000	0.000000
5.424000E-6	0.703695	2.799210E-8	8.428000E-6	0.146405	2.922850E-8	0.000000	0.000000	0.000000	0.000000	0.000000	0.000000
5.424000E-6	0.698097	2.829358E-8	8.424000E-6	0.145827	2.913930E-8	0.000000	0.000000	0.000000	0.000000	0.000000	0.000000
5.424000E-6	0.690431	2.856367E-8	8.424000E-6	0.147809	2.929730E-8	0.000000	0.000000	0.000000	0.000000	0.000000	0.000000
5.424000E-6	0.698712	2.826380E-8	8.424000E-6	0.143999	2.934611E-8	0.000000	0.000000	0.000000	0.000000	0.000000	0.000000
5.424000E-6	0.696109	2.794401E-8	8.424000E-6	0.146149	2.974448E-8	0.000000	0.000000	0.000000	0.000000	0.000000	0.000000
5.420000E-6	0.698127	2.780175E-8	8.424000E-6	0.147309	2.888759E-8	0.000000	0.000000	0.000000	0.000000	0.000000	0.000000
5.420000E-6	0.701510	2.778293E-8	8.424000E-6	0.140638	2.939014E-8	0.000000	0.000000	0.000000	0.000000	0.000000	0.000000
5.424000E-6	0.701746	2.806473E-8	8.428000E-6	0.144854	2.894139E-8	0.000000	0.000000	0.000000	0.000000	0.000000	0.000000
5.424000E-6	0.698279	2.835147E-8	8.424000E-6	0.147685	2.923164E-8	0.000000	0.000000	0.000000	0.000000	0.000000	0.000000
5.424000E-6	0.688754	2.839302E-8	8.424000E-6	0.145116	2.920770E-8	0.000000	0.000000	0.000000	0.000000	0.000000	0.000000
5.424000E-6	0.702432	2.822556E-8	8.424000E-6	0.145142	2.966686E-8	0.000000	0.000000	0.000000	0.000000	0.000000	0.000000
5.424000E-6	0.703328	2.797189E-8	8.424000E-6	0.145748	2.884195E-8	0.000000	0.000000	0.000000	0.000000	0.000000	0.000000
5.420000E-6	0.671085	2.851528E-8	8.424000E-6	0.144468	2.958361E-8	0.000000	0.000000	0.000000	0.000000	0.000000	0.000000
5.424000E-6	0.698434	2.787962E-8	8.428000E-6	0.141964	2.949330E-8	0.000000	0.000000	0.000000	0.000000	0.000000	0.000000
5.424000E-6	0.698630	2.804165E-8	8.424000E-6	0.145873	2.918031E-8	0.000000	0.000000	0.000000	0.000000	0.000000	0.000000
5.424000E-6	0.689397	2.838448E-8	8.424000E-6	0.147477	2.867735E-8	0.000000	0.000000	0.000000	0.000000	0.000000	0.000000
5.424000E-6	0.693129	2.824934E-8	8.424000E-6	0.143690	2.958400E-8	0.000000	0.000000	0.000000	0.000000	0.000000	0.000000
5.424000E-6	0.694905	2.804244E-8	8.424000E-6	0.145321	2.911257E-8	0.000000	0.000000	0.000000	0.000000	0.000000	0.000000
5.420000E-6	0.700694	2.788481E-8	8.424000E-6	0.149499	2.911564E-8	0.000000	0.000000	0.000000	0.000000	0.000000	0.000000
5.420000E-6	0.696140	2.780111E-8	8.424000E-6	0.145647	2.882067E-8	0.000000	0.000000	0.000000	0.000000	0.000000	0.000000
5.424000E-6	0.697543	2.783569E-8	8.428000E-6	0.137806	3.005428E-8	0.000000	0.000000	0.000000	0.000000	0.000000	0.000000
5.424000E-6	0.697666	2.822026E-8	8.424000E-6	0.145624	2.918742E-8	0.000000	0.000000	0.000000	0.000000	0.000000	0.000000
5.424000E-6	0.690879	2.835437E-8	8.424000E-6	0.145177	2.906252E-8	0.000000	0.000000	0.000000	0.000000	0.000000	0.000000
5.424000E-6	0.692901	2.828152E-8	8.424000E-6	0.144040	2.966316E-8	0.000000	0.000000	0.000000	0.000000	0.000000	0.000000
5.424000E-6	0.697538	2.794491E-8	8.424000E-6	0.148425	2.920281E-8	0.000000	0.000000	0.000000	0.000000	0.000000	0.000000
5.420000E-6	0.701624	2.784557E-8	8.424000E-6	0.145652	2.899612E-8	0.000000	0.000000	0.000000	0.000000	0.000000	0.000000
5.420000E-6	0.698979	2.779561E-8	8.424000E-6	0.141023	2.936838E-8	0.000000	0.000000	0.000000	0.000000	0.000000	0.000000
5.424000E-6	0.702550	2.800189E-8	8.428000E-6	0.148243	2.887171E-8	0.000000	0.000000	0.000000	0.000000	0.000000	0.000000
5.424000E-6	0.699593	2.819942E-8	8.424000E-6	0.147226	2.935942E-8	0.000000	0.000000	0.000000	0.000000	0.000000	0.000000
5.424000E-6	0.689171	2.836353E-8	8.424000E-6	0.145228	2.902615E-8	0.000000	0.000000	0.000000	0.000000	0.000000	0.000000
5.424000E-6	0.692805	2.814627E-8	8.424000E-6	0.147377	2.948135E-8	0.000000	0.000000	0.000000	0.000000	0.000000	0.000000
5.424000E-6	0.696563	2.799442E-8	8.424000E-6	0.145324	2.915094E-8	0.000000	0.000000	0.000000	0.000000	0.000000	0.000000
5.420000E-6	0.704385	2.785844E-8	8.424000E-6	0.148255	2.892713E-8	0.000000	0.000000	0.000000	0.000000	0.000000	0.000000
5.424000E-6	0.703117	2.765885E-8	8.428000E-6	0.143833	2.917777E-8	0.000000	0.000000	0.000000	0.000000	0.000000	0.000000
5.424000E-6	0.695338	2.795520E-8	8.428000E-6	0.143913	2.896595E-8	0.000000	0.000000	0.000000	0.000000	0.000000	0.000000
5.424000E-6	0.693740	2.828386E-8	8.424000E-6	0.145534	2.892568E-8	0.000000	0.000000	0.000000	0.000000	0.000000	0.000000
5.424000E-6	0.696550	2.858475E-8	8.424000E-6	0.144767	2.938773E-8	0.000000	0.000000	0.000000	0.000000	0.000000	0.000000
5.424000E-6	0.697562	2.829915E-8	8.424000E-6	0.145536	2.910753E-8	0.000000	0.000000	0.000000	0.000000	0.000000	0.000000
5.424000E-6	0.699669	2.791539E-8	8.424000E-6	0.148342	2.920501E-8	0.000000	0.000000	0.000000	0.000000	0.000000	0.000000
5.420000E-6	0.703349	2.775113E-8	8.424000E-6	0.148467	2.954912E-8	0.000000	0.000000	0.000000	0.000000	0.000000	0.000000
5.424000E-6	0.698113	2.777613E-8	8.428000E-6	0.143058	2.981020E-8	0.000000	0.000000	0.000000	0.000000	0.000000	0.000000
5.424000E-6	0.693960	2.794510E-8	8.424000E-6	0.146111	2.891262E-8	0.000000	0.000000	0.000000	0.000000	0.000000	0.000000
5.424000E-6	0.695119	2.832312E-8	8.424000E-6	0.148576	2.847225E-8	0.000000	0.000000	0.000000	0.000000	0.000000	0.000000
5.424000E-6	0.691871	2.839983E-8	8.424000E-6	0.146762	2.907168E-8	0.000000	0.000000	0.000000	0.000000	0.000000	0.000000
5.424000E-6	0.696589	2.834895E-8	8.424000E-6	0.147640	2.922314E-8	0.000000	0.000000	0.000000	0.000000	0.000000	0.000000
5.424000E-6	0.697891	2.787779E-8	8.424000E-6	0.145034	2.951091E-8	0.000000	0.000000	0.000000	0.000000	0.000000	0.000000
5.420000E-6	0.704119	2.775107E-8	8.424000E-6	0.145709	2.918452E-8	0.000000	0.000000	0.000000	0.000000	0.000000	0.000000
5.424000E-6	0.698420	2.779480E-8	8.428000E-6	0.140448	2.984490E-8	0.000000	0.000000	0.000000	0.000000	0.000000	0.000000
5.424000E-6	0.694267	2.788999E-8	8.424000E-6	0.146412	2.905940E-8	0.000000	0.000000	0.000000	0.000000	0.000000	0.000000
5.424000E-6	0.698261	2.829339E-8	8.424000E-6	0.144820	2.977782E-8	0.000000	0.000000	0.000000	0.000000	0.000000	0.000000
5.424000E-6	0.693010	2.847336E-8	8.424000E-6	0.146969	2.944544E-8	0.000000	0.000000	0.000000	0.000000	0.000000	0.000000
5.424000E-6	0.695386	2.832417E-8	8.424000E-6	0.144564	2.930368E-8	0.000000	0.000000	0.000000	0.000000	0.000000	0.000000
5.424000E-6	0.695870	2.789765E-8	8.424000E-6	0.148515	2.892916E-8	0.000000	0.000000	0.000000	0.000000	0.000000	0.000000
5.420000E-6	0.702432	2.793293E-8	8.424000E-6	0.145790	2.901191E-8	0.000000	0.000000	0.000000	0.000000	0.000000	0.000000
5.420000E-6	0.700899	2.788180E-8	8.424000E-6	0.139314	2.961328E-8	0.000000	0.000000	0.000000	0.000000	0.000000	0.000000
5.424000E-6	0.697938	2.788620E-8	8.428000E-6	0.146129	2.900533E-8	0.000000	0.000000	0.000000	0.000000	0.000000	0.000000
5.424000E-6	0.697475	2.827591E-8	8.424000E-6	0.145104	2.886435E-8	0.000000	0.000000	0.000000	0.000000	0.000000	0.000000
5.424000E-6	0.692458	2.845713E-8	8.424000E-6	0.147203	2.864311E-8	0.000000	0.000000	0.000000	0.000000	0.000000	0.000000
5.424000E-6	0.694128	2.821415E-8	8.424000E-6	0.143924	2.974320E-8	0.000000	0.000000	0.000000	0.000000	0.000000	0.000000
5.424000E-6	0.700759	2.804572E-8	8.424000E-6	0.143757	2.983730E-8	0.000000	0.000000	0.000000	0.000000	0.000000	0.000000
5.420000E-6	0.698533	2.778190E-8	8.424000E-6	0.149314	2.931403E-8	0.000000	0.000000	0.000000	0.000000	0.000000	0.000000
5.420000E-6	0.701482	2.771124E-8	8.424000E-6	0.141721	2.926549E-8	0.000000	0.000000	0.000000	0.000000	0.000000	0.000000
5.424000E-6	0.697637	2.801686E-8	8.428000E-6	0.143910	2.946543E-8	0.000000	0.000000	0.000000	0.000000	0.000000	0.000000
5.424000E-6	0.693519	2.818759E-8	8.424000E-6	0.145432	2.883211E-8	0.000000	0.000000	0.000000	0.000000	0.000000	0.000000
5.424000E-6	0.692297	2.847028E-8	8.424000E-6	0.143385	2.976635E-8	0.000000	0.000000	0.000000	0.000000	0.000000	0.000000
5.424000E-6	0.699510	2.830751E-8	8.424000E-6	0.143838	2.913468E-8	0.000000	0.000000	0.000000	0.000000	0.000000	0.000000
5.424000E-6	0.701637	2.807483E-8	8.424000E-6	0.146213	2.914504E-8	0.000000	0.000000	0.000000	0.000000	0.000000	0.000000
5.420000E-6	0.701289	2.774088E-8	8.424000E-6	0.146998	2.892430E-8	0.000000	0.000000	0.000000	0.000000	0.000000	0.000000
5.420000E-6	0.700576	2.771221E-8	8.424000E-6	0.147828	2.886600E-8	0.000000	0.000000	0.000000	0.000000	0.000000	0.000000
5.424000E-6	0.694584	2.798112E-8	8.428000E-6	0.146169	2.906832E-8	0.000000	0.000000	0.000000	0.000000	0.000000	0.000000
5.424000E-6	0.693475	2.830842E-8	8.424000E-6	0.145901	2.939046E-8	0.000000	0.000000	0.000000	0.000000	0.000000	0.000000
5.424000E-6	0.691443	2.854538E-8	8.424000E-6	0.142925	2.924981E-8	0.000000	0.000000	0.000000	0.000000	0.000000	0.000000
5.424000E-6	0.698611	2.825006E-8	8.424000E-6	0.143974	2.918670E-8	0.000000	0.000000	0.000000	0.000000	0.000000	0.000000
5.424000E-6	0.696047	2.783647E-8	8.424000E-6	0.145522	2.984722E-8	0.000000	0.000000	0.000000	0.000000	0.000000	0.000000
5.420000E-6	0.703390	2.787523E-8	8.424000E-6	0.148156	2.865032E-8	0.000000	0.000000	0.000000	0.000000	0.000000	0.000000
5.424000E-6	0.700409	2.787489E-8	8.428000E-6	0.145999	2.912127E-8	0.000000	0.000000	0.000000	0.000000	0.000000	0.000000
5.424000E-6	0.701363	2.814478E-8	8.428000E-6	0.150556	2.861099E-8	0.000000	0.000000	0.000000	0.000000	0.000000	0.000000
5.424000E-6	0.697058	2.835014E-8	8.424000E-6	0.147278	2.910061E-8	0.000000	0.000000	0.000000	0.000000	0.000000	0.000000
