Trigger Count=581	Output Count=581	Elapsed Time=05.806	Number of Pulses CH0=2	Number of Pulses CH1=0
ple rate (Hz)=2.50E+8	Min record length=11364	Trigger level (V)=0.1000	Channel 0 threshold (V)=0.0600	Channel 1 threshold (V)=0.0600	Range (microseconds)=40.0000	Pulse 2 delay (microseconds)=1.0000	Lower cut-off frequency (Hz)=3.00E+7
                             	                             
Ch0_time1 (s)	Ch0_amp1 (V)	Ch0_width1 (s)	Ch0_time2 (s)	Ch0_amp2 (V)	Ch0_width2 (s)	Ch1_time1 (s)	Ch1_amp1 (V)	Ch1_width1 (s)	Ch1_time2 (s)	Ch1_amp2 (V)	Ch1_width2 (s)
5.424000E-6	0.697115	2.830350E-8	8.424000E-6	0.735010	3.005710E-8	0.000000	0.000000	0.000000	0.000000	0.000000	0.000000
5.424000E-6	0.688985	2.837988E-8	8.424000E-6	0.738374	3.075223E-8	0.000000	0.000000	0.000000	0.000000	0.000000	0.000000
5.424000E-6	0.700866	2.816658E-8	8.424000E-6	0.730976	3.068968E-8	0.000000	0.000000	0.000000	0.000000	0.000000	0.000000
5.424000E-6	0.701866	2.778632E-8	8.420000E-6	0.733562	3.033687E-8	0.000000	0.000000	0.000000	0.000000	0.000000	0.000000
5.420000E-6	0.703369	2.772445E-8	8.420000E-6	0.737054	2.997819E-8	0.000000	0.000000	0.000000	0.000000	0.000000	0.000000
5.424000E-6	0.700632	2.810265E-8	8.424000E-6	0.706147	3.049520E-8	0.000000	0.000000	0.000000	0.000000	0.000000	0.000000
5.424000E-6	0.692879	2.815874E-8	8.424000E-6	0.736663	2.999735E-8	0.000000	0.000000	0.000000	0.000000	0.000000	0.000000
5.424000E-6	0.694762	2.858925E-8	8.424000E-6	0.739693	3.069662E-8	0.000000	0.000000	0.000000	0.000000	0.000000	0.000000
5.424000E-6	0.696900	2.816192E-8	8.424000E-6	0.733307	3.067533E-8	0.000000	0.000000	0.000000	0.000000	0.000000	0.000000
5.424000E-6	0.700485	2.783350E-8	8.424000E-6	0.737426	3.050706E-8	0.000000	0.000000	0.000000	0.000000	0.000000	0.000000
5.420000E-6	0.669992	2.841065E-8	8.420000E-6	0.737317	3.015141E-8	0.000000	0.000000	0.000000	0.000000	0.000000	0.000000
5.424000E-6	0.703680	2.801087E-8	8.424000E-6	0.735563	2.978958E-8	0.000000	0.000000	0.000000	0.000000	0.000000	0.000000
5.424000E-6	0.695197	2.814415E-8	8.424000E-6	0.735304	2.995877E-8	0.000000	0.000000	0.000000	0.000000	0.000000	0.000000
5.424000E-6	0.690630	2.835938E-8	8.424000E-6	0.739270	3.052903E-8	0.000000	0.000000	0.000000	0.000000	0.000000	0.000000
5.424000E-6	0.702607	2.838873E-8	8.424000E-6	0.732895	3.071471E-8	0.000000	0.000000	0.000000	0.000000	0.000000	0.000000
5.424000E-6	0.701738	2.808721E-8	8.424000E-6	0.738396	3.075902E-8	0.000000	0.000000	0.000000	0.000000	0.000000	0.000000
5.420000E-6	0.698092	2.774629E-8	8.420000E-6	0.737831	3.012500E-8	0.000000	0.000000	0.000000	0.000000	0.000000	0.000000
5.424000E-6	0.706135	2.773384E-8	8.424000E-6	0.735107	2.976164E-8	0.000000	0.000000	0.000000	0.000000	0.000000	0.000000
5.424000E-6	0.692988	2.790502E-8	8.424000E-6	0.735532	2.981854E-8	0.000000	0.000000	0.000000	0.000000	0.000000	0.000000
5.424000E-6	0.692304	2.826414E-8	8.424000E-6	0.737365	3.042949E-8	0.000000	0.000000	0.000000	0.000000	0.000000	0.000000
5.424000E-6	0.694434	2.836149E-8	8.424000E-6	0.734059	3.074923E-8	0.000000	0.000000	0.000000	0.000000	0.000000	0.000000
5.424000E-6	0.705534	2.811091E-8	8.424000E-6	0.731868	3.056383E-8	0.000000	0.000000	0.000000	0.000000	0.000000	0.000000
5.420000E-6	0.706369	2.796724E-8	8.420000E-6	0.737820	3.023177E-8	0.000000	0.000000	0.000000	0.000000	0.000000	0.000000
5.424000E-6	0.698082	2.785430E-8	8.424000E-6	0.735369	2.982857E-8	0.000000	0.000000	0.000000	0.000000	0.000000	0.000000
5.424000E-6	0.701800	2.806619E-8	8.424000E-6	0.737157	2.984172E-8	0.000000	0.000000	0.000000	0.000000	0.000000	0.000000
5.424000E-6	0.692258	2.831682E-8	8.424000E-6	0.732699	3.020618E-8	0.000000	0.000000	0.000000	0.000000	0.000000	0.000000
5.424000E-6	0.696894	2.826253E-8	8.424000E-6	0.738094	3.089735E-8	0.000000	0.000000	0.000000	0.000000	0.000000	0.000000
5.424000E-6	0.698422	2.801212E-8	8.424000E-6	0.733656	3.071771E-8	0.000000	0.000000	0.000000	0.000000	0.000000	0.000000
5.420000E-6	0.702770	2.775015E-8	8.420000E-6	0.736488	3.023732E-8	0.000000	0.000000	0.000000	0.000000	0.000000	0.000000
5.420000E-6	0.700022	2.770298E-8	8.420000E-6	0.735525	2.987715E-8	0.000000	0.000000	0.000000	0.000000	0.000000	0.000000
5.424000E-6	0.703105	2.807906E-8	8.424000E-6	0.734714	2.983787E-8	0.000000	0.000000	0.000000	0.000000	0.000000	0.000000
5.424000E-6	0.690268	2.825936E-8	8.424000E-6	0.737478	3.022700E-8	0.000000	0.000000	0.000000	0.000000	0.000000	0.000000
5.424000E-6	0.694673	2.849612E-8	8.424000E-6	0.738285	3.092957E-8	0.000000	0.000000	0.000000	0.000000	0.000000	0.000000
5.424000E-6	0.696805	2.799889E-8	8.424000E-6	0.736046	3.078405E-8	0.000000	0.000000	0.000000	0.000000	0.000000	0.000000
5.424000E-6	0.701187	2.770196E-8	8.420000E-6	0.732364	3.020956E-8	0.000000	0.000000	0.000000	0.000000	0.000000	0.000000
5.420000E-6	0.705929	2.799025E-8	8.420000E-6	0.736771	2.995755E-8	0.000000	0.000000	0.000000	0.000000	0.000000	0.000000
5.424000E-6	0.700092	2.791689E-8	8.424000E-6	0.737627	2.978874E-8	0.000000	0.000000	0.000000	0.000000	0.000000	0.000000
5.424000E-6	0.694434	2.823029E-8	8.424000E-6	0.736581	3.015658E-8	0.000000	0.000000	0.000000	0.000000	0.000000	0.000000
5.424000E-6	0.693928	2.857604E-8	8.424000E-6	0.733251	3.065608E-8	0.000000	0.000000	0.000000	0.000000	0.000000	0.000000
5.424000E-6	0.693485	2.805366E-8	8.424000E-6	0.734076	3.069729E-8	0.000000	0.000000	0.000000	0.000000	0.000000	0.000000
5.424000E-6	0.700008	2.781641E-8	8.420000E-6	0.731477	3.027955E-8	0.000000	0.000000	0.000000	0.000000	0.000000	0.000000
5.420000E-6	0.702684	2.775422E-8	8.420000E-6	0.737196	2.987632E-8	0.000000	0.000000	0.000000	0.000000	0.000000	0.000000
5.424000E-6	0.696960	2.791397E-8	8.424000E-6	0.738219	2.987184E-8	0.000000	0.000000	0.000000	0.000000	0.000000	0.000000
5.424000E-6	0.696706	2.824370E-8	8.424000E-6	0.736997	3.007530E-8	0.000000	0.000000	0.000000	0.000000	0.000000	0.000000
5.424000E-6	0.688333	2.843150E-8	8.424000E-6	0.738387	3.072415E-8	0.000000	0.000000	0.000000	0.000000	0.000000	0.000000
5.424000E-6	0.699976	2.819899E-8	8.424000E-6	0.734648	3.071295E-8	0.000000	0.000000	0.000000	0.000000	0.000000	0.000000
5.424000E-6	0.699470	2.791891E-8	8.420000E-6	0.731485	3.036432E-8	0.000000	0.000000	0.000000	0.000000	0.000000	0.000000
5.420000E-6	0.698802	2.779363E-8	8.420000E-6	0.738516	2.989101E-8	0.000000	0.000000	0.000000	0.000000	0.000000	0.000000
5.424000E-6	0.706388	2.806285E-8	8.424000E-6	0.705937	3.058185E-8	0.000000	0.000000	0.000000	0.000000	0.000000	0.000000
5.424000E-6	0.690913	2.828010E-8	8.424000E-6	0.736716	3.006615E-8	0.000000	0.000000	0.000000	0.000000	0.000000	0.000000
5.424000E-6	0.692716	2.854441E-8	8.424000E-6	0.733470	3.049603E-8	0.000000	0.000000	0.000000	0.000000	0.000000	0.000000
5.424000E-6	0.697001	2.834236E-8	8.424000E-6	0.738997	3.086955E-8	0.000000	0.000000	0.000000	0.000000	0.000000	0.000000
5.424000E-6	0.699201	2.790563E-8	8.424000E-6	0.732961	3.036584E-8	0.000000	0.000000	0.000000	0.000000	0.000000	0.000000
5.420000E-6	0.569397	3.112151E-8	8.420000E-6	0.737382	3.002078E-8	0.000000	0.000000	0.000000	0.000000	0.000000	0.000000
5.424000E-6	0.705866	2.797931E-8	8.424000E-6	0.704841	3.052952E-8	0.000000	0.000000	0.000000	0.000000	0.000000	0.000000
5.424000E-6	0.702166	2.832884E-8	8.424000E-6	0.735323	2.996000E-8	0.000000	0.000000	0.000000	0.000000	0.000000	0.000000
5.424000E-6	0.693221	2.856069E-8	8.424000E-6	0.732470	3.033024E-8	0.000000	0.000000	0.000000	0.000000	0.000000	0.000000
5.424000E-6	0.690567	2.818046E-8	8.424000E-6	0.733275	3.067653E-8	0.000000	0.000000	0.000000	0.000000	0.000000	0.000000
5.424000E-6	0.704449	2.804280E-8	8.424000E-6	0.738138	3.072648E-8	0.000000	0.000000	0.000000	0.000000	0.000000	0.000000
5.420000E-6	0.702207	2.775328E-8	8.420000E-6	0.736170	3.014126E-8	0.000000	0.000000	0.000000	0.000000	0.000000	0.000000
5.424000E-6	0.697832	2.778445E-8	8.424000E-6	0.736554	2.981777E-8	0.000000	0.000000	0.000000	0.000000	0.000000	0.000000
5.424000E-6	0.702000	2.808043E-8	8.424000E-6	0.736076	2.979828E-8	0.000000	0.000000	0.000000	0.000000	0.000000	0.000000
5.424000E-6	0.697097	2.835126E-8	8.424000E-6	0.738426	3.026171E-8	0.000000	0.000000	0.000000	0.000000	0.000000	0.000000
5.424000E-6	0.694135	2.848459E-8	8.424000E-6	0.734006	3.065519E-8	0.000000	0.000000	0.000000	0.000000	0.000000	0.000000
5.424000E-6	0.695840	2.814748E-8	8.424000E-6	0.731657	3.061044E-8	0.000000	0.000000	0.000000	0.000000	0.000000	0.000000
5.424000E-6	0.705116	2.791923E-8	8.420000E-6	0.736650	3.047091E-8	0.000000	0.000000	0.000000	0.000000	0.000000	0.000000
5.420000E-6	0.704173	2.783390E-8	8.420000E-6	0.737096	3.002350E-8	0.000000	0.000000	0.000000	0.000000	0.000000	0.000000
5.424000E-6	0.701048	2.778576E-8	8.424000E-6	0.705137	3.051883E-8	0.000000	0.000000	0.000000	0.000000	0.000000	0.000000
5.424000E-6	0.701518	2.817878E-8	8.424000E-6	0.736212	3.005516E-8	0.000000	0.000000	0.000000	0.000000	0.000000	0.000000
5.424000E-6	0.696360	2.855563E-8	8.424000E-6	0.737386	3.065544E-8	0.000000	0.000000	0.000000	0.000000	0.000000	0.000000
5.424000E-6	0.696951	2.808138E-8	8.424000E-6	0.734409	3.076290E-8	0.000000	0.000000	0.000000	0.000000	0.000000	0.000000
5.424000E-6	0.700445	2.789236E-8	8.424000E-6	0.738024	3.055782E-8	0.000000	0.000000	0.000000	0.000000	0.000000	0.000000
5.420000E-6	0.708818	2.783326E-8	8.420000E-6	0.737510	3.007016E-8	0.000000	0.000000	0.000000	0.000000	0.000000	0.000000
5.424000E-6	0.703338	2.793591E-8	8.424000E-6	0.738394	2.986849E-8	0.000000	0.000000	0.000000	0.000000	0.000000	0.000000
5.424000E-6	0.702857	2.821782E-8	8.424000E-6	0.736664	2.990021E-8	0.000000	0.000000	0.000000	0.000000	0.000000	0.000000
5.424000E-6	0.695641	2.848652E-8	8.424000E-6	0.736742	3.037948E-8	0.000000	0.000000	0.000000	0.000000	0.000000	0.000000
5.424000E-6	0.694772	2.836219E-8	8.424000E-6	0.738562	3.089265E-8	0.000000	0.000000	0.000000	0.000000	0.000000	0.000000
5.424000E-6	0.696675	2.802804E-8	8.424000E-6	0.733125	3.057205E-8	0.000000	0.000000	0.000000	0.000000	0.000000	0.000000
5.420000E-6	0.705979	2.785964E-8	8.420000E-6	0.737626	3.031365E-8	0.000000	0.000000	0.000000	0.000000	0.000000	0.000000
5.424000E-6	0.703638	2.771714E-8	8.424000E-6	0.736716	2.986810E-8	0.000000	0.000000	0.000000	0.000000	0.000000	0.000000
5.424000E-6	0.702922	2.815433E-8	8.424000E-6	0.735865	2.992275E-8	0.000000	0.000000	0.000000	0.000000	0.000000	0.000000
5.424000E-6	0.694098	2.835990E-8	8.424000E-6	0.737524	3.032320E-8	0.000000	0.000000	0.000000	0.000000	0.000000	0.000000
5.424000E-6	0.699678	2.841703E-8	8.424000E-6	0.739527	3.094391E-8	0.000000	0.000000	0.000000	0.000000	0.000000	0.000000
5.424000E-6	0.699219	2.805975E-8	8.424000E-6	0.739597	3.068593E-8	0.000000	0.000000	0.000000	0.000000	0.000000	0.000000
5.420000E-6	0.697124	2.783837E-8	8.420000E-6	0.737866	3.029715E-8	0.000000	0.000000	0.000000	0.000000	0.000000	0.000000
5.424000E-6	0.696717	2.780605E-8	8.424000E-6	0.736668	2.982144E-8	0.000000	0.000000	0.000000	0.000000	0.000000	0.000000
5.424000E-6	0.697130	2.794348E-8	8.424000E-6	0.735107	2.970785E-8	0.000000	0.000000	0.000000	0.000000	0.000000	0.000000
5.424000E-6	0.697144	2.848767E-8	8.424000E-6	0.737863	3.025137E-8	0.000000	0.000000	0.000000	0.000000	0.000000	0.000000
5.424000E-6	0.693709	2.838002E-8	8.424000E-6	0.733488	3.068784E-8	0.000000	0.000000	0.000000	0.000000	0.000000	0.000000
5.424000E-6	0.697728	2.800929E-8	8.424000E-6	0.739306	3.086944E-8	0.000000	0.000000	0.000000	0.000000	0.000000	0.000000
5.420000E-6	0.703636	2.795494E-8	8.420000E-6	0.737818	3.041079E-8	0.000000	0.000000	0.000000	0.000000	0.000000	0.000000
5.420000E-6	0.702972	2.769071E-8	8.420000E-6	0.736465	2.989043E-8	0.000000	0.000000	0.000000	0.000000	0.000000	0.000000
5.424000E-6	0.696536	2.793999E-8	8.424000E-6	0.734863	2.973537E-8	0.000000	0.000000	0.000000	0.000000	0.000000	0.000000
5.424000E-6	0.694027	2.818116E-8	8.424000E-6	0.737938	3.019782E-8	0.000000	0.000000	0.000000	0.000000	0.000000	0.000000
5.424000E-6	0.689548	2.831484E-8	8.424000E-6	0.731720	3.059385E-8	0.000000	0.000000	0.000000	0.000000	0.000000	0.000000
5.424000E-6	0.698084	2.812545E-8	8.424000E-6	0.732020	3.069288E-8	0.000000	0.000000	0.000000	0.000000	0.000000	0.000000
5.424000E-6	0.701383	2.795845E-8	8.420000E-6	0.732346	3.023932E-8	0.000000	0.000000	0.000000	0.000000	0.000000	0.000000
5.424000E-6	0.703652	2.816007E-8	8.424000E-6	0.737175	2.984867E-8	0.000000	0.000000	0.000000	0.000000	0.000000	0.000000
5.424000E-6	0.697343	2.835299E-8	8.424000E-6	0.738010	3.010446E-8	0.000000	0.000000	0.000000	0.000000	0.000000	0.000000
5.424000E-6	0.698546	2.841969E-8	8.424000E-6	0.732290	3.060554E-8	0.000000	0.000000	0.000000	0.000000	0.000000	0.000000
5.424000E-6	0.702199	2.827651E-8	8.424000E-6	0.738964	3.081184E-8	0.000000	0.000000	0.000000	0.000000	0.000000	0.000000
5.424000E-6	0.699276	2.787449E-8	8.420000E-6	0.731475	3.017999E-8	0.000000	0.000000	0.000000	0.000000	0.000000	0.000000
5.420000E-6	0.697270	2.772229E-8	8.420000E-6	0.737280	2.990854E-8	0.000000	0.000000	0.000000	0.000000	0.000000	0.000000
5.424000E-6	0.701355	2.785813E-8	8.424000E-6	0.735878	2.976987E-8	0.000000	0.000000	0.000000	0.000000	0.000000	0.000000
5.424000E-6	0.699100	2.824473E-8	8.424000E-6	0.740333	3.015113E-8	0.000000	0.000000	0.000000	0.000000	0.000000	0.000000
5.424000E-6	0.695178	2.846789E-8	8.424000E-6	0.732430	3.058547E-8	0.000000	0.000000	0.000000	0.000000	0.000000	0.000000
5.424000E-6	0.696900	2.805661E-8	8.424000E-6	0.734104	3.074351E-8	0.000000	0.000000	0.000000	0.000000	0.000000	0.000000
5.424000E-6	0.699912	2.790009E-8	8.420000E-6	0.738227	3.050376E-8	0.000000	0.000000	0.000000	0.000000	0.000000	0.000000
5.420000E-6	0.706750	2.794817E-8	8.420000E-6	0.737274	2.990623E-8	0.000000	0.000000	0.000000	0.000000	0.000000	0.000000
5.424000E-6	0.699658	2.791302E-8	8.424000E-6	0.706197	3.055299E-8	0.000000	0.000000	0.000000	0.000000	0.000000	0.000000
5.424000E-6	0.694523	2.810617E-8	8.424000E-6	0.736257	2.995204E-8	0.000000	0.000000	0.000000	0.000000	0.000000	0.000000
5.424000E-6	0.690449	2.848490E-8	8.424000E-6	0.737753	3.062432E-8	0.000000	0.000000	0.000000	0.000000	0.000000	0.000000
5.424000E-6	0.694285	2.816403E-8	8.424000E-6	0.734061	3.074913E-8	0.000000	0.000000	0.000000	0.000000	0.000000	0.000000
5.424000E-6	0.699634	2.802545E-8	8.424000E-6	0.738504	3.064018E-8	0.000000	0.000000	0.000000	0.000000	0.000000	0.000000
5.420000E-6	0.671206	2.848082E-8	8.420000E-6	0.737053	3.010569E-8	0.000000	0.000000	0.000000	0.000000	0.000000	0.000000
5.424000E-6	0.698473	2.777876E-8	8.424000E-6	0.736627	2.977984E-8	0.000000	0.000000	0.000000	0.000000	0.000000	0.000000
5.424000E-6	0.695387	2.802280E-8	8.424000E-6	0.735905	2.994388E-8	0.000000	0.000000	0.000000	0.000000	0.000000	0.000000
5.424000E-6	0.693851	2.856646E-8	8.424000E-6	0.738035	3.053477E-8	0.000000	0.000000	0.000000	0.000000	0.000000	0.000000
5.424000E-6	0.702490	2.839254E-8	8.424000E-6	0.738571	3.082161E-8	0.000000	0.000000	0.000000	0.000000	0.000000	0.000000
5.424000E-6	0.701256	2.806809E-8	8.424000E-6	0.738470	3.073610E-8	0.000000	0.000000	0.000000	0.000000	0.000000	0.000000
5.420000E-6	0.707193	2.782029E-8	8.420000E-6	0.737173	3.008134E-8	0.000000	0.000000	0.000000	0.000000	0.000000	0.000000
5.424000E-6	0.704448	2.801829E-8	8.424000E-6	0.737156	2.978217E-8	0.000000	0.000000	0.000000	0.000000	0.000000	0.000000
5.424000E-6	0.697187	2.818581E-8	8.424000E-6	0.735765	2.987297E-8	0.000000	0.000000	0.000000	0.000000	0.000000	0.000000
5.424000E-6	0.690610	2.837341E-8	8.424000E-6	0.732892	3.035036E-8	0.000000	0.000000	0.000000	0.000000	0.000000	0.000000
5.424000E-6	0.694683	2.818076E-8	8.424000E-6	0.732737	3.071011E-8	0.000000	0.000000	0.000000	0.000000	0.000000	0.000000
5.424000E-6	0.696111	2.796696E-8	8.424000E-6	0.734270	3.060541E-8	0.000000	0.000000	0.000000	0.000000	0.000000	0.000000
5.420000E-6	0.701698	2.773703E-8	8.420000E-6	0.737928	3.018733E-8	0.000000	0.000000	0.000000	0.000000	0.000000	0.000000
5.424000E-6	0.704384	2.796200E-8	8.424000E-6	0.737595	2.976216E-8	0.000000	0.000000	0.000000	0.000000	0.000000	0.000000
5.424000E-6	0.699450	2.818083E-8	8.424000E-6	0.735899	2.994534E-8	0.000000	0.000000	0.000000	0.000000	0.000000	0.000000
5.424000E-6	0.691122	2.831643E-8	8.424000E-6	0.736849	3.036616E-8	0.000000	0.000000	0.000000	0.000000	0.000000	0.000000
5.424000E-6	0.697122	2.836965E-8	8.424000E-6	0.732752	3.068744E-8	0.000000	0.000000	0.000000	0.000000	0.000000	0.000000
5.424000E-6	0.697983	2.805164E-8	8.424000E-6	0.733490	3.057423E-8	0.000000	0.000000	0.000000	0.000000	0.000000	0.000000
5.420000E-6	0.703254	2.776079E-8	8.420000E-6	0.737626	3.029311E-8	0.000000	0.000000	0.000000	0.000000	0.000000	0.000000
5.424000E-6	0.699872	2.777609E-8	8.424000E-6	0.736922	2.982735E-8	0.000000	0.000000	0.000000	0.000000	0.000000	0.000000
5.424000E-6	0.702087	2.822998E-8	8.424000E-6	0.735793	2.991726E-8	0.000000	0.000000	0.000000	0.000000	0.000000	0.000000
5.424000E-6	0.695555	2.847482E-8	8.424000E-6	0.737360	3.042427E-8	0.000000	0.000000	0.000000	0.000000	0.000000	0.000000
5.424000E-6	0.692929	2.823625E-8	8.424000E-6	0.732918	3.067222E-8	0.000000	0.000000	0.000000	0.000000	0.000000	0.000000
5.424000E-6	0.697178	2.795099E-8	8.424000E-6	0.738779	3.070897E-8	0.000000	0.000000	0.000000	0.000000	0.000000	0.000000
5.420000E-6	0.670682	2.852964E-8	8.420000E-6	0.737491	3.022420E-8	0.000000	0.000000	0.000000	0.000000	0.000000	0.000000
5.424000E-6	0.704297	2.796035E-8	8.424000E-6	0.738073	2.995817E-8	0.000000	0.000000	0.000000	0.000000	0.000000	0.000000
5.424000E-6	0.701859	2.816846E-8	8.424000E-6	0.737265	2.984933E-8	0.000000	0.000000	0.000000	0.000000	0.000000	0.000000
5.424000E-6	0.690895	2.830567E-8	8.424000E-6	0.736001	3.041132E-8	0.000000	0.000000	0.000000	0.000000	0.000000	0.000000
5.424000E-6	0.701272	2.834777E-8	8.424000E-6	0.738663	3.087135E-8	0.000000	0.000000	0.000000	0.000000	0.000000	0.000000
5.424000E-6	0.701319	2.800188E-8	8.424000E-6	0.738137	3.071757E-8	0.000000	0.000000	0.000000	0.000000	0.000000	0.000000
5.420000E-6	0.566287	3.114093E-8	8.420000E-6	0.737673	3.017017E-8	0.000000	0.000000	0.000000	0.000000	0.000000	0.000000
5.424000E-6	0.703762	2.789749E-8	8.424000E-6	0.734804	2.974378E-8	0.000000	0.000000	0.000000	0.000000	0.000000	0.000000
5.424000E-6	0.701397	2.825676E-8	8.424000E-6	0.735514	2.981259E-8	0.000000	0.000000	0.000000	0.000000	0.000000	0.000000
5.424000E-6	0.693505	2.852746E-8	8.424000E-6	0.735654	3.033617E-8	0.000000	0.000000	0.000000	0.000000	0.000000	0.000000
5.424000E-6	0.697370	2.831085E-8	8.424000E-6	0.730971	3.070906E-8	0.000000	0.000000	0.000000	0.000000	0.000000	0.000000
5.424000E-6	0.698324	2.804568E-8	8.424000E-6	0.731629	3.051560E-8	0.000000	0.000000	0.000000	0.000000	0.000000	0.000000
5.420000E-6	0.699494	2.772469E-8	8.420000E-6	0.737587	3.017499E-8	0.000000	0.000000	0.000000	0.000000	0.000000	0.000000
5.424000E-6	0.706373	2.796963E-8	8.424000E-6	0.734714	2.982249E-8	0.000000	0.000000	0.000000	0.000000	0.000000	0.000000
5.424000E-6	0.695433	2.807336E-8	8.424000E-6	0.735499	2.991131E-8	0.000000	0.000000	0.000000	0.000000	0.000000	0.000000
5.424000E-6	0.693750	2.841696E-8	8.424000E-6	0.737411	3.042315E-8	0.000000	0.000000	0.000000	0.000000	0.000000	0.000000
5.424000E-6	0.694870	2.822400E-8	8.424000E-6	0.739027	3.081245E-8	0.000000	0.000000	0.000000	0.000000	0.000000	0.000000
5.424000E-6	0.697292	2.797470E-8	8.424000E-6	0.739048	3.076048E-8	0.000000	0.000000	0.000000	0.000000	0.000000	0.000000
5.420000E-6	0.702299	2.785777E-8	8.420000E-6	0.737521	3.026608E-8	0.000000	0.000000	0.000000	0.000000	0.000000	0.000000
5.424000E-6	0.705617	2.797141E-8	8.424000E-6	0.736774	2.977380E-8	0.000000	0.000000	0.000000	0.000000	0.000000	0.000000
5.424000E-6	0.694975	2.805264E-8	8.424000E-6	0.735654	2.995950E-8	0.000000	0.000000	0.000000	0.000000	0.000000	0.000000
5.424000E-6	0.695949	2.847251E-8	8.424000E-6	0.735781	3.027049E-8	0.000000	0.000000	0.000000	0.000000	0.000000	0.000000
5.424000E-6	0.691538	2.823443E-8	8.424000E-6	0.732649	3.077640E-8	0.000000	0.000000	0.000000	0.000000	0.000000	0.000000
5.424000E-6	0.696520	2.798569E-8	8.424000E-6	0.733957	3.071671E-8	0.000000	0.000000	0.000000	0.000000	0.000000	0.000000
5.420000E-6	0.701439	2.783234E-8	8.420000E-6	0.736945	3.021391E-8	0.000000	0.000000	0.000000	0.000000	0.000000	0.000000
5.424000E-6	0.700238	2.780865E-8	8.424000E-6	0.731073	2.971795E-8	0.000000	0.000000	0.000000	0.000000	0.000000	0.000000
5.424000E-6	0.695927	2.796676E-8	8.424000E-6	0.736443	2.987470E-8	0.000000	0.000000	0.000000	0.000000	0.000000	0.000000
5.424000E-6	0.691879	2.831468E-8	8.424000E-6	0.732946	3.015760E-8	0.000000	0.000000	0.000000	0.000000	0.000000	0.000000
5.424000E-6	0.695638	2.850452E-8	8.424000E-6	0.740106	3.082669E-8	0.000000	0.000000	0.000000	0.000000	0.000000	0.000000
5.424000E-6	0.698909	2.804144E-8	8.424000E-6	0.732261	3.060876E-8	0.000000	0.000000	0.000000	0.000000	0.000000	0.000000
5.420000E-6	0.567387	3.118014E-8	8.420000E-6	0.737617	3.027277E-8	0.000000	0.000000	0.000000	0.000000	0.000000	0.000000
5.424000E-6	0.699346	2.775189E-8	8.424000E-6	0.736580	2.976641E-8	0.000000	0.000000	0.000000	0.000000	0.000000	0.000000
5.424000E-6	0.700370	2.815431E-8	8.424000E-6	0.735987	2.987443E-8	0.000000	0.000000	0.000000	0.000000	0.000000	0.000000
5.424000E-6	0.688536	2.838827E-8	8.424000E-6	0.738185	3.047214E-8	0.000000	0.000000	0.000000	0.000000	0.000000	0.000000
5.424000E-6	0.693699	2.829776E-8	8.424000E-6	0.732016	3.073654E-8	0.000000	0.000000	0.000000	0.000000	0.000000	0.000000
5.424000E-6	0.702026	2.813246E-8	8.424000E-6	0.731688	3.055843E-8	0.000000	0.000000	0.000000	0.000000	0.000000	0.000000
5.420000E-6	0.704664	2.782810E-8	8.420000E-6	0.737236	3.020234E-8	0.000000	0.000000	0.000000	0.000000	0.000000	0.000000
5.424000E-6	0.701427	2.787948E-8	8.424000E-6	0.736575	2.982702E-8	0.000000	0.000000	0.000000	0.000000	0.000000	0.000000
5.424000E-6	0.697482	2.807264E-8	8.424000E-6	0.736274	2.996078E-8	0.000000	0.000000	0.000000	0.000000	0.000000	0.000000
5.424000E-6	0.692935	2.833920E-8	8.424000E-6	0.738309	3.021144E-8	0.000000	0.000000	0.000000	0.000000	0.000000	0.000000
5.424000E-6	0.691751	2.834976E-8	8.424000E-6	0.731852	3.082148E-8	0.000000	0.000000	0.000000	0.000000	0.000000	0.000000
5.424000E-6	0.696010	2.797869E-8	8.424000E-6	0.739029	3.078218E-8	0.000000	0.000000	0.000000	0.000000	0.000000	0.000000
5.420000E-6	0.699405	2.775202E-8	8.420000E-6	0.737860	3.027849E-8	0.000000	0.000000	0.000000	0.000000	0.000000	0.000000
5.424000E-6	0.704279	2.781491E-8	8.424000E-6	0.735180	2.981728E-8	0.000000	0.000000	0.000000	0.000000	0.000000	0.000000
5.424000E-6	0.701600	2.810403E-8	8.424000E-6	0.735808	2.986775E-8	0.000000	0.000000	0.000000	0.000000	0.000000	0.000000
5.424000E-6	0.693458	2.828312E-8	8.424000E-6	0.732341	3.016982E-8	0.000000	0.000000	0.000000	0.000000	0.000000	0.000000
5.424000E-6	0.690137	2.827016E-8	8.424000E-6	0.732432	3.070751E-8	0.000000	0.000000	0.000000	0.000000	0.000000	0.000000
5.424000E-6	0.697346	2.797675E-8	8.424000E-6	0.738824	3.082629E-8	0.000000	0.000000	0.000000	0.000000	0.000000	0.000000
5.420000E-6	0.705821	2.785819E-8	8.420000E-6	0.730426	3.012556E-8	0.000000	0.000000	0.000000	0.000000	0.000000	0.000000
5.420000E-6	0.700445	2.774588E-8	8.420000E-6	0.736778	2.982820E-8	0.000000	0.000000	0.000000	0.000000	0.000000	0.000000
5.424000E-6	0.699643	2.783201E-8	8.424000E-6	0.735982	2.981060E-8	0.000000	0.000000	0.000000	0.000000	0.000000	0.000000
5.424000E-6	0.698020	2.833828E-8	8.424000E-6	0.737514	3.018908E-8	0.000000	0.000000	0.000000	0.000000	0.000000	0.000000
5.424000E-6	0.686742	2.839644E-8	8.424000E-6	0.732255	3.069031E-8	0.000000	0.000000	0.000000	0.000000	0.000000	0.000000
5.424000E-6	0.698029	2.804910E-8	8.424000E-6	0.739143	3.086123E-8	0.000000	0.000000	0.000000	0.000000	0.000000	0.000000
5.420000E-6	0.703355	2.803254E-8	8.420000E-6	0.738165	3.043186E-8	0.000000	0.000000	0.000000	0.000000	0.000000	0.000000
5.420000E-6	0.702302	2.781440E-8	8.420000E-6	0.736637	2.996127E-8	0.000000	0.000000	0.000000	0.000000	0.000000	0.000000
5.424000E-6	0.698846	2.788364E-8	8.424000E-6	0.735918	2.977786E-8	0.000000	0.000000	0.000000	0.000000	0.000000	0.000000
5.424000E-6	0.697915	2.832621E-8	8.424000E-6	0.735315	3.017313E-8	0.000000	0.000000	0.000000	0.000000	0.000000	0.000000
5.424000E-6	0.694152	2.845068E-8	8.424000E-6	0.738478	3.081143E-8	0.000000	0.000000	0.000000	0.000000	0.000000	0.000000
5.424000E-6	0.703048	2.812928E-8	8.424000E-6	0.732985	3.070488E-8	0.000000	0.000000	0.000000	0.000000	0.000000	0.000000
5.420000E-6	0.697508	2.773188E-8	8.420000E-6	0.737792	3.032527E-8	0.000000	0.000000	0.000000	0.000000	0.000000	0.000000
5.420000E-6	0.707360	2.785216E-8	8.420000E-6	0.735761	2.978970E-8	0.000000	0.000000	0.000000	0.000000	0.000000	0.000000
5.424000E-6	0.700907	2.810434E-8	8.424000E-6	0.735762	2.987544E-8	0.000000	0.000000	0.000000	0.000000	0.000000	0.000000
5.424000E-6	0.690514	2.832735E-8	8.424000E-6	0.736788	3.025695E-8	0.000000	0.000000	0.000000	0.000000	0.000000	0.000000
5.424000E-6	0.689523	2.826316E-8	8.424000E-6	0.738631	3.091257E-8	0.000000	0.000000	0.000000	0.000000	0.000000	0.000000
5.424000E-6	0.702416	2.817479E-8	8.424000E-6	0.738888	3.075526E-8	0.000000	0.000000	0.000000	0.000000	0.000000	0.000000
5.420000E-6	0.700857	2.774034E-8	8.420000E-6	0.737682	3.027403E-8	0.000000	0.000000	0.000000	0.000000	0.000000	0.000000
5.424000E-6	0.700925	2.782767E-8	8.424000E-6	0.736656	2.986891E-8	0.000000	0.000000	0.000000	0.000000	0.000000	0.000000
5.424000E-6	0.692326	2.796978E-8	8.424000E-6	0.733929	2.982388E-8	0.000000	0.000000	0.000000	0.000000	0.000000	0.000000
5.424000E-6	0.697274	2.842689E-8	8.424000E-6	0.737452	3.032318E-8	0.000000	0.000000	0.000000	0.000000	0.000000	0.000000
5.424000E-6	0.693904	2.833450E-8	8.424000E-6	0.737367	3.085813E-8	0.000000	0.000000	0.000000	0.000000	0.000000	0.000000
5.424000E-6	0.698669	2.804926E-8	8.424000E-6	0.738807	3.073645E-8	0.000000	0.000000	0.000000	0.000000	0.000000	0.000000
5.420000E-6	0.704840	2.775972E-8	8.420000E-6	0.737636	3.026561E-8	0.000000	0.000000	0.000000	0.000000	0.000000	0.000000
5.424000E-6	0.697857	2.775979E-8	8.424000E-6	0.736562	2.981347E-8	0.000000	0.000000	0.000000	0.000000	0.000000	0.000000
5.424000E-6	0.702246	2.814573E-8	8.424000E-6	0.734861	2.986412E-8	0.000000	0.000000	0.000000	0.000000	0.000000	0.000000
5.424000E-6	0.694101	2.862693E-8	8.424000E-6	0.731047	3.031407E-8	0.000000	0.000000	0.000000	0.000000	0.000000	0.000000
5.424000E-6	0.697268	2.829692E-8	8.424000E-6	0.733104	3.066530E-8	0.000000	0.000000	0.000000	0.000000	0.000000	0.000000
5.424000E-6	0.706253	2.795653E-8	8.424000E-6	0.733269	3.051522E-8	0.000000	0.000000	0.000000	0.000000	0.000000	0.000000
5.420000E-6	0.568057	3.115524E-8	8.420000E-6	0.730313	2.992995E-8	0.000000	0.000000	0.000000	0.000000	0.000000	0.000000
5.424000E-6	0.702596	2.794424E-8	8.424000E-6	0.736503	2.985736E-8	0.000000	0.000000	0.000000	0.000000	0.000000	0.000000
5.424000E-6	0.700191	2.821100E-8	8.424000E-6	0.735228	2.985329E-8	0.000000	0.000000	0.000000	0.000000	0.000000	0.000000
5.424000E-6	0.690405	2.837277E-8	8.424000E-6	0.731321	3.026803E-8	0.000000	0.000000	0.000000	0.000000	0.000000	0.000000
5.424000E-6	0.698532	2.833598E-8	8.424000E-6	0.738799	3.082027E-8	0.000000	0.000000	0.000000	0.000000	0.000000	0.000000
5.424000E-6	0.701532	2.799327E-8	8.424000E-6	0.739175	3.070647E-8	0.000000	0.000000	0.000000	0.000000	0.000000	0.000000
5.420000E-6	0.698951	2.770723E-8	8.420000E-6	0.738507	3.014562E-8	0.000000	0.000000	0.000000	0.000000	0.000000	0.000000
5.424000E-6	0.699755	2.786428E-8	8.424000E-6	0.734446	2.977105E-8	0.000000	0.000000	0.000000	0.000000	0.000000	0.000000
5.424000E-6	0.698568	2.806924E-8	8.424000E-6	0.737457	2.995993E-8	0.000000	0.000000	0.000000	0.000000	0.000000	0.000000
5.424000E-6	0.689771	2.827831E-8	8.424000E-6	0.737211	3.037511E-8	0.000000	0.000000	0.000000	0.000000	0.000000	0.000000
5.424000E-6	0.695291	2.843253E-8	8.424000E-6	0.734387	3.079755E-8	0.000000	0.000000	0.000000	0.000000	0.000000	0.000000
5.424000E-6	0.699737	2.800700E-8	8.424000E-6	0.733703	3.060617E-8	0.000000	0.000000	0.000000	0.000000	0.000000	0.000000
5.420000E-6	0.702787	2.771578E-8	8.420000E-6	0.736351	3.015931E-8	0.000000	0.000000	0.000000	0.000000	0.000000	0.000000
5.424000E-6	0.701202	2.777561E-8	8.424000E-6	0.736373	2.980771E-8	0.000000	0.000000	0.000000	0.000000	0.000000	0.000000
5.424000E-6	0.694509	2.793173E-8	8.424000E-6	0.733931	2.981337E-8	0.000000	0.000000	0.000000	0.000000	0.000000	0.000000
5.424000E-6	0.691583	2.850961E-8	8.424000E-6	0.739433	3.044926E-8	0.000000	0.000000	0.000000	0.000000	0.000000	0.000000
5.424000E-6	0.693137	2.828693E-8	8.424000E-6	0.737884	3.085700E-8	0.000000	0.000000	0.000000	0.000000	0.000000	0.000000
5.424000E-6	0.697425	2.799967E-8	8.424000E-6	0.737914	3.071565E-8	0.000000	0.000000	0.000000	0.000000	0.000000	0.000000
5.420000E-6	0.700598	2.783074E-8	8.420000E-6	0.728579	3.002217E-8	0.000000	0.000000	0.000000	0.000000	0.000000	0.000000
5.424000E-6	0.704728	2.792229E-8	8.424000E-6	0.736334	2.972400E-8	0.000000	0.000000	0.000000	0.000000	0.000000	0.000000
5.424000E-6	0.695837	2.802360E-8	8.424000E-6	0.736518	2.982875E-8	0.000000	0.000000	0.000000	0.000000	0.000000	0.000000
5.424000E-6	0.689411	2.823227E-8	8.424000E-6	0.737363	3.041830E-8	0.000000	0.000000	0.000000	0.000000	0.000000	0.000000
5.424000E-6	0.696971	2.826617E-8	8.424000E-6	0.738787	3.081752E-8	0.000000	0.000000	0.000000	0.000000	0.000000	0.000000
5.424000E-6	0.696998	2.797254E-8	8.424000E-6	0.729766	3.063609E-8	0.000000	0.000000	0.000000	0.000000	0.000000	0.000000
5.420000E-6	0.707603	2.800782E-8	8.420000E-6	0.736369	3.010996E-8	0.000000	0.000000	0.000000	0.000000	0.000000	0.000000
5.424000E-6	0.703262	2.785955E-8	8.424000E-6	0.735991	2.980747E-8	0.000000	0.000000	0.000000	0.000000	0.000000	0.000000
5.424000E-6	0.695312	2.799171E-8	8.424000E-6	0.735707	2.990926E-8	0.000000	0.000000	0.000000	0.000000	0.000000	0.000000
5.424000E-6	0.695542	2.851218E-8	8.424000E-6	0.737214	3.032435E-8	0.000000	0.000000	0.000000	0.000000	0.000000	0.000000
5.424000E-6	0.697845	2.845571E-8	8.424000E-6	0.735007	3.071473E-8	0.000000	0.000000	0.000000	0.000000	0.000000	0.000000
5.424000E-6	0.697550	2.805502E-8	8.424000E-6	0.731864	3.056456E-8	0.000000	0.000000	0.000000	0.000000	0.000000	0.000000
5.420000E-6	0.701644	2.763406E-8	8.420000E-6	0.737719	3.017897E-8	0.000000	0.000000	0.000000	0.000000	0.000000	0.000000
5.424000E-6	0.700973	2.802922E-8	8.424000E-6	0.730878	2.967542E-8	0.000000	0.000000	0.000000	0.000000	0.000000	0.000000
5.424000E-6	0.698695	2.808641E-8	8.424000E-6	0.736493	2.993638E-8	0.000000	0.000000	0.000000	0.000000	0.000000	0.000000
5.424000E-6	0.694244	2.847343E-8	8.424000E-6	0.738615	3.050881E-8	0.000000	0.000000	0.000000	0.000000	0.000000	0.000000
5.424000E-6	0.692137	2.826315E-8	8.424000E-6	0.732262	3.066716E-8	0.000000	0.000000	0.000000	0.000000	0.000000	0.000000
5.424000E-6	0.699924	2.797432E-8	8.424000E-6	0.732768	3.049373E-8	0.000000	0.000000	0.000000	0.000000	0.000000	0.000000
5.420000E-6	0.671953	2.845205E-8	8.420000E-6	0.737177	3.005664E-8	0.000000	0.000000	0.000000	0.000000	0.000000	0.000000
5.424000E-6	0.699119	2.785233E-8	8.424000E-6	0.734810	2.980927E-8	0.000000	0.000000	0.000000	0.000000	0.000000	0.000000
5.424000E-6	0.694966	2.815989E-8	8.424000E-6	0.735049	2.994759E-8	0.000000	0.000000	0.000000	0.000000	0.000000	0.000000
5.424000E-6	0.691863	2.833832E-8	8.424000E-6	0.738563	3.064145E-8	0.000000	0.000000	0.000000	0.000000	0.000000	0.000000
5.424000E-6	0.697528	2.828937E-8	8.424000E-6	0.731473	3.069188E-8	0.000000	0.000000	0.000000	0.000000	0.000000	0.000000
5.424000E-6	0.702384	2.804201E-8	8.424000E-6	0.738680	3.058933E-8	0.000000	0.000000	0.000000	0.000000	0.000000	0.000000
5.420000E-6	0.671665	2.846150E-8	8.420000E-6	0.737779	3.013016E-8	0.000000	0.000000	0.000000	0.000000	0.000000	0.000000
5.424000E-6	0.697258	2.777853E-8	8.424000E-6	0.736136	2.981749E-8	0.000000	0.000000	0.000000	0.000000	0.000000	0.000000
5.424000E-6	0.695615	2.814979E-8	8.424000E-6	0.736947	2.995059E-8	0.000000	0.000000	0.000000	0.000000	0.000000	0.000000
5.424000E-6	0.690238	2.837212E-8	8.424000E-6	0.737721	3.052446E-8	0.000000	0.000000	0.000000	0.000000	0.000000	0.000000
5.424000E-6	0.699325	2.834169E-8	8.424000E-6	0.732732	3.069341E-8	0.000000	0.000000	0.000000	0.000000	0.000000	0.000000
5.424000E-6	0.699205	2.788512E-8	8.424000E-6	0.732827	3.049728E-8	0.000000	0.000000	0.000000	0.000000	0.000000	0.000000
5.420000E-6	0.671806	2.845705E-8	8.420000E-6	0.737474	3.006145E-8	0.000000	0.000000	0.000000	0.000000	0.000000	0.000000
5.424000E-6	0.700218	2.771137E-8	8.424000E-6	0.737813	2.980488E-8	0.000000	0.000000	0.000000	0.000000	0.000000	0.000000
5.424000E-6	0.699727	2.825726E-8	8.424000E-6	0.735563	2.998946E-8	0.000000	0.000000	0.000000	0.000000	0.000000	0.000000
5.424000E-6	0.684980	2.846743E-8	8.424000E-6	0.735893	3.059116E-8	0.000000	0.000000	0.000000	0.000000	0.000000	0.000000
5.424000E-6	0.692461	2.820547E-8	8.424000E-6	0.738589	3.085821E-8	0.000000	0.000000	0.000000	0.000000	0.000000	0.000000
5.424000E-6	0.699698	2.793830E-8	8.424000E-6	0.731967	3.049608E-8	0.000000	0.000000	0.000000	0.000000	0.000000	0.000000
5.420000E-6	0.671590	2.852660E-8	8.420000E-6	0.737149	3.008409E-8	0.000000	0.000000	0.000000	0.000000	0.000000	0.000000
5.424000E-6	0.701195	2.792561E-8	8.424000E-6	0.706453	3.054187E-8	0.000000	0.000000	0.000000	0.000000	0.000000	0.000000
5.424000E-6	0.693979	2.815152E-8	8.424000E-6	0.737583	2.994160E-8	0.000000	0.000000	0.000000	0.000000	0.000000	0.000000
5.424000E-6	0.693445	2.852143E-8	8.424000E-6	0.733219	3.049434E-8	0.000000	0.000000	0.000000	0.000000	0.000000	0.000000
5.424000E-6	0.701999	2.833502E-8	8.424000E-6	0.733424	3.072638E-8	0.000000	0.000000	0.000000	0.000000	0.000000	0.000000
5.424000E-6	0.700844	2.787178E-8	8.424000E-6	0.732542	3.048909E-8	0.000000	0.000000	0.000000	0.000000	0.000000	0.000000
5.420000E-6	0.425733	3.509652E-8	8.420000E-6	0.731798	2.996643E-8	0.000000	0.000000	0.000000	0.000000	0.000000	0.000000
5.424000E-6	0.704683	2.798680E-8	8.424000E-6	0.736345	2.980888E-8	0.000000	0.000000	0.000000	0.000000	0.000000	0.000000
5.424000E-6	0.698511	2.810492E-8	8.424000E-6	0.734921	3.000203E-8	0.000000	0.000000	0.000000	0.000000	0.000000	0.000000
5.424000E-6	0.690821	2.851446E-8	8.424000E-6	0.737797	3.044040E-8	0.000000	0.000000	0.000000	0.000000	0.000000	0.000000
5.424000E-6	0.693754	2.834008E-8	8.424000E-6	0.739587	3.088221E-8	0.000000	0.000000	0.000000	0.000000	0.000000	0.000000
5.424000E-6	0.700098	2.793006E-8	8.424000E-6	0.737826	3.074910E-8	0.000000	0.000000	0.000000	0.000000	0.000000	0.000000
5.420000E-6	0.700191	2.779183E-8	8.420000E-6	0.738004	3.025504E-8	0.000000	0.000000	0.000000	0.000000	0.000000	0.000000
5.420000E-6	0.705913	2.785539E-8	8.420000E-6	0.736003	2.985221E-8	0.000000	0.000000	0.000000	0.000000	0.000000	0.000000
5.424000E-6	0.702767	2.807095E-8	8.424000E-6	0.734610	2.981117E-8	0.000000	0.000000	0.000000	0.000000	0.000000	0.000000
5.424000E-6	0.698133	2.835286E-8	8.424000E-6	0.730598	3.002423E-8	0.000000	0.000000	0.000000	0.000000	0.000000	0.000000
5.424000E-6	0.692992	2.841592E-8	8.424000E-6	0.738784	3.077811E-8	0.000000	0.000000	0.000000	0.000000	0.000000	0.000000
5.424000E-6	0.699231	2.806138E-8	8.424000E-6	0.732748	3.066101E-8	0.000000	0.000000	0.000000	0.000000	0.000000	0.000000
5.424000E-6	0.699073	2.782193E-8	8.420000E-6	0.739194	3.042109E-8	0.000000	0.000000	0.000000	0.000000	0.000000	0.000000
5.420000E-6	0.703771	2.773687E-8	8.420000E-6	0.729836	2.979448E-8	0.000000	0.000000	0.000000	0.000000	0.000000	0.000000
5.424000E-6	0.702074	2.804799E-8	8.424000E-6	0.735835	2.976294E-8	0.000000	0.000000	0.000000	0.000000	0.000000	0.000000
5.424000E-6	0.698422	2.839409E-8	8.424000E-6	0.736466	3.010131E-8	0.000000	0.000000	0.000000	0.000000	0.000000	0.000000
5.424000E-6	0.688992	2.827953E-8	8.424000E-6	0.736590	3.076950E-8	0.000000	0.000000	0.000000	0.000000	0.000000	0.000000
5.424000E-6	0.703090	2.827381E-8	8.424000E-6	0.733396	3.074988E-8	0.000000	0.000000	0.000000	0.000000	0.000000	0.000000
5.420000E-6	0.700850	2.796269E-8	8.420000E-6	0.738303	3.043675E-8	0.000000	0.000000	0.000000	0.000000	0.000000	0.000000
5.420000E-6	0.703505	2.774143E-8	8.420000E-6	0.738658	2.986394E-8	0.000000	0.000000	0.000000	0.000000	0.000000	0.000000
5.424000E-6	0.700811	2.812686E-8	8.424000E-6	0.734000	2.980780E-8	0.000000	0.000000	0.000000	0.000000	0.000000	0.000000
5.424000E-6	0.692228	2.822045E-8	8.424000E-6	0.736563	3.010846E-8	0.000000	0.000000	0.000000	0.000000	0.000000	0.000000
5.424000E-6	0.688839	2.837389E-8	8.424000E-6	0.739656	3.078187E-8	0.000000	0.000000	0.000000	0.000000	0.000000	0.000000
5.424000E-6	0.697695	2.815444E-8	8.424000E-6	0.731229	3.065929E-8	0.000000	0.000000	0.000000	0.000000	0.000000	0.000000
5.424000E-6	0.699363	2.781207E-8	8.420000E-6	0.736098	3.041192E-8	0.000000	0.000000	0.000000	0.000000	0.000000	0.000000
5.420000E-6	0.702688	2.781750E-8	8.420000E-6	0.737104	2.995797E-8	0.000000	0.000000	0.000000	0.000000	0.000000	0.000000
5.424000E-6	0.704705	2.801626E-8	8.424000E-6	0.706701	3.055115E-8	0.000000	0.000000	0.000000	0.000000	0.000000	0.000000
5.424000E-6	0.698738	2.823698E-8	8.424000E-6	0.736724	3.005347E-8	0.000000	0.000000	0.000000	0.000000	0.000000	0.000000
5.424000E-6	0.691213	2.853207E-8	8.424000E-6	0.738186	3.067498E-8	0.000000	0.000000	0.000000	0.000000	0.000000	0.000000
5.424000E-6	0.697260	2.822574E-8	8.424000E-6	0.738792	3.080130E-8	0.000000	0.000000	0.000000	0.000000	0.000000	0.000000
5.424000E-6	0.697013	2.785064E-8	8.420000E-6	0.738212	3.058678E-8	0.000000	0.000000	0.000000	0.000000	0.000000	0.000000
5.420000E-6	0.674561	2.848441E-8	8.420000E-6	0.736547	2.999842E-8	0.000000	0.000000	0.000000	0.000000	0.000000	0.000000
5.424000E-6	0.699728	2.781526E-8	8.424000E-6	0.706481	3.062798E-8	0.000000	0.000000	0.000000	0.000000	0.000000	0.000000
5.424000E-6	0.700447	2.835225E-8	8.424000E-6	0.735583	2.994016E-8	0.000000	0.000000	0.000000	0.000000	0.000000	0.000000
5.424000E-6	0.685383	2.840923E-8	8.424000E-6	0.737615	3.052453E-8	0.000000	0.000000	0.000000	0.000000	0.000000	0.000000
5.424000E-6	0.695909	2.816553E-8	8.424000E-6	0.732898	3.067866E-8	0.000000	0.000000	0.000000	0.000000	0.000000	0.000000
5.424000E-6	0.704567	2.811301E-8	8.424000E-6	0.737555	3.065482E-8	0.000000	0.000000	0.000000	0.000000	0.000000	0.000000
5.420000E-6	0.698623	2.777857E-8	8.420000E-6	0.736044	3.016358E-8	0.000000	0.000000	0.000000	0.000000	0.000000	0.000000
5.424000E-6	0.703319	2.797329E-8	8.424000E-6	0.736012	2.977121E-8	0.000000	0.000000	0.000000	0.000000	0.000000	0.000000
5.424000E-6	0.698531	2.819859E-8	8.424000E-6	0.737112	3.000839E-8	0.000000	0.000000	0.000000	0.000000	0.000000	0.000000
5.424000E-6	0.690091	2.834688E-8	8.424000E-6	0.737647	3.048027E-8	0.000000	0.000000	0.000000	0.000000	0.000000	0.000000
5.424000E-6	0.698069	2.840556E-8	8.424000E-6	0.732269	3.071544E-8	0.000000	0.000000	0.000000	0.000000	0.000000	0.000000
5.424000E-6	0.701500	2.808243E-8	8.424000E-6	0.732418	3.055327E-8	0.000000	0.000000	0.000000	0.000000	0.000000	0.000000
5.420000E-6	0.701108	2.788201E-8	8.420000E-6	0.730157	2.998716E-8	0.000000	0.000000	0.000000	0.000000	0.000000	0.000000
5.424000E-6	0.703701	2.794713E-8	8.424000E-6	0.735963	2.993988E-8	0.000000	0.000000	0.000000	0.000000	0.000000	0.000000
5.424000E-6	0.702913	2.808521E-8	8.424000E-6	0.735731	2.982156E-8	0.000000	0.000000	0.000000	0.000000	0.000000	0.000000
5.424000E-6	0.691075	2.828748E-8	8.424000E-6	0.738014	3.034319E-8	0.000000	0.000000	0.000000	0.000000	0.000000	0.000000
5.424000E-6	0.695677	2.841190E-8	8.424000E-6	0.738537	3.088121E-8	0.000000	0.000000	0.000000	0.000000	0.000000	0.000000
5.424000E-6	0.699965	2.800020E-8	8.424000E-6	0.738470	3.088983E-8	0.000000	0.000000	0.000000	0.000000	0.000000	0.000000
5.420000E-6	0.703142	2.780257E-8	8.420000E-6	0.738465	3.027277E-8	0.000000	0.000000	0.000000	0.000000	0.000000	0.000000
5.424000E-6	0.698323	2.777595E-8	8.424000E-6	0.737931	2.988226E-8	0.000000	0.000000	0.000000	0.000000	0.000000	0.000000
5.424000E-6	0.700430	2.821558E-8	8.424000E-6	0.735532	2.991304E-8	0.000000	0.000000	0.000000	0.000000	0.000000	0.000000
5.424000E-6	0.697666	2.846353E-8	8.424000E-6	0.737327	3.033518E-8	0.000000	0.000000	0.000000	0.000000	0.000000	0.000000
5.424000E-6	0.691575	2.817611E-8	8.424000E-6	0.732382	3.062574E-8	0.000000	0.000000	0.000000	0.000000	0.000000	0.000000
5.424000E-6	0.695973	2.793824E-8	8.424000E-6	0.740149	3.079292E-8	0.000000	0.000000	0.000000	0.000000	0.000000	0.000000
5.420000E-6	0.707322	2.790056E-8	8.420000E-6	0.737212	3.021115E-8	0.000000	0.000000	0.000000	0.000000	0.000000	0.000000
5.424000E-6	0.699749	2.769192E-8	8.424000E-6	0.738511	2.984381E-8	0.000000	0.000000	0.000000	0.000000	0.000000	0.000000
5.424000E-6	0.697234	2.808975E-8	8.424000E-6	0.735654	2.996085E-8	0.000000	0.000000	0.000000	0.000000	0.000000	0.000000
5.424000E-6	0.697785	2.853271E-8	8.424000E-6	0.731247	3.022886E-8	0.000000	0.000000	0.000000	0.000000	0.000000	0.000000
5.424000E-6	0.694058	2.828917E-8	8.424000E-6	0.738463	3.086664E-8	0.000000	0.000000	0.000000	0.000000	0.000000	0.000000
5.424000E-6	0.698175	2.804534E-8	8.424000E-6	0.737470	3.077556E-8	0.000000	0.000000	0.000000	0.000000	0.000000	0.000000
5.420000E-6	0.696453	2.776272E-8	8.420000E-6	0.737896	3.023149E-8	0.000000	0.000000	0.000000	0.000000	0.000000	0.000000
5.420000E-6	0.703373	2.772293E-8	8.420000E-6	0.736193	2.989591E-8	0.000000	0.000000	0.000000	0.000000	0.000000	0.000000
5.424000E-6	0.700840	2.813241E-8	8.424000E-6	0.735796	2.982471E-8	0.000000	0.000000	0.000000	0.000000	0.000000	0.000000
5.424000E-6	0.698785	2.838168E-8	8.424000E-6	0.736817	3.031433E-8	0.000000	0.000000	0.000000	0.000000	0.000000	0.000000
5.424000E-6	0.698426	2.853635E-8	8.424000E-6	0.738117	3.079697E-8	0.000000	0.000000	0.000000	0.000000	0.000000	0.000000
5.424000E-6	0.700405	2.800170E-8	8.424000E-6	0.739073	3.079509E-8	0.000000	0.000000	0.000000	0.000000	0.000000	0.000000
5.420000E-6	0.699802	2.788648E-8	8.420000E-6	0.730692	3.017900E-8	0.000000	0.000000	0.000000	0.000000	0.000000	0.000000
5.420000E-6	0.705295	2.784582E-8	8.420000E-6	0.737088	2.991354E-8	0.000000	0.000000	0.000000	0.000000	0.000000	0.000000
5.424000E-6	0.696680	2.801036E-8	8.424000E-6	0.737093	2.977404E-8	0.000000	0.000000	0.000000	0.000000	0.000000	0.000000
5.424000E-6	0.695085	2.815995E-8	8.424000E-6	0.738464	3.020923E-8	0.000000	0.000000	0.000000	0.000000	0.000000	0.000000
5.424000E-6	0.691787	2.844160E-8	8.424000E-6	0.737708	3.066554E-8	0.000000	0.000000	0.000000	0.000000	0.000000	0.000000
5.424000E-6	0.694639	2.817404E-8	8.424000E-6	0.733075	3.067488E-8	0.000000	0.000000	0.000000	0.000000	0.000000	0.000000
5.424000E-6	0.699099	2.792725E-8	8.424000E-6	0.738372	3.059610E-8	0.000000	0.000000	0.000000	0.000000	0.000000	0.000000
5.420000E-6	0.572309	3.112218E-8	8.420000E-6	0.737409	3.013147E-8	0.000000	0.000000	0.000000	0.000000	0.000000	0.000000
5.424000E-6	0.698969	2.787757E-8	8.424000E-6	0.733261	2.974103E-8	0.000000	0.000000	0.000000	0.000000	0.000000	0.000000
5.424000E-6	0.699170	2.803008E-8	8.424000E-6	0.735773	2.986823E-8	0.000000	0.000000	0.000000	0.000000	0.000000	0.000000
5.424000E-6	0.688937	2.833065E-8	8.424000E-6	0.737383	3.023186E-8	0.000000	0.000000	0.000000	0.000000	0.000000	0.000000
5.424000E-6	0.692921	2.845868E-8	8.424000E-6	0.733654	3.069106E-8	0.000000	0.000000	0.000000	0.000000	0.000000	0.000000
5.424000E-6	0.698155	2.815298E-8	8.424000E-6	0.738642	3.083583E-8	0.000000	0.000000	0.000000	0.000000	0.000000	0.000000
5.424000E-6	0.701633	2.781240E-8	8.420000E-6	0.737652	3.048035E-8	0.000000	0.000000	0.000000	0.000000	0.000000	0.000000
5.420000E-6	0.572401	3.128477E-8	8.420000E-6	0.735877	3.002803E-8	0.000000	0.000000	0.000000	0.000000	0.000000	0.000000
5.424000E-6	0.701931	2.790080E-8	8.424000E-6	0.704920	3.055544E-8	0.000000	0.000000	0.000000	0.000000	0.000000	0.000000
5.424000E-6	0.698373	2.827564E-8	8.424000E-6	0.734194	2.997094E-8	0.000000	0.000000	0.000000	0.000000	0.000000	0.000000
5.424000E-6	0.693794	2.847352E-8	8.424000E-6	0.738372	3.044604E-8	0.000000	0.000000	0.000000	0.000000	0.000000	0.000000
5.424000E-6	0.697894	2.835084E-8	8.424000E-6	0.732619	3.077922E-8	0.000000	0.000000	0.000000	0.000000	0.000000	0.000000
5.424000E-6	0.700525	2.799018E-8	8.424000E-6	0.739595	3.080173E-8	0.000000	0.000000	0.000000	0.000000	0.000000	0.000000
5.420000E-6	0.698140	2.786190E-8	8.420000E-6	0.738012	3.022706E-8	0.000000	0.000000	0.000000	0.000000	0.000000	0.000000
5.420000E-6	0.705691	2.786307E-8	8.420000E-6	0.738107	2.986425E-8	0.000000	0.000000	0.000000	0.000000	0.000000	0.000000
5.424000E-6	0.700050	2.800172E-8	8.424000E-6	0.735533	2.990919E-8	0.000000	0.000000	0.000000	0.000000	0.000000	0.000000
5.424000E-6	0.698995	2.830116E-8	8.424000E-6	0.738756	3.023267E-8	0.000000	0.000000	0.000000	0.000000	0.000000	0.000000
5.424000E-6	0.696578	2.851989E-8	8.424000E-6	0.738767	3.080773E-8	0.000000	0.000000	0.000000	0.000000	0.000000	0.000000
5.424000E-6	0.698495	2.803296E-8	8.424000E-6	0.732987	3.070846E-8	0.000000	0.000000	0.000000	0.000000	0.000000	0.000000
5.424000E-6	0.697569	2.781085E-8	8.420000E-6	0.737426	3.040649E-8	0.000000	0.000000	0.000000	0.000000	0.000000	0.000000
5.420000E-6	0.704450	2.787584E-8	8.420000E-6	0.734598	2.991053E-8	0.000000	0.000000	0.000000	0.000000	0.000000	0.000000
5.424000E-6	0.697564	2.789559E-8	8.424000E-6	0.736958	2.976381E-8	0.000000	0.000000	0.000000	0.000000	0.000000	0.000000
5.424000E-6	0.696345	2.816992E-8	8.424000E-6	0.737120	2.998223E-8	0.000000	0.000000	0.000000	0.000000	0.000000	0.000000
5.424000E-6	0.688041	2.830595E-8	8.424000E-6	0.732158	3.057141E-8	0.000000	0.000000	0.000000	0.000000	0.000000	0.000000
5.424000E-6	0.701028	2.824153E-8	8.424000E-6	0.733590	3.065331E-8	0.000000	0.000000	0.000000	0.000000	0.000000	0.000000
5.424000E-6	0.699218	2.776153E-8	8.420000E-6	0.738440	3.050172E-8	0.000000	0.000000	0.000000	0.000000	0.000000	0.000000
5.420000E-6	0.667996	2.855546E-8	8.420000E-6	0.737075	2.998447E-8	0.000000	0.000000	0.000000	0.000000	0.000000	0.000000
5.424000E-6	0.700623	2.794932E-8	8.424000E-6	0.704503	3.053602E-8	0.000000	0.000000	0.000000	0.000000	0.000000	0.000000
5.424000E-6	0.701474	2.833619E-8	8.424000E-6	0.735935	3.002886E-8	0.000000	0.000000	0.000000	0.000000	0.000000	0.000000
5.424000E-6	0.694052	2.842959E-8	8.424000E-6	0.738414	3.072355E-8	0.000000	0.000000	0.000000	0.000000	0.000000	0.000000
5.424000E-6	0.699857	2.826001E-8	8.424000E-6	0.738597	3.084218E-8	0.000000	0.000000	0.000000	0.000000	0.000000	0.000000
5.424000E-6	0.707087	2.786796E-8	8.420000E-6	0.732510	3.035881E-8	0.000000	0.000000	0.000000	0.000000	0.000000	0.000000
5.420000E-6	0.703126	2.784228E-8	8.420000E-6	0.737288	2.994779E-8	0.000000	0.000000	0.000000	0.000000	0.000000	0.000000
5.424000E-6	0.698419	2.795757E-8	8.424000E-6	0.706430	3.054076E-8	0.000000	0.000000	0.000000	0.000000	0.000000	0.000000
5.424000E-6	0.699980	2.829864E-8	8.424000E-6	0.732367	2.994272E-8	0.000000	0.000000	0.000000	0.000000	0.000000	0.000000
5.424000E-6	0.690782	2.852323E-8	8.424000E-6	0.732537	3.047509E-8	0.000000	0.000000	0.000000	0.000000	0.000000	0.000000
5.424000E-6	0.701794	2.829476E-8	8.424000E-6	0.732855	3.066149E-8	0.000000	0.000000	0.000000	0.000000	0.000000	0.000000
5.424000E-6	0.697126	2.786265E-8	8.420000E-6	0.731329	3.036626E-8	0.000000	0.000000	0.000000	0.000000	0.000000	0.000000
5.420000E-6	0.671331	2.841056E-8	8.420000E-6	0.737274	3.001852E-8	0.000000	0.000000	0.000000	0.000000	0.000000	0.000000
5.424000E-6	0.701630	2.787337E-8	8.424000E-6	0.706166	3.052771E-8	0.000000	0.000000	0.000000	0.000000	0.000000	0.000000
5.424000E-6	0.693651	2.814912E-8	8.424000E-6	0.733752	2.991399E-8	0.000000	0.000000	0.000000	0.000000	0.000000	0.000000
5.424000E-6	0.695435	2.838388E-8	8.424000E-6	0.736802	3.046150E-8	0.000000	0.000000	0.000000	0.000000	0.000000	0.000000
5.424000E-6	0.696707	2.836992E-8	8.424000E-6	0.738574	3.086591E-8	0.000000	0.000000	0.000000	0.000000	0.000000	0.000000
5.424000E-6	0.704220	2.813234E-8	8.424000E-6	0.731038	3.057034E-8	0.000000	0.000000	0.000000	0.000000	0.000000	0.000000
5.420000E-6	0.702220	2.776971E-8	8.420000E-6	0.737332	3.024861E-8	0.000000	0.000000	0.000000	0.000000	0.000000	0.000000
5.424000E-6	0.699660	2.774312E-8	8.424000E-6	0.736262	2.986392E-8	0.000000	0.000000	0.000000	0.000000	0.000000	0.000000
5.424000E-6	0.699498	2.792692E-8	8.424000E-6	0.737218	2.981505E-8	0.000000	0.000000	0.000000	0.000000	0.000000	0.000000
5.424000E-6	0.695078	2.838199E-8	8.424000E-6	0.737119	3.016534E-8	0.000000	0.000000	0.000000	0.000000	0.000000	0.000000
5.424000E-6	0.694861	2.844198E-8	8.424000E-6	0.732010	3.061017E-8	0.000000	0.000000	0.000000	0.000000	0.000000	0.000000
5.424000E-6	0.694930	2.814972E-8	8.424000E-6	0.733533	3.072375E-8	0.000000	0.000000	0.000000	0.000000	0.000000	0.000000
5.424000E-6	0.704690	2.797818E-8	8.420000E-6	0.732988	3.041808E-8	0.000000	0.000000	0.000000	0.000000	0.000000	0.000000
5.420000E-6	0.701225	2.774436E-8	8.420000E-6	0.737534	2.997520E-8	0.000000	0.000000	0.000000	0.000000	0.000000	0.000000
5.424000E-6	0.703921	2.802348E-8	8.424000E-6	0.704694	3.063030E-8	0.000000	0.000000	0.000000	0.000000	0.000000	0.000000
5.424000E-6	0.701328	2.822186E-8	8.424000E-6	0.736387	3.004255E-8	0.000000	0.000000	0.000000	0.000000	0.000000	0.000000
5.424000E-6	0.691267	2.857069E-8	8.424000E-6	0.737533	3.058951E-8	0.000000	0.000000	0.000000	0.000000	0.000000	0.000000
5.424000E-6	0.697155	2.836107E-8	8.424000E-6	0.732642	3.070386E-8	0.000000	0.000000	0.000000	0.000000	0.000000	0.000000
5.424000E-6	0.703653	2.798956E-8	8.424000E-6	0.736833	3.064011E-8	0.000000	0.000000	0.000000	0.000000	0.000000	0.000000
5.420000E-6	0.699796	2.770564E-8	8.420000E-6	0.737683	3.013337E-8	0.000000	0.000000	0.000000	0.000000	0.000000	0.000000
5.424000E-6	0.702111	2.794483E-8	8.424000E-6	0.735181	2.981706E-8	0.000000	0.000000	0.000000	0.000000	0.000000	0.000000
5.424000E-6	0.695260	2.807212E-8	8.424000E-6	0.735521	2.991300E-8	0.000000	0.000000	0.000000	0.000000	0.000000	0.000000
5.424000E-6	0.691018	2.836469E-8	8.424000E-6	0.738919	3.037898E-8	0.000000	0.000000	0.000000	0.000000	0.000000	0.000000
5.424000E-6	0.691946	2.824981E-8	8.424000E-6	0.736872	3.077157E-8	0.000000	0.000000	0.000000	0.000000	0.000000	0.000000
5.424000E-6	0.697798	2.798328E-8	8.424000E-6	0.736683	3.061563E-8	0.000000	0.000000	0.000000	0.000000	0.000000	0.000000
5.420000E-6	0.567556	3.107652E-8	8.420000E-6	0.736785	3.024648E-8	0.000000	0.000000	0.000000	0.000000	0.000000	0.000000
5.424000E-6	0.700462	2.784983E-8	8.424000E-6	0.735224	2.977757E-8	0.000000	0.000000	0.000000	0.000000	0.000000	0.000000
5.424000E-6	0.700191	2.822999E-8	8.424000E-6	0.736547	2.985270E-8	0.000000	0.000000	0.000000	0.000000	0.000000	0.000000
5.424000E-6	0.692475	2.833401E-8	8.424000E-6	0.738723	3.050577E-8	0.000000	0.000000	0.000000	0.000000	0.000000	0.000000
5.424000E-6	0.695318	2.822213E-8	8.424000E-6	0.738577	3.086735E-8	0.000000	0.000000	0.000000	0.000000	0.000000	0.000000
5.424000E-6	0.699332	2.808755E-8	8.424000E-6	0.730902	3.044000E-8	0.000000	0.000000	0.000000	0.000000	0.000000	0.000000
5.420000E-6	0.430485	3.529188E-8	8.420000E-6	0.735743	3.011064E-8	0.000000	0.000000	0.000000	0.000000	0.000000	0.000000
5.424000E-6	0.699666	2.783735E-8	8.424000E-6	0.736412	2.985670E-8	0.000000	0.000000	0.000000	0.000000	0.000000	0.000000
5.424000E-6	0.700281	2.820440E-8	8.424000E-6	0.730384	2.975952E-8	0.000000	0.000000	0.000000	0.000000	0.000000	0.000000
5.424000E-6	0.688608	2.834140E-8	8.424000E-6	0.734852	3.030536E-8	0.000000	0.000000	0.000000	0.000000	0.000000	0.000000
5.424000E-6	0.698713	2.826909E-8	8.424000E-6	0.732194	3.070084E-8	0.000000	0.000000	0.000000	0.000000	0.000000	0.000000
5.424000E-6	0.701760	2.784632E-8	8.424000E-6	0.737893	3.075816E-8	0.000000	0.000000	0.000000	0.000000	0.000000	0.000000
5.420000E-6	0.699622	2.768950E-8	8.420000E-6	0.737772	3.013345E-8	0.000000	0.000000	0.000000	0.000000	0.000000	0.000000
5.424000E-6	0.703851	2.786154E-8	8.424000E-6	0.736467	2.980947E-8	0.000000	0.000000	0.000000	0.000000	0.000000	0.000000
5.424000E-6	0.698075	2.819291E-8	8.424000E-6	0.735643	2.986789E-8	0.000000	0.000000	0.000000	0.000000	0.000000	0.000000
5.424000E-6	0.693070	2.842769E-8	8.424000E-6	0.738713	3.038696E-8	0.000000	0.000000	0.000000	0.000000	0.000000	0.000000
5.424000E-6	0.696697	2.836603E-8	8.424000E-6	0.734032	3.069288E-8	0.000000	0.000000	0.000000	0.000000	0.000000	0.000000
5.424000E-6	0.700736	2.800858E-8	8.424000E-6	0.732034	3.056928E-8	0.000000	0.000000	0.000000	0.000000	0.000000	0.000000
5.420000E-6	0.672714	2.853621E-8	8.420000E-6	0.737460	3.017080E-8	0.000000	0.000000	0.000000	0.000000	0.000000	0.000000
5.424000E-6	0.699229	2.788307E-8	8.424000E-6	0.735959	2.984134E-8	0.000000	0.000000	0.000000	0.000000	0.000000	0.000000
5.424000E-6	0.702836	2.814530E-8	8.424000E-6	0.736110	2.993497E-8	0.000000	0.000000	0.000000	0.000000	0.000000	0.000000
5.424000E-6	0.691115	2.847840E-8	8.424000E-6	0.739109	3.052248E-8	0.000000	0.000000	0.000000	0.000000	0.000000	0.000000
5.424000E-6	0.698909	2.828279E-8	8.424000E-6	0.732975	3.071050E-8	0.000000	0.000000	0.000000	0.000000	0.000000	0.000000
5.424000E-6	0.705238	2.808520E-8	8.424000E-6	0.732814	3.047909E-8	0.000000	0.000000	0.000000	0.000000	0.000000	0.000000
5.420000E-6	0.673475	2.850701E-8	8.420000E-6	0.737588	3.013106E-8	0.000000	0.000000	0.000000	0.000000	0.000000	0.000000
5.424000E-6	0.699599	2.785518E-8	8.424000E-6	0.738056	2.984263E-8	0.000000	0.000000	0.000000	0.000000	0.000000	0.000000
5.424000E-6	0.692991	2.810153E-8	8.424000E-6	0.736687	2.996108E-8	0.000000	0.000000	0.000000	0.000000	0.000000	0.000000
5.424000E-6	0.694191	2.841977E-8	8.424000E-6	0.732654	3.037174E-8	0.000000	0.000000	0.000000	0.000000	0.000000	0.000000
5.424000E-6	0.693459	2.816534E-8	8.424000E-6	0.732659	3.066097E-8	0.000000	0.000000	0.000000	0.000000	0.000000	0.000000
5.424000E-6	0.703960	2.811888E-8	8.424000E-6	0.731310	3.046313E-8	0.000000	0.000000	0.000000	0.000000	0.000000	0.000000
5.420000E-6	0.703170	2.785325E-8	8.420000E-6	0.736381	3.002142E-8	0.000000	0.000000	0.000000	0.000000	0.000000	0.000000
5.424000E-6	0.705549	2.790660E-8	8.424000E-6	0.737550	2.976466E-8	0.000000	0.000000	0.000000	0.000000	0.000000	0.000000
5.424000E-6	0.695282	2.811207E-8	8.424000E-6	0.734828	2.989872E-8	0.000000	0.000000	0.000000	0.000000	0.000000	0.000000
5.424000E-6	0.688954	2.825259E-8	8.424000E-6	0.736739	3.043926E-8	0.000000	0.000000	0.000000	0.000000	0.000000	0.000000
5.424000E-6	0.694111	2.832127E-8	8.424000E-6	0.734063	3.075078E-8	0.000000	0.000000	0.000000	0.000000	0.000000	0.000000
5.424000E-6	0.698266	2.795179E-8	8.424000E-6	0.739579	3.071411E-8	0.000000	0.000000	0.000000	0.000000	0.000000	0.000000
5.420000E-6	0.704263	2.791318E-8	8.420000E-6	0.737515	3.021873E-8	0.000000	0.000000	0.000000	0.000000	0.000000	0.000000
5.424000E-6	0.702240	2.786215E-8	8.424000E-6	0.736032	2.977379E-8	0.000000	0.000000	0.000000	0.000000	0.000000	0.000000
5.424000E-6	0.696596	2.809187E-8	8.424000E-6	0.734416	2.987776E-8	0.000000	0.000000	0.000000	0.000000	0.000000	0.000000
5.424000E-6	0.696327	2.847408E-8	8.424000E-6	0.736279	3.025372E-8	0.000000	0.000000	0.000000	0.000000	0.000000	0.000000
5.424000E-6	0.699214	2.843189E-8	8.424000E-6	0.740365	3.090287E-8	0.000000	0.000000	0.000000	0.000000	0.000000	0.000000
5.424000E-6	0.705104	2.808936E-8	8.424000E-6	0.734643	3.065361E-8	0.000000	0.000000	0.000000	0.000000	0.000000	0.000000
5.420000E-6	0.705735	2.772049E-8	8.420000E-6	0.737810	3.023440E-8	0.000000	0.000000	0.000000	0.000000	0.000000	0.000000
5.424000E-6	0.702388	2.789246E-8	8.424000E-6	0.736613	2.981872E-8	0.000000	0.000000	0.000000	0.000000	0.000000	0.000000
5.424000E-6	0.698320	2.786225E-8	8.424000E-6	0.736112	2.983656E-8	0.000000	0.000000	0.000000	0.000000	0.000000	0.000000
5.424000E-6	0.699602	2.847474E-8	8.424000E-6	0.735421	3.024054E-8	0.000000	0.000000	0.000000	0.000000	0.000000	0.000000
5.424000E-6	0.698040	2.840435E-8	8.424000E-6	0.738558	3.087784E-8	0.000000	0.000000	0.000000	0.000000	0.000000	0.000000
5.424000E-6	0.696883	2.798399E-8	8.424000E-6	0.734907	3.075131E-8	0.000000	0.000000	0.000000	0.000000	0.000000	0.000000
5.420000E-6	0.699516	2.769272E-8	8.420000E-6	0.732334	3.016811E-8	0.000000	0.000000	0.000000	0.000000	0.000000	0.000000
5.420000E-6	0.703950	2.789181E-8	8.420000E-6	0.736253	2.983853E-8	0.000000	0.000000	0.000000	0.000000	0.000000	0.000000
5.424000E-6	0.698827	2.801663E-8	8.424000E-6	0.736989	2.979077E-8	0.000000	0.000000	0.000000	0.000000	0.000000	0.000000
5.424000E-6	0.695281	2.837448E-8	8.424000E-6	0.731007	3.007292E-8	0.000000	0.000000	0.000000	0.000000	0.000000	0.000000
5.424000E-6	0.690093	2.830517E-8	8.424000E-6	0.733105	3.066084E-8	0.000000	0.000000	0.000000	0.000000	0.000000	0.000000
5.424000E-6	0.697214	2.807116E-8	8.424000E-6	0.734696	3.075145E-8	0.000000	0.000000	0.000000	0.000000	0.000000	0.000000
5.420000E-6	0.705429	2.773355E-8	8.420000E-6	0.732421	3.011206E-8	0.000000	0.000000	0.000000	0.000000	0.000000	0.000000
5.420000E-6	0.703194	2.779726E-8	8.420000E-6	0.736798	2.982879E-8	0.000000	0.000000	0.000000	0.000000	0.000000	0.000000
5.424000E-6	0.695293	2.803306E-8	8.424000E-6	0.736002	2.982620E-8	0.000000	0.000000	0.000000	0.000000	0.000000	0.000000
5.424000E-6	0.697724	2.824699E-8	8.424000E-6	0.738079	3.028524E-8	0.000000	0.000000	0.000000	0.000000	0.000000	0.000000
5.424000E-6	0.697321	2.843227E-8	8.424000E-6	0.731664	3.073451E-8	0.000000	0.000000	0.000000	0.000000	0.000000	0.000000
5.424000E-6	0.698593	2.801244E-8	8.424000E-6	0.739399	3.084107E-8	0.000000	0.000000	0.000000	0.000000	0.000000	0.000000
5.420000E-6	0.707256	2.784276E-8	8.420000E-6	0.732215	3.017838E-8	0.000000	0.000000	0.000000	0.000000	0.000000	0.000000
5.424000E-6	0.708956	2.778954E-8	8.424000E-6	0.736720	2.986704E-8	0.000000	0.000000	0.000000	0.000000	0.000000	0.000000
5.424000E-6	0.695548	2.788762E-8	8.424000E-6	0.735536	2.987880E-8	0.000000	0.000000	0.000000	0.000000	0.000000	0.000000
5.424000E-6	0.697468	2.840537E-8	8.424000E-6	0.736006	3.032727E-8	0.000000	0.000000	0.000000	0.000000	0.000000	0.000000
5.424000E-6	0.692444	2.831307E-8	8.424000E-6	0.734072	3.077657E-8	0.000000	0.000000	0.000000	0.000000	0.000000	0.000000
5.424000E-6	0.698406	2.792840E-8	8.424000E-6	0.733068	3.057091E-8	0.000000	0.000000	0.000000	0.000000	0.000000	0.000000
5.420000E-6	0.702980	2.783980E-8	8.420000E-6	0.737525	3.017059E-8	0.000000	0.000000	0.000000	0.000000	0.000000	0.000000
5.424000E-6	0.698543	2.791865E-8	8.424000E-6	0.738003	2.976684E-8	0.000000	0.000000	0.000000	0.000000	0.000000	0.000000
5.424000E-6	0.691298	2.799872E-8	8.424000E-6	0.735313	2.991200E-8	0.000000	0.000000	0.000000	0.000000	0.000000	0.000000
5.424000E-6	0.696183	2.847325E-8	8.424000E-6	0.730978	3.036980E-8	0.000000	0.000000	0.000000	0.000000	0.000000	0.000000
5.424000E-6	0.698717	2.812224E-8	8.424000E-6	0.738571	3.086424E-8	0.000000	0.000000	0.000000	0.000000	0.000000	0.000000
5.424000E-6	0.696150	2.780433E-8	8.424000E-6	0.732074	3.041254E-8	0.000000	0.000000	0.000000	0.000000	0.000000	0.000000
5.420000E-6	0.668263	2.851930E-8	8.420000E-6	0.737140	2.999207E-8	0.000000	0.000000	0.000000	0.000000	0.000000	0.000000
5.424000E-6	0.700642	2.787554E-8	8.424000E-6	0.707504	3.061129E-8	0.000000	0.000000	0.000000	0.000000	0.000000	0.000000
5.424000E-6	0.695017	2.819113E-8	8.424000E-6	0.737554	3.008741E-8	0.000000	0.000000	0.000000	0.000000	0.000000	0.000000
5.424000E-6	0.695277	2.853949E-8	8.424000E-6	0.738505	3.068890E-8	0.000000	0.000000	0.000000	0.000000	0.000000	0.000000
5.424000E-6	0.702011	2.833182E-8	8.424000E-6	0.739683	3.086871E-8	0.000000	0.000000	0.000000	0.000000	0.000000	0.000000
5.424000E-6	0.702483	2.779461E-8	8.420000E-6	0.731710	3.022310E-8	0.000000	0.000000	0.000000	0.000000	0.000000	0.000000
5.420000E-6	0.700841	2.775253E-8	8.420000E-6	0.736166	2.991000E-8	0.000000	0.000000	0.000000	0.000000	0.000000	0.000000
5.424000E-6	0.695860	2.792850E-8	8.424000E-6	0.735395	2.978847E-8	0.000000	0.000000	0.000000	0.000000	0.000000	0.000000
5.424000E-6	0.689659	2.823594E-8	8.424000E-6	0.737205	3.025785E-8	0.000000	0.000000	0.000000	0.000000	0.000000	0.000000
5.424000E-6	0.697066	2.844104E-8	8.424000E-6	0.732391	3.073039E-8	0.000000	0.000000	0.000000	0.000000	0.000000	0.000000
5.424000E-6	0.698009	2.790778E-8	8.424000E-6	0.734099	3.074382E-8	0.000000	0.000000	0.000000	0.000000	0.000000	0.000000
5.420000E-6	0.703266	2.783323E-8	8.420000E-6	0.736020	3.019205E-8	0.000000	0.000000	0.000000	0.000000	0.000000	0.000000
5.424000E-6	0.698810	2.771556E-8	8.424000E-6	0.734807	2.987120E-8	0.000000	0.000000	0.000000	0.000000	0.000000	0.000000
5.424000E-6	0.698840	2.817419E-8	8.424000E-6	0.733233	2.981593E-8	0.000000	0.000000	0.000000	0.000000	0.000000	0.000000
5.424000E-6	0.699214	2.845241E-8	8.424000E-6	0.736186	3.047397E-8	0.000000	0.000000	0.000000	0.000000	0.000000	0.000000
5.424000E-6	0.696266	2.842943E-8	8.424000E-6	0.737536	3.081179E-8	0.000000	0.000000	0.000000	0.000000	0.000000	0.000000
5.424000E-6	0.699324	2.802278E-8	8.424000E-6	0.732976	3.059735E-8	0.000000	0.000000	0.000000	0.000000	0.000000	0.000000
5.420000E-6	0.700637	2.774946E-8	8.420000E-6	0.736496	3.016224E-8	0.000000	0.000000	0.000000	0.000000	0.000000	0.000000
5.424000E-6	0.698593	2.780737E-8	8.424000E-6	0.735419	2.980566E-8	0.000000	0.000000	0.000000	0.000000	0.000000	0.000000
5.424000E-6	0.697437	2.813010E-8	8.424000E-6	0.737162	2.991152E-8	0.000000	0.000000	0.000000	0.000000	0.000000	0.000000
5.424000E-6	0.692787	2.824969E-8	8.424000E-6	0.736162	3.035984E-8	0.000000	0.000000	0.000000	0.000000	0.000000	0.000000
5.424000E-6	0.701234	2.836357E-8	8.424000E-6	0.739479	3.092290E-8	0.000000	0.000000	0.000000	0.000000	0.000000	0.000000
5.424000E-6	0.698832	2.790553E-8	8.424000E-6	0.739178	3.078157E-8	0.000000	0.000000	0.000000	0.000000	0.000000	0.000000
5.420000E-6	0.698235	2.769159E-8	8.420000E-6	0.738181	3.018279E-8	0.000000	0.000000	0.000000	0.000000	0.000000	0.000000
5.424000E-6	0.704098	2.805518E-8	8.424000E-6	0.736988	2.982618E-8	0.000000	0.000000	0.000000	0.000000	0.000000	0.000000
5.424000E-6	0.694432	2.807244E-8	8.424000E-6	0.737762	2.993263E-8	0.000000	0.000000	0.000000	0.000000	0.000000	0.000000
5.424000E-6	0.691788	2.843787E-8	8.424000E-6	0.738101	3.049194E-8	0.000000	0.000000	0.000000	0.000000	0.000000	0.000000
5.424000E-6	0.693588	2.835235E-8	8.424000E-6	0.738601	3.081273E-8	0.000000	0.000000	0.000000	0.000000	0.000000	0.000000
5.424000E-6	0.699941	2.796491E-8	8.424000E-6	0.737737	3.066202E-8	0.000000	0.000000	0.000000	0.000000	0.000000	0.000000
5.420000E-6	0.573081	3.115265E-8	8.420000E-6	0.738415	3.010514E-8	0.000000	0.000000	0.000000	0.000000	0.000000	0.000000
5.424000E-6	0.703897	2.796752E-8	8.424000E-6	0.735471	2.986027E-8	0.000000	0.000000	0.000000	0.000000	0.000000	0.000000
5.424000E-6	0.699585	2.825605E-8	8.424000E-6	0.735487	2.991803E-8	0.000000	0.000000	0.000000	0.000000	0.000000	0.000000
5.424000E-6	0.689679	2.827412E-8	8.424000E-6	0.737299	3.047701E-8	0.000000	0.000000	0.000000	0.000000	0.000000	0.000000
5.424000E-6	0.693067	2.828733E-8	8.424000E-6	0.732515	3.071034E-8	0.000000	0.000000	0.000000	0.000000	0.000000	0.000000
5.424000E-6	0.697205	2.787148E-8	8.424000E-6	0.738348	3.065077E-8	0.000000	0.000000	0.000000	0.000000	0.000000	0.000000
5.420000E-6	0.671781	2.846861E-8	8.420000E-6	0.737457	3.012089E-8	0.000000	0.000000	0.000000	0.000000	0.000000	0.000000
5.424000E-6	0.702296	2.794918E-8	8.424000E-6	0.736285	2.981704E-8	0.000000	0.000000	0.000000	0.000000	0.000000	0.000000
5.424000E-6	0.694283	2.806795E-8	8.424000E-6	0.737627	2.996839E-8	0.000000	0.000000	0.000000	0.000000	0.000000	0.000000
5.424000E-6	0.688907	2.838629E-8	8.424000E-6	0.738760	3.055788E-8	0.000000	0.000000	0.000000	0.000000	0.000000	0.000000
5.424000E-6	0.698854	2.818115E-8	8.424000E-6	0.732936	3.067269E-8	0.000000	0.000000	0.000000	0.000000	0.000000	0.000000
5.424000E-6	0.703045	2.800197E-8	8.424000E-6	0.732524	3.042332E-8	0.000000	0.000000	0.000000	0.000000	0.000000	0.000000
5.420000E-6	0.576438	3.109835E-8	8.420000E-6	0.735733	2.997671E-8	0.000000	0.000000	0.000000	0.000000	0.000000	0.000000
5.424000E-6	0.700008	2.789123E-8	8.424000E-6	0.703586	3.054214E-8	0.000000	0.000000	0.000000	0.000000	0.000000	0.000000
5.424000E-6	0.699804	2.819764E-8	8.424000E-6	0.734971	3.000178E-8	0.000000	0.000000	0.000000	0.000000	0.000000	0.000000
5.424000E-6	0.691729	2.846430E-8	8.424000E-6	0.737757	3.057299E-8	0.000000	0.000000	0.000000	0.000000	0.000000	0.000000
5.424000E-6	0.700104	2.825459E-8	8.424000E-6	0.738767	3.080685E-8	0.000000	0.000000	0.000000	0.000000	0.000000	0.000000
5.424000E-6	0.701773	2.792077E-8	8.424000E-6	0.733435	3.042568E-8	0.000000	0.000000	0.000000	0.000000	0.000000	0.000000
5.420000E-6	0.574836	3.126062E-8	8.420000E-6	0.736758	2.994936E-8	0.000000	0.000000	0.000000	0.000000	0.000000	0.000000
5.424000E-6	0.696772	2.787590E-8	8.424000E-6	0.706284	3.048936E-8	0.000000	0.000000	0.000000	0.000000	0.000000	0.000000
5.424000E-6	0.694237	2.818251E-8	8.424000E-6	0.736236	3.000391E-8	0.000000	0.000000	0.000000	0.000000	0.000000	0.000000
5.424000E-6	0.693459	2.843705E-8	8.424000E-6	0.732724	3.052552E-8	0.000000	0.000000	0.000000	0.000000	0.000000	0.000000
5.424000E-6	0.700402	2.807367E-8	8.424000E-6	0.731279	3.058841E-8	0.000000	0.000000	0.000000	0.000000	0.000000	0.000000
5.424000E-6	0.700977	2.780002E-8	8.420000E-6	0.737993	3.044499E-8	0.000000	0.000000	0.000000	0.000000	0.000000	0.000000
5.420000E-6	0.698360	2.784965E-8	8.420000E-6	0.736999	2.997401E-8	0.000000	0.000000	0.000000	0.000000	0.000000	0.000000
5.424000E-6	0.696584	2.786483E-8	8.424000E-6	0.735862	2.977778E-8	0.000000	0.000000	0.000000	0.000000	0.000000	0.000000
5.424000E-6	0.693533	2.817494E-8	8.424000E-6	0.734317	3.010194E-8	0.000000	0.000000	0.000000	0.000000	0.000000	0.000000
5.424000E-6	0.696744	2.844113E-8	8.424000E-6	0.738227	3.076405E-8	0.000000	0.000000	0.000000	0.000000	0.000000	0.000000
5.424000E-6	0.703962	2.821436E-8	8.424000E-6	0.734600	3.071270E-8	0.000000	0.000000	0.000000	0.000000	0.000000	0.000000
5.424000E-6	0.697724	2.775807E-8	8.420000E-6	0.732307	3.030904E-8	0.000000	0.000000	0.000000	0.000000	0.000000	0.000000
5.420000E-6	0.704444	2.790832E-8	8.420000E-6	0.737063	2.997621E-8	0.000000	0.000000	0.000000	0.000000	0.000000	0.000000
5.424000E-6	0.699688	2.785090E-8	8.424000E-6	0.736896	2.975590E-8	0.000000	0.000000	0.000000	0.000000	0.000000	0.000000
5.424000E-6	0.691444	2.827236E-8	8.424000E-6	0.736755	3.012421E-8	0.000000	0.000000	0.000000	0.000000	0.000000	0.000000
5.424000E-6	0.689337	2.835555E-8	8.424000E-6	0.739334	3.071464E-8	0.000000	0.000000	0.000000	0.000000	0.000000	0.000000
5.424000E-6	0.698959	2.822182E-8	8.424000E-6	0.737544	3.082994E-8	0.000000	0.000000	0.000000	0.000000	0.000000	0.000000
5.424000E-6	0.698186	2.792842E-8	8.424000E-6	0.730804	3.035588E-8	0.000000	0.000000	0.000000	0.000000	0.000000	0.000000
5.420000E-6	0.676330	2.867456E-8	8.420000E-6	0.737219	3.003761E-8	0.000000	0.000000	0.000000	0.000000	0.000000	0.000000
5.424000E-6	0.699408	2.779450E-8	8.424000E-6	0.706216	3.050848E-8	0.000000	0.000000	0.000000	0.000000	0.000000	0.000000
5.424000E-6	0.695945	2.801845E-8	8.424000E-6	0.735450	2.995555E-8	0.000000	0.000000	0.000000	0.000000	0.000000	0.000000
5.424000E-6	0.686723	2.834787E-8	8.424000E-6	0.731272	3.030459E-8	0.000000	0.000000	0.000000	0.000000	0.000000	0.000000
5.424000E-6	0.695017	2.829092E-8	8.424000E-6	0.731189	3.066398E-8	0.000000	0.000000	0.000000	0.000000	0.000000	0.000000
5.424000E-6	0.701030	2.790881E-8	8.424000E-6	0.737518	3.068762E-8	0.000000	0.000000	0.000000	0.000000	0.000000	0.000000
5.420000E-6	0.704015	2.789872E-8	8.420000E-6	0.738210	3.024448E-8	0.000000	0.000000	0.000000	0.000000	0.000000	0.000000
5.424000E-6	0.705108	2.789279E-8	8.424000E-6	0.736688	2.986446E-8	0.000000	0.000000	0.000000	0.000000	0.000000	0.000000
5.424000E-6	0.703337	2.811182E-8	8.424000E-6	0.736330	2.991892E-8	0.000000	0.000000	0.000000	0.000000	0.000000	0.000000
5.424000E-6	0.694794	2.840879E-8	8.424000E-6	0.737656	3.032402E-8	0.000000	0.000000	0.000000	0.000000	0.000000	0.000000
5.424000E-6	0.693467	2.840825E-8	8.424000E-6	0.739035	3.089859E-8	0.000000	0.000000	0.000000	0.000000	0.000000	0.000000
5.424000E-6	0.694860	2.808075E-8	8.424000E-6	0.732797	3.073378E-8	0.000000	0.000000	0.000000	0.000000	0.000000	0.000000
5.424000E-6	0.702178	2.775666E-8	8.420000E-6	0.737125	3.034849E-8	0.000000	0.000000	0.000000	0.000000	0.000000	0.000000
5.420000E-6	0.699575	2.771825E-8	8.420000E-6	0.737049	2.991034E-8	0.000000	0.000000	0.000000	0.000000	0.000000	0.000000
5.424000E-6	0.702496	2.814464E-8	8.424000E-6	0.736071	2.982808E-8	0.000000	0.000000	0.000000	0.000000	0.000000	0.000000
5.424000E-6	0.693966	2.823467E-8	8.424000E-6	0.737755	3.008963E-8	0.000000	0.000000	0.000000	0.000000	0.000000	0.000000
5.424000E-6	0.694793	2.858825E-8	8.424000E-6	0.731976	3.052163E-8	0.000000	0.000000	0.000000	0.000000	0.000000	0.000000
5.424000E-6	0.699822	2.826258E-8	8.424000E-6	0.738766	3.076380E-8	0.000000	0.000000	0.000000	0.000000	0.000000	0.000000
5.424000E-6	0.701470	2.787820E-8	8.424000E-6	0.730307	3.047703E-8	0.000000	0.000000	0.000000	0.000000	0.000000	0.000000
5.420000E-6	0.570131	3.111216E-8	8.420000E-6	0.736233	3.001601E-8	0.000000	0.000000	0.000000	0.000000	0.000000	0.000000
5.424000E-6	0.700476	2.777145E-8	8.424000E-6	0.706404	3.049557E-8	0.000000	0.000000	0.000000	0.000000	0.000000	0.000000
5.424000E-6	0.695260	2.805890E-8	8.424000E-6	0.735365	2.987466E-8	0.000000	0.000000	0.000000	0.000000	0.000000	0.000000
5.424000E-6	0.689073	2.844574E-8	8.424000E-6	0.738836	3.050457E-8	0.000000	0.000000	0.000000	0.000000	0.000000	0.000000
5.424000E-6	0.703215	2.827734E-8	8.424000E-6	0.738645	3.080930E-8	0.000000	0.000000	0.000000	0.000000	0.000000	0.000000
5.424000E-6	0.696990	2.789659E-8	8.424000E-6	0.738602	3.067420E-8	0.000000	0.000000	0.000000	0.000000	0.000000	0.000000
5.420000E-6	0.703444	2.786926E-8	8.420000E-6	0.737647	3.017446E-8	0.000000	0.000000	0.000000	0.000000	0.000000	0.000000
5.424000E-6	0.699439	2.775983E-8	8.424000E-6	0.737471	2.979866E-8	0.000000	0.000000	0.000000	0.000000	0.000000	0.000000
5.424000E-6	0.693065	2.813798E-8	8.424000E-6	0.735414	2.995834E-8	0.000000	0.000000	0.000000	0.000000	0.000000	0.000000
5.424000E-6	0.695715	2.846364E-8	8.424000E-6	0.732481	3.029098E-8	0.000000	0.000000	0.000000	0.000000	0.000000	0.000000
5.424000E-6	0.694259	2.823360E-8	8.424000E-6	0.732770	3.066274E-8	0.000000	0.000000	0.000000	0.000000	0.000000	0.000000
5.424000E-6	0.699142	2.788442E-8	8.424000E-6	0.737140	3.063693E-8	0.000000	0.000000	0.000000	0.000000	0.000000	0.000000
