Trigger Count=1396	Output Count=527	Elapsed Time=13.958	Number of Pulses CH0=2	Number of Pulses CH1=0
le rate (Hz)=2.50E+8	Min record length=11364	Trigger level (V)=0.1000	Channel 0 threshold (V)=0.0600	Channel 1 threshold (V)=0.0600	Range (microseconds)=40.0000	Pulse 2 delay (microseconds)=1.0000	Lower cut-off frequency (Hz)=3.00E+7
                             	                             
Ch0_time1 (s)	Ch0_amp1 (V)	Ch0_width1 (s)	Ch0_time2 (s)	Ch0_amp2 (V)	Ch0_width2 (s)	Ch1_time1 (s)	Ch1_amp1 (V)	Ch1_width1 (s)	Ch1_time2 (s)	Ch1_amp2 (V)	Ch1_width2 (s)
5.424000E-6	0.694660	2.859414E-8	8.440000E-6	0.064393	2.932015E-8	0.000000	0.000000	0.000000	0.000000	0.000000	0.000000
5.424000E-6	0.696858	2.796101E-8	8.432000E-6	0.064710	3.028545E-8	0.000000	0.000000	0.000000	0.000000	0.000000	0.000000
5.424000E-6	0.702595	2.779989E-8	8.428000E-6	0.061474	2.882084E-8	0.000000	0.000000	0.000000	0.000000	0.000000	0.000000
5.424000E-6	0.699674	2.815411E-8	8.428000E-6	0.062890	2.963249E-8	0.000000	0.000000	0.000000	0.000000	0.000000	0.000000
5.424000E-6	0.697146	2.838054E-8	8.428000E-6	0.063718	3.066245E-8	0.000000	0.000000	0.000000	0.000000	0.000000	0.000000
5.424000E-6	0.694339	2.823040E-8	8.448000E-6	0.062632	2.993468E-8	0.000000	0.000000	0.000000	0.000000	0.000000	0.000000
5.424000E-6	0.702057	2.808840E-8	8.444000E-6	0.063008	2.849935E-8	0.000000	0.000000	0.000000	0.000000	0.000000	0.000000
5.424000E-6	0.692774	2.836694E-8	8.448000E-6	0.059610	3.031082E-8	0.000000	0.000000	0.000000	0.000000	0.000000	0.000000
5.424000E-6	0.698753	2.804991E-8	8.440000E-6	0.064593	2.925411E-8	0.000000	0.000000	0.000000	0.000000	0.000000	0.000000
5.420000E-6	0.699865	2.777155E-8	8.440000E-6	0.060881	2.888757E-8	0.000000	0.000000	0.000000	0.000000	0.000000	0.000000
5.424000E-6	0.700596	2.811813E-8	8.440000E-6	0.066360	2.807121E-8	0.000000	0.000000	0.000000	0.000000	0.000000	0.000000
5.424000E-6	0.702499	2.792160E-8	8.428000E-6	0.061814	2.962323E-8	0.000000	0.000000	0.000000	0.000000	0.000000	0.000000
5.424000E-6	0.694242	2.842445E-8	8.448000E-6	0.063290	2.902277E-8	0.000000	0.000000	0.000000	0.000000	0.000000	0.000000
5.424000E-6	0.697696	2.809372E-8	8.448000E-6	0.063082	3.079909E-8	0.000000	0.000000	0.000000	0.000000	0.000000	0.000000
5.424000E-6	0.697079	2.851616E-8	8.436000E-6	0.063875	2.959857E-8	0.000000	0.000000	0.000000	0.000000	0.000000	0.000000
5.424000E-6	0.698112	2.786503E-8	8.432000E-6	0.064015	2.925572E-8	0.000000	0.000000	0.000000	0.000000	0.000000	0.000000
5.420000E-6	0.568711	3.100086E-8	8.440000E-6	0.061450	2.916736E-8	0.000000	0.000000	0.000000	0.000000	0.000000	0.000000
5.424000E-6	0.693450	2.849598E-8	8.432000E-6	0.064080	2.963130E-8	0.000000	0.000000	0.000000	0.000000	0.000000	0.000000
5.424000E-6	0.699792	2.824258E-8	8.432000E-6	0.064210	2.953532E-8	0.000000	0.000000	0.000000	0.000000	0.000000	0.000000
5.420000E-6	0.673708	2.851566E-8	8.444000E-6	0.053753	3.224320E-8	0.000000	0.000000	0.000000	0.000000	0.000000	0.000000
5.424000E-6	0.692656	2.821967E-8	8.440000E-6	0.061011	2.998387E-8	0.000000	0.000000	0.000000	0.000000	0.000000	0.000000
5.420000E-6	0.700559	2.775491E-8	8.440000E-6	0.064111	2.878086E-8	0.000000	0.000000	0.000000	0.000000	0.000000	0.000000
5.424000E-6	0.701790	2.825827E-8	8.436000E-6	0.063927	2.846530E-8	0.000000	0.000000	0.000000	0.000000	0.000000	0.000000
5.424000E-6	0.698021	2.844947E-8	8.448000E-6	0.063682	2.930756E-8	0.000000	0.000000	0.000000	0.000000	0.000000	0.000000
5.424000E-6	0.694631	2.822985E-8	8.440000E-6	0.062398	2.876943E-8	0.000000	0.000000	0.000000	0.000000	0.000000	0.000000
5.420000E-6	0.708734	2.790402E-8	8.444000E-6	0.063810	2.945759E-8	0.000000	0.000000	0.000000	0.000000	0.000000	0.000000
5.420000E-6	0.701985	2.777743E-8	8.432000E-6	0.066531	2.930998E-8	0.000000	0.000000	0.000000	0.000000	0.000000	0.000000
5.424000E-6	0.700470	2.817142E-8	8.444000E-6	0.064088	2.829909E-8	0.000000	0.000000	0.000000	0.000000	0.000000	0.000000
5.424000E-6	0.698666	2.838597E-8	8.436000E-6	0.064400	2.898259E-8	0.000000	0.000000	0.000000	0.000000	0.000000	0.000000
5.424000E-6	0.689205	2.828735E-8	8.432000E-6	0.064334	2.882199E-8	0.000000	0.000000	0.000000	0.000000	0.000000	0.000000
5.424000E-6	0.697941	2.791085E-8	8.444000E-6	0.060729	2.952632E-8	0.000000	0.000000	0.000000	0.000000	0.000000	0.000000
5.420000E-6	0.703617	2.781019E-8	8.424000E-6	0.063714	2.936282E-8	0.000000	0.000000	0.000000	0.000000	0.000000	0.000000
5.424000E-6	0.696137	2.848420E-8	8.444000E-6	0.064523	2.939213E-8	0.000000	0.000000	0.000000	0.000000	0.000000	0.000000
5.420000E-6	0.706336	2.796369E-8	8.424000E-6	0.063811	2.948702E-8	0.000000	0.000000	0.000000	0.000000	0.000000	0.000000
5.424000E-6	0.695768	2.850306E-8	8.444000E-6	0.064408	3.064720E-8	0.000000	0.000000	0.000000	0.000000	0.000000	0.000000
5.424000E-6	0.696571	2.819018E-8	8.432000E-6	0.063676	2.949001E-8	0.000000	0.000000	0.000000	0.000000	0.000000	0.000000
5.424000E-6	0.701205	2.784940E-8	8.428000E-6	0.063843	2.944622E-8	0.000000	0.000000	0.000000	0.000000	0.000000	0.000000
5.424000E-6	0.696016	2.807480E-8	8.448000E-6	0.063551	2.948031E-8	0.000000	0.000000	0.000000	0.000000	0.000000	0.000000
5.424000E-6	0.696176	2.844175E-8	8.444000E-6	0.064205	2.895024E-8	0.000000	0.000000	0.000000	0.000000	0.000000	0.000000
5.424000E-6	0.697565	2.787317E-8	8.440000E-6	0.064296	2.889641E-8	0.000000	0.000000	0.000000	0.000000	0.000000	0.000000
5.420000E-6	0.700089	2.778567E-8	8.444000E-6	0.062381	2.897849E-8	0.000000	0.000000	0.000000	0.000000	0.000000	0.000000
5.424000E-6	0.705911	2.807026E-8	8.444000E-6	0.063574	2.848534E-8	0.000000	0.000000	0.000000	0.000000	0.000000	0.000000
5.424000E-6	0.693244	2.850997E-8	8.444000E-6	0.064185	3.013470E-8	0.000000	0.000000	0.000000	0.000000	0.000000	0.000000
5.424000E-6	0.702786	2.831863E-8	8.440000E-6	0.064920	2.988763E-8	0.000000	0.000000	0.000000	0.000000	0.000000	0.000000
5.424000E-6	0.703491	2.802819E-8	8.432000E-6	0.064584	2.953507E-8	0.000000	0.000000	0.000000	0.000000	0.000000	0.000000
5.424000E-6	0.693795	2.817743E-8	8.436000E-6	0.068655	2.870126E-8	0.000000	0.000000	0.000000	0.000000	0.000000	0.000000
5.424000E-6	0.695643	2.799022E-8	8.436000E-6	0.064922	2.875022E-8	0.000000	0.000000	0.000000	0.000000	0.000000	0.000000
5.424000E-6	0.695915	2.822112E-8	8.436000E-6	0.062905	2.863212E-8	0.000000	0.000000	0.000000	0.000000	0.000000	0.000000
5.424000E-6	0.701720	2.824898E-8	8.440000E-6	0.062478	2.835586E-8	0.000000	0.000000	0.000000	0.000000	0.000000	0.000000
5.424000E-6	0.697428	2.841747E-8	8.432000E-6	0.064046	2.905777E-8	0.000000	0.000000	0.000000	0.000000	0.000000	0.000000
5.424000E-6	0.704582	2.816844E-8	8.432000E-6	0.064259	2.866400E-8	0.000000	0.000000	0.000000	0.000000	0.000000	0.000000
5.424000E-6	0.696047	2.785632E-8	8.436000E-6	0.064912	2.920645E-8	0.000000	0.000000	0.000000	0.000000	0.000000	0.000000
5.424000E-6	0.697966	2.818902E-8	8.444000E-6	0.065578	2.854343E-8	0.000000	0.000000	0.000000	0.000000	0.000000	0.000000
5.424000E-6	0.690170	2.835933E-8	8.444000E-6	0.064182	2.953073E-8	0.000000	0.000000	0.000000	0.000000	0.000000	0.000000
5.424000E-6	0.695074	2.813986E-8	8.448000E-6	0.063210	2.923893E-8	0.000000	0.000000	0.000000	0.000000	0.000000	0.000000
5.420000E-6	0.701514	2.774849E-8	8.432000E-6	0.062166	2.965008E-8	0.000000	0.000000	0.000000	0.000000	0.000000	0.000000
5.424000E-6	0.691904	2.824729E-8	8.448000E-6	0.063445	2.973724E-8	0.000000	0.000000	0.000000	0.000000	0.000000	0.000000
5.424000E-6	0.696237	2.837411E-8	8.448000E-6	0.063298	2.962285E-8	0.000000	0.000000	0.000000	0.000000	0.000000	0.000000
5.424000E-6	0.702024	2.813606E-8	8.448000E-6	0.063282	2.913666E-8	0.000000	0.000000	0.000000	0.000000	0.000000	0.000000
5.420000E-6	0.705491	2.791550E-8	8.440000E-6	0.066095	2.888365E-8	0.000000	0.000000	0.000000	0.000000	0.000000	0.000000
5.420000E-6	0.707634	2.792485E-8	8.424000E-6	0.063724	2.944141E-8	0.000000	0.000000	0.000000	0.000000	0.000000	0.000000
5.424000E-6	0.697954	2.794908E-8	8.428000E-6	0.062928	3.026129E-8	0.000000	0.000000	0.000000	0.000000	0.000000	0.000000
5.424000E-6	0.699583	2.817952E-8	8.440000E-6	0.065064	2.883613E-8	0.000000	0.000000	0.000000	0.000000	0.000000	0.000000
5.420000E-6	0.704243	2.774772E-8	8.432000E-6	0.061678	2.995500E-8	0.000000	0.000000	0.000000	0.000000	0.000000	0.000000
5.424000E-6	0.705789	2.791182E-8	8.448000E-6	0.063713	2.997887E-8	0.000000	0.000000	0.000000	0.000000	0.000000	0.000000
5.424000E-6	0.698237	2.781179E-8	8.440000E-6	0.064505	2.850612E-8	0.000000	0.000000	0.000000	0.000000	0.000000	0.000000
5.420000E-6	0.700505	2.775260E-8	8.432000E-6	0.064649	2.969538E-8	0.000000	0.000000	0.000000	0.000000	0.000000	0.000000
5.424000E-6	0.703777	2.789616E-8	8.452000E-6	0.040976	3.623090E-8	0.000000	0.000000	0.000000	0.000000	0.000000	0.000000
5.424000E-6	0.695631	2.798960E-8	8.444000E-6	0.064277	2.840654E-8	0.000000	0.000000	0.000000	0.000000	0.000000	0.000000
5.424000E-6	0.694862	2.834374E-8	8.432000E-6	0.063455	2.848623E-8	0.000000	0.000000	0.000000	0.000000	0.000000	0.000000
5.420000E-6	0.704794	2.789970E-8	8.432000E-6	0.062160	2.957428E-8	0.000000	0.000000	0.000000	0.000000	0.000000	0.000000
5.424000E-6	0.701832	2.816060E-8	8.440000E-6	0.063347	2.822473E-8	0.000000	0.000000	0.000000	0.000000	0.000000	0.000000
5.420000E-6	0.430772	3.531293E-8	8.432000E-6	0.064938	2.932677E-8	0.000000	0.000000	0.000000	0.000000	0.000000	0.000000
5.424000E-6	0.700821	2.792004E-8	8.444000E-6	0.064507	2.883907E-8	0.000000	0.000000	0.000000	0.000000	0.000000	0.000000
5.424000E-6	0.691858	2.835849E-8	8.432000E-6	0.063529	2.994732E-8	0.000000	0.000000	0.000000	0.000000	0.000000	0.000000
5.424000E-6	0.697565	2.830404E-8	8.428000E-6	0.063908	2.999214E-8	0.000000	0.000000	0.000000	0.000000	0.000000	0.000000
5.424000E-6	0.694375	2.800326E-8	8.444000E-6	0.064070	2.858316E-8	0.000000	0.000000	0.000000	0.000000	0.000000	0.000000
5.424000E-6	0.699870	2.799433E-8	8.444000E-6	0.062601	2.949331E-8	0.000000	0.000000	0.000000	0.000000	0.000000	0.000000
5.424000E-6	0.701831	2.827667E-8	8.444000E-6	0.064496	2.926971E-8	0.000000	0.000000	0.000000	0.000000	0.000000	0.000000
5.424000E-6	0.689067	2.840913E-8	8.440000E-6	0.066128	2.892313E-8	0.000000	0.000000	0.000000	0.000000	0.000000	0.000000
5.424000E-6	0.693917	2.796300E-8	8.448000E-6	0.062754	3.010092E-8	0.000000	0.000000	0.000000	0.000000	0.000000	0.000000
5.420000E-6	0.700177	2.777182E-8	8.428000E-6	0.062850	3.008117E-8	0.000000	0.000000	0.000000	0.000000	0.000000	0.000000
5.424000E-6	0.696859	2.839036E-8	8.432000E-6	0.065041	2.870457E-8	0.000000	0.000000	0.000000	0.000000	0.000000	0.000000
5.424000E-6	0.699227	2.780828E-8	8.448000E-6	0.038514	3.578690E-8	0.000000	0.000000	0.000000	0.000000	0.000000	0.000000
5.424000E-6	0.695442	2.789426E-8	8.436000E-6	0.065153	2.871864E-8	0.000000	0.000000	0.000000	0.000000	0.000000	0.000000
5.424000E-6	0.701625	2.795069E-8	8.428000E-6	0.061924	3.041267E-8	0.000000	0.000000	0.000000	0.000000	0.000000	0.000000
5.424000E-6	0.697293	2.791300E-8	8.432000E-6	0.061763	2.984761E-8	0.000000	0.000000	0.000000	0.000000	0.000000	0.000000
5.424000E-6	0.701031	2.795792E-8	8.448000E-6	0.063347	2.895096E-8	0.000000	0.000000	0.000000	0.000000	0.000000	0.000000
5.424000E-6	0.699425	2.789247E-8	8.436000E-6	0.064854	2.924568E-8	0.000000	0.000000	0.000000	0.000000	0.000000	0.000000
5.424000E-6	0.699155	2.822227E-8	8.428000E-6	0.061991	2.931327E-8	0.000000	0.000000	0.000000	0.000000	0.000000	0.000000
5.424000E-6	0.703149	2.798564E-8	8.424000E-6	0.063421	2.970895E-8	0.000000	0.000000	0.000000	0.000000	0.000000	0.000000
5.424000E-6	0.697281	2.806372E-8	8.448000E-6	0.060053	2.998020E-8	0.000000	0.000000	0.000000	0.000000	0.000000	0.000000
5.424000E-6	0.690028	2.833155E-8	8.440000E-6	0.065466	2.919198E-8	0.000000	0.000000	0.000000	0.000000	0.000000	0.000000
5.420000E-6	0.576389	3.120233E-8	8.444000E-6	0.063948	2.958374E-8	0.000000	0.000000	0.000000	0.000000	0.000000	0.000000
5.424000E-6	0.697135	2.823155E-8	8.444000E-6	0.062237	2.923470E-8	0.000000	0.000000	0.000000	0.000000	0.000000	0.000000
5.424000E-6	0.687406	2.838298E-8	8.444000E-6	0.063541	3.027080E-8	0.000000	0.000000	0.000000	0.000000	0.000000	0.000000
5.424000E-6	0.697340	2.829286E-8	8.440000E-6	0.064046	2.859446E-8	0.000000	0.000000	0.000000	0.000000	0.000000	0.000000
5.424000E-6	0.701594	2.792273E-8	8.444000E-6	0.063983	2.983996E-8	0.000000	0.000000	0.000000	0.000000	0.000000	0.000000
5.424000E-6	0.702295	2.816681E-8	8.448000E-6	0.062586	2.937411E-8	0.000000	0.000000	0.000000	0.000000	0.000000	0.000000
5.424000E-6	0.700811	2.804354E-8	8.448000E-6	0.064026	2.947411E-8	0.000000	0.000000	0.000000	0.000000	0.000000	0.000000
5.424000E-6	0.704642	2.790248E-8	8.436000E-6	0.064844	2.874328E-8	0.000000	0.000000	0.000000	0.000000	0.000000	0.000000
5.420000E-6	0.703962	2.770847E-8	8.440000E-6	0.064404	2.853532E-8	0.000000	0.000000	0.000000	0.000000	0.000000	0.000000
5.424000E-6	0.696753	2.839327E-8	8.448000E-6	0.062855	2.933797E-8	0.000000	0.000000	0.000000	0.000000	0.000000	0.000000
5.424000E-6	0.703108	2.814082E-8	8.436000E-6	0.063804	2.971671E-8	0.000000	0.000000	0.000000	0.000000	0.000000	0.000000
5.424000E-6	0.702279	2.806681E-8	8.444000E-6	0.063021	2.952289E-8	0.000000	0.000000	0.000000	0.000000	0.000000	0.000000
5.424000E-6	0.696351	2.836449E-8	8.448000E-6	0.063504	3.022141E-8	0.000000	0.000000	0.000000	0.000000	0.000000	0.000000
5.424000E-6	0.703244	2.805952E-8	8.444000E-6	0.062046	3.005541E-8	0.000000	0.000000	0.000000	0.000000	0.000000	0.000000
5.424000E-6	0.703037	2.792884E-8	8.432000E-6	0.066059	2.760855E-8	0.000000	0.000000	0.000000	0.000000	0.000000	0.000000
5.424000E-6	0.704350	2.798900E-8	8.432000E-6	0.064088	2.952274E-8	0.000000	0.000000	0.000000	0.000000	0.000000	0.000000
5.424000E-6	0.694341	2.813666E-8	8.448000E-6	0.060995	2.972242E-8	0.000000	0.000000	0.000000	0.000000	0.000000	0.000000
5.424000E-6	0.702122	2.828455E-8	8.448000E-6	0.063201	2.977507E-8	0.000000	0.000000	0.000000	0.000000	0.000000	0.000000
5.424000E-6	0.698233	2.779828E-8	8.440000E-6	0.062847	2.885146E-8	0.000000	0.000000	0.000000	0.000000	0.000000	0.000000
5.424000E-6	0.702229	2.824202E-8	8.444000E-6	0.063475	2.971893E-8	0.000000	0.000000	0.000000	0.000000	0.000000	0.000000
5.424000E-6	0.700219	2.799295E-8	8.436000E-6	0.063036	2.853625E-8	0.000000	0.000000	0.000000	0.000000	0.000000	0.000000
5.420000E-6	0.705311	2.772846E-8	8.448000E-6	0.063216	3.026075E-8	0.000000	0.000000	0.000000	0.000000	0.000000	0.000000
5.424000E-6	0.697446	2.795526E-8	8.448000E-6	0.063649	2.894203E-8	0.000000	0.000000	0.000000	0.000000	0.000000	0.000000
5.424000E-6	0.688881	2.839240E-8	8.436000E-6	0.062613	2.892833E-8	0.000000	0.000000	0.000000	0.000000	0.000000	0.000000
5.420000E-6	0.699558	2.767972E-8	8.436000E-6	0.064854	2.868538E-8	0.000000	0.000000	0.000000	0.000000	0.000000	0.000000
5.424000E-6	0.702298	2.808345E-8	8.440000E-6	0.062443	2.905930E-8	0.000000	0.000000	0.000000	0.000000	0.000000	0.000000
5.420000E-6	0.703269	2.785328E-8	8.432000E-6	0.062344	2.977771E-8	0.000000	0.000000	0.000000	0.000000	0.000000	0.000000
5.424000E-6	0.691950	2.839878E-8	8.444000E-6	0.062539	2.848053E-8	0.000000	0.000000	0.000000	0.000000	0.000000	0.000000
5.424000E-6	0.699417	2.802587E-8	8.432000E-6	0.064513	2.847073E-8	0.000000	0.000000	0.000000	0.000000	0.000000	0.000000
5.424000E-6	0.696325	2.839629E-8	8.428000E-6	0.063509	2.940366E-8	0.000000	0.000000	0.000000	0.000000	0.000000	0.000000
5.424000E-6	0.695351	2.797440E-8	8.436000E-6	0.063787	2.877244E-8	0.000000	0.000000	0.000000	0.000000	0.000000	0.000000
5.424000E-6	0.698527	2.811101E-8	8.444000E-6	0.063796	2.952209E-8	0.000000	0.000000	0.000000	0.000000	0.000000	0.000000
5.424000E-6	0.695482	2.816250E-8	8.444000E-6	0.063781	2.992698E-8	0.000000	0.000000	0.000000	0.000000	0.000000	0.000000
5.424000E-6	0.695363	2.797287E-8	8.432000E-6	0.061735	2.923230E-8	0.000000	0.000000	0.000000	0.000000	0.000000	0.000000
5.424000E-6	0.695460	2.781209E-8	8.444000E-6	0.064530	2.985943E-8	0.000000	0.000000	0.000000	0.000000	0.000000	0.000000
5.424000E-6	0.693760	2.852890E-8	8.444000E-6	0.063334	2.960586E-8	0.000000	0.000000	0.000000	0.000000	0.000000	0.000000
5.424000E-6	0.694597	2.820815E-8	8.448000E-6	0.062972	3.011993E-8	0.000000	0.000000	0.000000	0.000000	0.000000	0.000000
5.424000E-6	0.704814	2.787141E-8	8.428000E-6	0.063339	2.927887E-8	0.000000	0.000000	0.000000	0.000000	0.000000	0.000000
5.424000E-6	0.700394	2.785957E-8	8.436000E-6	0.064706	2.941187E-8	0.000000	0.000000	0.000000	0.000000	0.000000	0.000000
5.424000E-6	0.688360	2.845339E-8	8.432000E-6	0.064354	2.952188E-8	0.000000	0.000000	0.000000	0.000000	0.000000	0.000000
5.424000E-6	0.698782	2.813511E-8	8.432000E-6	0.064405	2.970849E-8	0.000000	0.000000	0.000000	0.000000	0.000000	0.000000
5.424000E-6	0.698225	2.785883E-8	8.428000E-6	0.065505	2.806434E-8	0.000000	0.000000	0.000000	0.000000	0.000000	0.000000
5.424000E-6	0.696481	2.828968E-8	8.436000E-6	0.063693	2.982836E-8	0.000000	0.000000	0.000000	0.000000	0.000000	0.000000
5.424000E-6	0.693268	2.849103E-8	8.444000E-6	0.063473	3.048356E-8	0.000000	0.000000	0.000000	0.000000	0.000000	0.000000
5.424000E-6	0.696004	2.819418E-8	8.436000E-6	0.063196	2.911795E-8	0.000000	0.000000	0.000000	0.000000	0.000000	0.000000
5.424000E-6	0.700576	2.833650E-8	8.436000E-6	0.063646	2.836622E-8	0.000000	0.000000	0.000000	0.000000	0.000000	0.000000
5.424000E-6	0.694111	2.855546E-8	8.448000E-6	0.063232	3.004261E-8	0.000000	0.000000	0.000000	0.000000	0.000000	0.000000
5.424000E-6	0.702450	2.803314E-8	8.448000E-6	0.063558	2.897172E-8	0.000000	0.000000	0.000000	0.000000	0.000000	0.000000
5.424000E-6	0.700630	2.830046E-8	8.428000E-6	0.061470	2.947056E-8	0.000000	0.000000	0.000000	0.000000	0.000000	0.000000
5.424000E-6	0.704557	2.790648E-8	8.440000E-6	0.065029	2.886073E-8	0.000000	0.000000	0.000000	0.000000	0.000000	0.000000
5.420000E-6	0.708243	2.796421E-8	8.444000E-6	0.064415	3.013890E-8	0.000000	0.000000	0.000000	0.000000	0.000000	0.000000
5.424000E-6	0.697371	2.793249E-8	8.436000E-6	0.064580	2.861045E-8	0.000000	0.000000	0.000000	0.000000	0.000000	0.000000
5.424000E-6	0.697709	2.819972E-8	8.436000E-6	0.062503	2.824280E-8	0.000000	0.000000	0.000000	0.000000	0.000000	0.000000
5.424000E-6	0.695939	2.844721E-8	8.444000E-6	0.064569	2.978294E-8	0.000000	0.000000	0.000000	0.000000	0.000000	0.000000
5.424000E-6	0.700780	2.814766E-8	8.448000E-6	0.063104	2.968882E-8	0.000000	0.000000	0.000000	0.000000	0.000000	0.000000
5.420000E-6	0.701253	2.778535E-8	8.424000E-6	0.063124	2.959674E-8	0.000000	0.000000	0.000000	0.000000	0.000000	0.000000
5.424000E-6	0.698903	2.811906E-8	8.440000E-6	0.063349	2.839598E-8	0.000000	0.000000	0.000000	0.000000	0.000000	0.000000
5.424000E-6	0.693167	2.823887E-8	8.448000E-6	0.063113	2.911050E-8	0.000000	0.000000	0.000000	0.000000	0.000000	0.000000
5.424000E-6	0.699953	2.833343E-8	8.432000E-6	0.063589	2.812378E-8	0.000000	0.000000	0.000000	0.000000	0.000000	0.000000
5.420000E-6	0.707164	2.790012E-8	8.436000E-6	0.065032	2.859958E-8	0.000000	0.000000	0.000000	0.000000	0.000000	0.000000
5.424000E-6	0.697420	2.830867E-8	8.448000E-6	0.063305	2.974631E-8	0.000000	0.000000	0.000000	0.000000	0.000000	0.000000
5.424000E-6	0.692422	2.839854E-8	8.444000E-6	0.063520	3.049020E-8	0.000000	0.000000	0.000000	0.000000	0.000000	0.000000
5.424000E-6	0.707149	2.798760E-8	8.448000E-6	0.063259	2.984704E-8	0.000000	0.000000	0.000000	0.000000	0.000000	0.000000
5.424000E-6	0.698067	2.786313E-8	8.444000E-6	0.053797	3.137971E-8	0.000000	0.000000	0.000000	0.000000	0.000000	0.000000
5.424000E-6	0.694513	2.850648E-8	8.440000E-6	0.064326	2.853735E-8	0.000000	0.000000	0.000000	0.000000	0.000000	0.000000
5.424000E-6	0.692721	2.824160E-8	8.448000E-6	0.062476	2.986571E-8	0.000000	0.000000	0.000000	0.000000	0.000000	0.000000
5.420000E-6	0.567514	3.109698E-8	8.436000E-6	0.064724	2.862187E-8	0.000000	0.000000	0.000000	0.000000	0.000000	0.000000
5.424000E-6	0.700904	2.814952E-8	8.432000E-6	0.063257	2.906698E-8	0.000000	0.000000	0.000000	0.000000	0.000000	0.000000
5.420000E-6	0.672670	2.844660E-8	8.444000E-6	0.064378	2.904402E-8	0.000000	0.000000	0.000000	0.000000	0.000000	0.000000
5.424000E-6	0.697295	2.810079E-8	8.440000E-6	0.064440	2.877941E-8	0.000000	0.000000	0.000000	0.000000	0.000000	0.000000
5.424000E-6	0.689970	2.856862E-8	8.444000E-6	0.063200	2.862463E-8	0.000000	0.000000	0.000000	0.000000	0.000000	0.000000
5.424000E-6	0.693605	2.811222E-8	8.448000E-6	0.062483	2.979675E-8	0.000000	0.000000	0.000000	0.000000	0.000000	0.000000
5.424000E-6	0.698417	2.828326E-8	8.432000E-6	0.062191	2.948040E-8	0.000000	0.000000	0.000000	0.000000	0.000000	0.000000
5.424000E-6	0.694699	2.832163E-8	8.440000E-6	0.063589	2.867129E-8	0.000000	0.000000	0.000000	0.000000	0.000000	0.000000
5.424000E-6	0.697241	2.854547E-8	8.444000E-6	0.060334	2.974428E-8	0.000000	0.000000	0.000000	0.000000	0.000000	0.000000
5.424000E-6	0.694036	2.828338E-8	8.440000E-6	0.064133	2.887219E-8	0.000000	0.000000	0.000000	0.000000	0.000000	0.000000
5.420000E-6	0.701048	2.774350E-8	8.448000E-6	0.062031	2.882959E-8	0.000000	0.000000	0.000000	0.000000	0.000000	0.000000
5.424000E-6	0.696765	2.840968E-8	8.432000E-6	0.062380	2.840918E-8	0.000000	0.000000	0.000000	0.000000	0.000000	0.000000
5.420000E-6	0.705724	2.787534E-8	8.432000E-6	0.063534	2.871134E-8	0.000000	0.000000	0.000000	0.000000	0.000000	0.000000
5.424000E-6	0.698753	2.779165E-8	8.436000E-6	0.060875	3.021256E-8	0.000000	0.000000	0.000000	0.000000	0.000000	0.000000
5.424000E-6	0.696225	2.796509E-8	8.448000E-6	0.061673	2.911954E-8	0.000000	0.000000	0.000000	0.000000	0.000000	0.000000
5.424000E-6	0.697432	2.818185E-8	8.448000E-6	0.063945	3.003556E-8	0.000000	0.000000	0.000000	0.000000	0.000000	0.000000
5.424000E-6	0.699029	2.821132E-8	8.428000E-6	0.064549	2.901375E-8	0.000000	0.000000	0.000000	0.000000	0.000000	0.000000
5.424000E-6	0.688031	2.837628E-8	8.432000E-6	0.063150	2.986882E-8	0.000000	0.000000	0.000000	0.000000	0.000000	0.000000
5.420000E-6	0.705961	2.789796E-8	8.424000E-6	0.062622	2.941932E-8	0.000000	0.000000	0.000000	0.000000	0.000000	0.000000
5.424000E-6	0.697724	2.813737E-8	8.432000E-6	0.063812	2.925018E-8	0.000000	0.000000	0.000000	0.000000	0.000000	0.000000
5.424000E-6	0.696098	2.812644E-8	8.432000E-6	0.066795	2.887945E-8	0.000000	0.000000	0.000000	0.000000	0.000000	0.000000
5.420000E-6	0.700721	2.777456E-8	8.428000E-6	0.061445	2.964892E-8	0.000000	0.000000	0.000000	0.000000	0.000000	0.000000
5.424000E-6	0.697256	2.832259E-8	8.432000E-6	0.063730	2.838754E-8	0.000000	0.000000	0.000000	0.000000	0.000000	0.000000
5.424000E-6	0.704224	2.816913E-8	8.436000E-6	0.064931	2.959006E-8	0.000000	0.000000	0.000000	0.000000	0.000000	0.000000
5.420000E-6	0.707296	2.789840E-8	8.428000E-6	0.063898	2.916197E-8	0.000000	0.000000	0.000000	0.000000	0.000000	0.000000
5.424000E-6	0.701527	2.798790E-8	8.444000E-6	0.064490	2.903356E-8	0.000000	0.000000	0.000000	0.000000	0.000000	0.000000
5.420000E-6	0.701919	2.771563E-8	8.424000E-6	0.063616	2.990202E-8	0.000000	0.000000	0.000000	0.000000	0.000000	0.000000
5.424000E-6	0.693260	2.818868E-8	8.436000E-6	0.064248	2.797998E-8	0.000000	0.000000	0.000000	0.000000	0.000000	0.000000
5.424000E-6	0.696878	2.843314E-8	8.444000E-6	0.064728	2.896339E-8	0.000000	0.000000	0.000000	0.000000	0.000000	0.000000
5.424000E-6	0.701241	2.799807E-8	8.432000E-6	0.064445	2.913889E-8	0.000000	0.000000	0.000000	0.000000	0.000000	0.000000
5.424000E-6	0.693862	2.839994E-8	8.432000E-6	0.062289	2.914702E-8	0.000000	0.000000	0.000000	0.000000	0.000000	0.000000
5.420000E-6	0.699757	2.792221E-8	8.448000E-6	0.061888	3.020184E-8	0.000000	0.000000	0.000000	0.000000	0.000000	0.000000
5.424000E-6	0.700829	2.818416E-8	8.440000E-6	0.063949	2.909719E-8	0.000000	0.000000	0.000000	0.000000	0.000000	0.000000
5.424000E-6	0.703214	2.811828E-8	8.428000E-6	0.064635	2.852581E-8	0.000000	0.000000	0.000000	0.000000	0.000000	0.000000
5.424000E-6	0.697050	2.841796E-8	8.448000E-6	0.063300	2.976381E-8	0.000000	0.000000	0.000000	0.000000	0.000000	0.000000
5.420000E-6	0.701429	2.785262E-8	8.440000E-6	0.060643	2.748931E-8	0.000000	0.000000	0.000000	0.000000	0.000000	0.000000
5.424000E-6	0.700541	2.794504E-8	8.436000E-6	0.063712	2.956170E-8	0.000000	0.000000	0.000000	0.000000	0.000000	0.000000
5.424000E-6	0.699079	2.804020E-8	8.432000E-6	0.064607	2.864387E-8	0.000000	0.000000	0.000000	0.000000	0.000000	0.000000
5.420000E-6	0.702701	2.781048E-8	8.440000E-6	0.061647	3.058355E-8	0.000000	0.000000	0.000000	0.000000	0.000000	0.000000
5.420000E-6	0.702281	2.784002E-8	8.440000E-6	0.064410	2.963186E-8	0.000000	0.000000	0.000000	0.000000	0.000000	0.000000
5.420000E-6	0.697821	2.781904E-8	8.444000E-6	0.063821	2.881427E-8	0.000000	0.000000	0.000000	0.000000	0.000000	0.000000
5.424000E-6	0.696813	2.848150E-8	8.436000E-6	0.061645	2.890786E-8	0.000000	0.000000	0.000000	0.000000	0.000000	0.000000
5.424000E-6	0.698542	2.851326E-8	8.444000E-6	0.062415	2.876350E-8	0.000000	0.000000	0.000000	0.000000	0.000000	0.000000
5.424000E-6	0.694714	2.806493E-8	8.432000E-6	0.064184	2.906815E-8	0.000000	0.000000	0.000000	0.000000	0.000000	0.000000
5.420000E-6	0.704822	2.795961E-8	8.424000E-6	0.063766	2.944917E-8	0.000000	0.000000	0.000000	0.000000	0.000000	0.000000
5.424000E-6	0.690093	2.834458E-8	8.444000E-6	0.063867	2.874798E-8	0.000000	0.000000	0.000000	0.000000	0.000000	0.000000
5.424000E-6	0.695451	2.817012E-8	8.432000E-6	0.064179	2.836429E-8	0.000000	0.000000	0.000000	0.000000	0.000000	0.000000
5.420000E-6	0.702145	2.772032E-8	8.424000E-6	0.052643	3.309161E-8	0.000000	0.000000	0.000000	0.000000	0.000000	0.000000
5.424000E-6	0.697245	2.788643E-8	8.444000E-6	0.059787	3.063884E-8	0.000000	0.000000	0.000000	0.000000	0.000000	0.000000
5.424000E-6	0.696824	2.853514E-8	8.444000E-6	0.064161	2.995945E-8	0.000000	0.000000	0.000000	0.000000	0.000000	0.000000
5.424000E-6	0.692746	2.834315E-8	8.436000E-6	0.063079	2.794191E-8	0.000000	0.000000	0.000000	0.000000	0.000000	0.000000
5.424000E-6	0.698097	2.802527E-8	8.436000E-6	0.065085	2.967330E-8	0.000000	0.000000	0.000000	0.000000	0.000000	0.000000
5.420000E-6	0.699086	2.769012E-8	8.448000E-6	0.059839	2.972112E-8	0.000000	0.000000	0.000000	0.000000	0.000000	0.000000
5.424000E-6	0.696617	2.835239E-8	8.444000E-6	0.063281	2.853165E-8	0.000000	0.000000	0.000000	0.000000	0.000000	0.000000
5.424000E-6	0.704263	2.794220E-8	8.444000E-6	0.062116	3.029816E-8	0.000000	0.000000	0.000000	0.000000	0.000000	0.000000
5.424000E-6	0.694841	2.846610E-8	8.432000E-6	0.063565	2.882922E-8	0.000000	0.000000	0.000000	0.000000	0.000000	0.000000
5.424000E-6	0.704116	2.803634E-8	8.452000E-6	0.040683	3.653836E-8	0.000000	0.000000	0.000000	0.000000	0.000000	0.000000
5.424000E-6	0.700398	2.807985E-8	8.440000E-6	0.065809	2.976710E-8	0.000000	0.000000	0.000000	0.000000	0.000000	0.000000
5.424000E-6	0.698014	2.831087E-8	8.436000E-6	0.065873	2.889077E-8	0.000000	0.000000	0.000000	0.000000	0.000000	0.000000
5.424000E-6	0.696677	2.811873E-8	8.440000E-6	0.064826	2.941196E-8	0.000000	0.000000	0.000000	0.000000	0.000000	0.000000
5.420000E-6	0.700853	2.782508E-8	8.444000E-6	0.064729	2.964000E-8	0.000000	0.000000	0.000000	0.000000	0.000000	0.000000
5.424000E-6	0.701036	2.794305E-8	8.440000E-6	0.064125	2.877669E-8	0.000000	0.000000	0.000000	0.000000	0.000000	0.000000
5.424000E-6	0.702891	2.825585E-8	8.432000E-6	0.064516	3.024021E-8	0.000000	0.000000	0.000000	0.000000	0.000000	0.000000
5.420000E-6	0.698931	2.770841E-8	8.440000E-6	0.062743	2.923183E-8	0.000000	0.000000	0.000000	0.000000	0.000000	0.000000
5.424000E-6	0.699213	2.834323E-8	8.448000E-6	0.063717	2.989316E-8	0.000000	0.000000	0.000000	0.000000	0.000000	0.000000
5.424000E-6	0.690631	2.817134E-8	8.448000E-6	0.063105	2.993625E-8	0.000000	0.000000	0.000000	0.000000	0.000000	0.000000
5.424000E-6	0.696871	2.817757E-8	8.448000E-6	0.063094	2.920943E-8	0.000000	0.000000	0.000000	0.000000	0.000000	0.000000
5.424000E-6	0.699866	2.781199E-8	8.440000E-6	0.064653	2.912234E-8	0.000000	0.000000	0.000000	0.000000	0.000000	0.000000
5.424000E-6	0.703253	2.799251E-8	8.444000E-6	0.064913	2.934477E-8	0.000000	0.000000	0.000000	0.000000	0.000000	0.000000
5.424000E-6	0.697398	2.816260E-8	8.432000E-6	0.062367	2.875545E-8	0.000000	0.000000	0.000000	0.000000	0.000000	0.000000
5.424000E-6	0.703706	2.793153E-8	8.444000E-6	0.062325	2.968698E-8	0.000000	0.000000	0.000000	0.000000	0.000000	0.000000
5.424000E-6	0.705369	2.792056E-8	8.444000E-6	0.060751	2.909141E-8	0.000000	0.000000	0.000000	0.000000	0.000000	0.000000
5.424000E-6	0.695172	2.802823E-8	8.432000E-6	0.063830	2.868858E-8	0.000000	0.000000	0.000000	0.000000	0.000000	0.000000
5.424000E-6	0.691538	2.830098E-8	8.448000E-6	0.061852	3.011919E-8	0.000000	0.000000	0.000000	0.000000	0.000000	0.000000
5.424000E-6	0.703244	2.841234E-8	8.448000E-6	0.061196	2.889701E-8	0.000000	0.000000	0.000000	0.000000	0.000000	0.000000
5.424000E-6	0.700771	2.789931E-8	8.436000E-6	0.066849	2.890906E-8	0.000000	0.000000	0.000000	0.000000	0.000000	0.000000
5.420000E-6	0.569609	3.110997E-8	8.440000E-6	0.064258	2.910180E-8	0.000000	0.000000	0.000000	0.000000	0.000000	0.000000
5.424000E-6	0.690790	2.859341E-8	8.440000E-6	0.063784	3.025503E-8	0.000000	0.000000	0.000000	0.000000	0.000000	0.000000
5.424000E-6	0.700010	2.821551E-8	8.436000E-6	0.064378	2.862114E-8	0.000000	0.000000	0.000000	0.000000	0.000000	0.000000
5.424000E-6	0.697384	2.784634E-8	8.428000E-6	0.040603	3.556124E-8	0.000000	0.000000	0.000000	0.000000	0.000000	0.000000
5.424000E-6	0.693075	2.850893E-8	8.440000E-6	0.063651	2.862773E-8	0.000000	0.000000	0.000000	0.000000	0.000000	0.000000
5.424000E-6	0.698744	2.792284E-8	8.432000E-6	0.064068	2.911730E-8	0.000000	0.000000	0.000000	0.000000	0.000000	0.000000
5.424000E-6	0.702650	2.823053E-8	8.444000E-6	0.063805	2.978655E-8	0.000000	0.000000	0.000000	0.000000	0.000000	0.000000
5.424000E-6	0.698813	2.800020E-8	8.436000E-6	0.063784	2.891143E-8	0.000000	0.000000	0.000000	0.000000	0.000000	0.000000
5.420000E-6	0.673502	2.845340E-8	8.440000E-6	0.064842	2.879471E-8	0.000000	0.000000	0.000000	0.000000	0.000000	0.000000
5.424000E-6	0.697683	2.850274E-8	8.428000E-6	0.063588	3.000419E-8	0.000000	0.000000	0.000000	0.000000	0.000000	0.000000
5.424000E-6	0.692105	2.832289E-8	8.440000E-6	0.064181	2.927030E-8	0.000000	0.000000	0.000000	0.000000	0.000000	0.000000
5.424000E-6	0.698589	2.835424E-8	8.440000E-6	0.062406	2.838030E-8	0.000000	0.000000	0.000000	0.000000	0.000000	0.000000
5.424000E-6	0.691133	2.836197E-8	8.440000E-6	0.063156	2.914364E-8	0.000000	0.000000	0.000000	0.000000	0.000000	0.000000
5.424000E-6	0.696442	2.848872E-8	8.436000E-6	0.064277	2.963830E-8	0.000000	0.000000	0.000000	0.000000	0.000000	0.000000
5.420000E-6	0.704668	2.782950E-8	8.440000E-6	0.064563	2.943897E-8	0.000000	0.000000	0.000000	0.000000	0.000000	0.000000
5.424000E-6	0.696430	2.807837E-8	8.448000E-6	0.063837	2.931649E-8	0.000000	0.000000	0.000000	0.000000	0.000000	0.000000
5.424000E-6	0.690917	2.831975E-8	8.432000E-6	0.063789	2.924178E-8	0.000000	0.000000	0.000000	0.000000	0.000000	0.000000
5.424000E-6	0.698382	2.837768E-8	8.436000E-6	0.065106	2.922069E-8	0.000000	0.000000	0.000000	0.000000	0.000000	0.000000
5.424000E-6	0.699241	2.800742E-8	8.424000E-6	0.061300	2.884183E-8	0.000000	0.000000	0.000000	0.000000	0.000000	0.000000
5.424000E-6	0.700995	2.811052E-8	8.440000E-6	0.064139	2.860672E-8	0.000000	0.000000	0.000000	0.000000	0.000000	0.000000
5.424000E-6	0.699277	2.844292E-8	8.440000E-6	0.062696	2.951201E-8	0.000000	0.000000	0.000000	0.000000	0.000000	0.000000
5.424000E-6	0.692434	2.827863E-8	8.448000E-6	0.062465	3.106479E-8	0.000000	0.000000	0.000000	0.000000	0.000000	0.000000
5.420000E-6	0.699520	2.781704E-8	8.424000E-6	0.063172	3.023182E-8	0.000000	0.000000	0.000000	0.000000	0.000000	0.000000
5.424000E-6	0.698877	2.838868E-8	8.428000E-6	0.061094	2.888277E-8	0.000000	0.000000	0.000000	0.000000	0.000000	0.000000
5.424000E-6	0.701565	2.771966E-8	8.428000E-6	0.058952	2.960969E-8	0.000000	0.000000	0.000000	0.000000	0.000000	0.000000
5.420000E-6	0.571636	3.103754E-8	8.424000E-6	0.063189	2.879015E-8	0.000000	0.000000	0.000000	0.000000	0.000000	0.000000
5.424000E-6	0.696515	2.782640E-8	8.448000E-6	0.063753	2.832000E-8	0.000000	0.000000	0.000000	0.000000	0.000000	0.000000
5.424000E-6	0.700019	2.830464E-8	8.432000E-6	0.064034	2.908812E-8	0.000000	0.000000	0.000000	0.000000	0.000000	0.000000
5.424000E-6	0.699852	2.788106E-8	8.448000E-6	0.061831	2.981817E-8	0.000000	0.000000	0.000000	0.000000	0.000000	0.000000
5.424000E-6	0.695907	2.852676E-8	8.444000E-6	0.064342	2.902711E-8	0.000000	0.000000	0.000000	0.000000	0.000000	0.000000
5.424000E-6	0.696182	2.798555E-8	8.436000E-6	0.062298	2.764425E-8	0.000000	0.000000	0.000000	0.000000	0.000000	0.000000
5.420000E-6	0.702100	2.795973E-8	8.444000E-6	0.064153	2.967312E-8	0.000000	0.000000	0.000000	0.000000	0.000000	0.000000
5.424000E-6	0.701686	2.765339E-8	8.440000E-6	0.065567	2.837405E-8	0.000000	0.000000	0.000000	0.000000	0.000000	0.000000
5.420000E-6	0.699953	2.773074E-8	8.444000E-6	0.061116	3.033271E-8	0.000000	0.000000	0.000000	0.000000	0.000000	0.000000
5.424000E-6	0.704254	2.800253E-8	8.436000E-6	0.064758	2.930554E-8	0.000000	0.000000	0.000000	0.000000	0.000000	0.000000
5.424000E-6	0.693155	2.823169E-8	8.448000E-6	0.063420	3.001753E-8	0.000000	0.000000	0.000000	0.000000	0.000000	0.000000
5.424000E-6	0.694770	2.845361E-8	8.440000E-6	0.063333	2.833558E-8	0.000000	0.000000	0.000000	0.000000	0.000000	0.000000
5.424000E-6	0.697273	2.790667E-8	8.440000E-6	0.064559	2.919336E-8	0.000000	0.000000	0.000000	0.000000	0.000000	0.000000
5.424000E-6	0.696934	2.818985E-8	8.436000E-6	0.063740	2.951588E-8	0.000000	0.000000	0.000000	0.000000	0.000000	0.000000
5.424000E-6	0.699243	2.829127E-8	8.432000E-6	0.064878	3.048496E-8	0.000000	0.000000	0.000000	0.000000	0.000000	0.000000
5.424000E-6	0.691210	2.832084E-8	8.432000E-6	0.063553	2.915160E-8	0.000000	0.000000	0.000000	0.000000	0.000000	0.000000
5.424000E-6	0.698568	2.789515E-8	8.444000E-6	0.064327	2.925271E-8	0.000000	0.000000	0.000000	0.000000	0.000000	0.000000
5.420000E-6	0.700516	2.772324E-8	8.432000E-6	0.062176	2.951002E-8	0.000000	0.000000	0.000000	0.000000	0.000000	0.000000
5.424000E-6	0.696862	2.839170E-8	8.448000E-6	0.063370	2.951269E-8	0.000000	0.000000	0.000000	0.000000	0.000000	0.000000
5.424000E-6	0.705179	2.798824E-8	8.440000E-6	0.065860	2.915393E-8	0.000000	0.000000	0.000000	0.000000	0.000000	0.000000
5.424000E-6	0.693259	2.810664E-8	8.432000E-6	0.063794	2.921920E-8	0.000000	0.000000	0.000000	0.000000	0.000000	0.000000
5.424000E-6	0.702807	2.789963E-8	8.428000E-6	0.064490	2.920251E-8	0.000000	0.000000	0.000000	0.000000	0.000000	0.000000
5.420000E-6	0.675744	2.857299E-8	8.436000E-6	0.061590	2.863302E-8	0.000000	0.000000	0.000000	0.000000	0.000000	0.000000
5.424000E-6	0.701131	2.797633E-8	8.448000E-6	0.062758	2.902300E-8	0.000000	0.000000	0.000000	0.000000	0.000000	0.000000
5.424000E-6	0.692253	2.854549E-8	8.444000E-6	0.063398	2.959289E-8	0.000000	0.000000	0.000000	0.000000	0.000000	0.000000
5.420000E-6	0.565689	3.106812E-8	8.448000E-6	0.063766	3.001608E-8	0.000000	0.000000	0.000000	0.000000	0.000000	0.000000
5.424000E-6	0.700998	2.828425E-8	8.444000E-6	0.065759	2.913799E-8	0.000000	0.000000	0.000000	0.000000	0.000000	0.000000
5.424000E-6	0.699379	2.789464E-8	8.444000E-6	0.064392	2.905936E-8	0.000000	0.000000	0.000000	0.000000	0.000000	0.000000
5.420000E-6	0.574657	3.128921E-8	8.432000E-6	0.064350	2.799235E-8	0.000000	0.000000	0.000000	0.000000	0.000000	0.000000
5.424000E-6	0.702666	2.792650E-8	8.440000E-6	0.064625	2.893195E-8	0.000000	0.000000	0.000000	0.000000	0.000000	0.000000
5.424000E-6	0.699127	2.786318E-8	8.440000E-6	0.064862	2.873374E-8	0.000000	0.000000	0.000000	0.000000	0.000000	0.000000
5.424000E-6	0.703829	2.825611E-8	8.436000E-6	0.065026	2.906166E-8	0.000000	0.000000	0.000000	0.000000	0.000000	0.000000
5.420000E-6	0.702122	2.779407E-8	8.436000E-6	0.064391	2.948295E-8	0.000000	0.000000	0.000000	0.000000	0.000000	0.000000
5.424000E-6	0.695005	2.806863E-8	8.448000E-6	0.063531	3.044352E-8	0.000000	0.000000	0.000000	0.000000	0.000000	0.000000
5.424000E-6	0.701741	2.804487E-8	8.444000E-6	0.064948	2.933964E-8	0.000000	0.000000	0.000000	0.000000	0.000000	0.000000
5.424000E-6	0.693245	2.862300E-8	8.440000E-6	0.063766	2.973661E-8	0.000000	0.000000	0.000000	0.000000	0.000000	0.000000
5.424000E-6	0.700449	2.832393E-8	8.432000E-6	0.064372	2.858468E-8	0.000000	0.000000	0.000000	0.000000	0.000000	0.000000
5.424000E-6	0.699871	2.830021E-8	8.448000E-6	0.063611	2.891072E-8	0.000000	0.000000	0.000000	0.000000	0.000000	0.000000
5.424000E-6	0.686543	2.843239E-8	8.432000E-6	0.064015	2.976397E-8	0.000000	0.000000	0.000000	0.000000	0.000000	0.000000
5.420000E-6	0.671421	2.841731E-8	8.440000E-6	0.064919	2.913840E-8	0.000000	0.000000	0.000000	0.000000	0.000000	0.000000
5.424000E-6	0.697635	2.828871E-8	8.448000E-6	0.062008	2.958730E-8	0.000000	0.000000	0.000000	0.000000	0.000000	0.000000
5.424000E-6	0.699537	2.831109E-8	8.444000E-6	0.063965	2.883592E-8	0.000000	0.000000	0.000000	0.000000	0.000000	0.000000
5.424000E-6	0.699504	2.792816E-8	8.432000E-6	0.064267	2.908463E-8	0.000000	0.000000	0.000000	0.000000	0.000000	0.000000
5.424000E-6	0.698353	2.781588E-8	8.444000E-6	0.066197	2.885420E-8	0.000000	0.000000	0.000000	0.000000	0.000000	0.000000
5.424000E-6	0.695698	2.803339E-8	8.448000E-6	0.063240	2.972160E-8	0.000000	0.000000	0.000000	0.000000	0.000000	0.000000
5.424000E-6	0.695059	2.830143E-8	8.440000E-6	0.064419	2.883856E-8	0.000000	0.000000	0.000000	0.000000	0.000000	0.000000
5.424000E-6	0.697737	2.797137E-8	8.440000E-6	0.064465	2.925416E-8	0.000000	0.000000	0.000000	0.000000	0.000000	0.000000
5.424000E-6	0.702028	2.796420E-8	8.436000E-6	0.064453	2.866032E-8	0.000000	0.000000	0.000000	0.000000	0.000000	0.000000
5.424000E-6	0.696097	2.830878E-8	8.436000E-6	0.065703	2.828967E-8	0.000000	0.000000	0.000000	0.000000	0.000000	0.000000
5.424000E-6	0.696029	2.839036E-8	8.448000E-6	0.063283	3.030142E-8	0.000000	0.000000	0.000000	0.000000	0.000000	0.000000
5.424000E-6	0.696862	2.809062E-8	8.448000E-6	0.063250	2.967617E-8	0.000000	0.000000	0.000000	0.000000	0.000000	0.000000
5.424000E-6	0.698724	2.839613E-8	8.432000E-6	0.063216	2.920387E-8	0.000000	0.000000	0.000000	0.000000	0.000000	0.000000
5.424000E-6	0.698580	2.826102E-8	8.428000E-6	0.063598	2.978114E-8	0.000000	0.000000	0.000000	0.000000	0.000000	0.000000
5.420000E-6	0.669650	2.844702E-8	8.440000E-6	0.064894	2.930034E-8	0.000000	0.000000	0.000000	0.000000	0.000000	0.000000
5.424000E-6	0.696699	2.816779E-8	8.432000E-6	0.063452	2.989391E-8	0.000000	0.000000	0.000000	0.000000	0.000000	0.000000
5.420000E-6	0.671471	2.849739E-8	8.448000E-6	0.063864	2.948596E-8	0.000000	0.000000	0.000000	0.000000	0.000000	0.000000
5.424000E-6	0.695834	2.833872E-8	8.444000E-6	0.062848	2.818591E-8	0.000000	0.000000	0.000000	0.000000	0.000000	0.000000
5.420000E-6	0.672580	2.842574E-8	8.424000E-6	0.063347	2.928179E-8	0.000000	0.000000	0.000000	0.000000	0.000000	0.000000
5.424000E-6	0.694491	2.854079E-8	8.448000E-6	0.063587	3.069382E-8	0.000000	0.000000	0.000000	0.000000	0.000000	0.000000
5.424000E-6	0.694078	2.834589E-8	8.436000E-6	0.063910	2.960933E-8	0.000000	0.000000	0.000000	0.000000	0.000000	0.000000
5.424000E-6	0.700849	2.820993E-8	8.436000E-6	0.064095	2.918792E-8	0.000000	0.000000	0.000000	0.000000	0.000000	0.000000
5.420000E-6	0.703467	2.780136E-8	8.440000E-6	0.065008	2.878974E-8	0.000000	0.000000	0.000000	0.000000	0.000000	0.000000
5.424000E-6	0.693395	2.848804E-8	8.432000E-6	0.065491	2.883250E-8	0.000000	0.000000	0.000000	0.000000	0.000000	0.000000
5.424000E-6	0.699257	2.840382E-8	8.444000E-6	0.063614	2.953757E-8	0.000000	0.000000	0.000000	0.000000	0.000000	0.000000
5.424000E-6	0.699975	2.785911E-8	8.432000E-6	0.063862	2.877946E-8	0.000000	0.000000	0.000000	0.000000	0.000000	0.000000
5.424000E-6	0.697467	2.841935E-8	8.432000E-6	0.063711	2.967384E-8	0.000000	0.000000	0.000000	0.000000	0.000000	0.000000
5.420000E-6	0.706479	2.795219E-8	8.428000E-6	0.065677	2.924657E-8	0.000000	0.000000	0.000000	0.000000	0.000000	0.000000
5.424000E-6	0.694110	2.813709E-8	8.444000E-6	0.063973	2.909974E-8	0.000000	0.000000	0.000000	0.000000	0.000000	0.000000
5.424000E-6	0.697986	2.824341E-8	8.440000E-6	0.064385	2.982478E-8	0.000000	0.000000	0.000000	0.000000	0.000000	0.000000
5.420000E-6	0.697025	2.778351E-8	8.428000E-6	0.062353	2.884187E-8	0.000000	0.000000	0.000000	0.000000	0.000000	0.000000
5.420000E-6	0.670079	2.856629E-8	8.428000E-6	0.063935	2.888552E-8	0.000000	0.000000	0.000000	0.000000	0.000000	0.000000
5.424000E-6	0.699152	2.819439E-8	8.432000E-6	0.062326	2.935280E-8	0.000000	0.000000	0.000000	0.000000	0.000000	0.000000
5.424000E-6	0.693974	2.858128E-8	8.440000E-6	0.064319	2.941053E-8	0.000000	0.000000	0.000000	0.000000	0.000000	0.000000
5.420000E-6	0.677616	2.869073E-8	8.432000E-6	0.063297	2.809869E-8	0.000000	0.000000	0.000000	0.000000	0.000000	0.000000
5.424000E-6	0.699857	2.827247E-8	8.432000E-6	0.063668	2.979637E-8	0.000000	0.000000	0.000000	0.000000	0.000000	0.000000
5.420000E-6	0.702063	2.775562E-8	8.444000E-6	0.064053	2.943699E-8	0.000000	0.000000	0.000000	0.000000	0.000000	0.000000
5.424000E-6	0.695620	2.824074E-8	8.444000E-6	0.063734	2.883816E-8	0.000000	0.000000	0.000000	0.000000	0.000000	0.000000
5.424000E-6	0.701074	2.792002E-8	8.440000E-6	0.065029	2.934282E-8	0.000000	0.000000	0.000000	0.000000	0.000000	0.000000
5.424000E-6	0.704174	2.801475E-8	8.444000E-6	0.063939	2.856752E-8	0.000000	0.000000	0.000000	0.000000	0.000000	0.000000
5.424000E-6	0.699048	2.839838E-8	8.448000E-6	0.061937	2.925349E-8	0.000000	0.000000	0.000000	0.000000	0.000000	0.000000
5.424000E-6	0.687331	2.837401E-8	8.428000E-6	0.063543	3.044903E-8	0.000000	0.000000	0.000000	0.000000	0.000000	0.000000
5.420000E-6	0.569938	3.104086E-8	8.444000E-6	0.064189	3.014256E-8	0.000000	0.000000	0.000000	0.000000	0.000000	0.000000
5.424000E-6	0.699213	2.826027E-8	8.444000E-6	0.064470	2.847159E-8	0.000000	0.000000	0.000000	0.000000	0.000000	0.000000
5.424000E-6	0.696761	2.851528E-8	8.448000E-6	0.062479	2.920742E-8	0.000000	0.000000	0.000000	0.000000	0.000000	0.000000
5.424000E-6	0.696452	2.825442E-8	8.444000E-6	0.064192	2.922469E-8	0.000000	0.000000	0.000000	0.000000	0.000000	0.000000
5.424000E-6	0.697396	2.836589E-8	8.436000E-6	0.063941	2.882340E-8	0.000000	0.000000	0.000000	0.000000	0.000000	0.000000
5.424000E-6	0.696484	2.840384E-8	8.444000E-6	0.063574	3.064466E-8	0.000000	0.000000	0.000000	0.000000	0.000000	0.000000
5.424000E-6	0.700451	2.807706E-8	8.428000E-6	0.063968	2.967780E-8	0.000000	0.000000	0.000000	0.000000	0.000000	0.000000
5.420000E-6	0.701344	2.777394E-8	8.436000E-6	0.064898	2.876216E-8	0.000000	0.000000	0.000000	0.000000	0.000000	0.000000
5.424000E-6	0.700555	2.771086E-8	8.436000E-6	0.066214	2.864717E-8	0.000000	0.000000	0.000000	0.000000	0.000000	0.000000
5.424000E-6	0.702544	2.803106E-8	8.428000E-6	0.061401	2.909190E-8	0.000000	0.000000	0.000000	0.000000	0.000000	0.000000
5.424000E-6	0.696507	2.852416E-8	8.448000E-6	0.062033	2.880514E-8	0.000000	0.000000	0.000000	0.000000	0.000000	0.000000
5.424000E-6	0.697234	2.844732E-8	8.432000E-6	0.064212	2.953611E-8	0.000000	0.000000	0.000000	0.000000	0.000000	0.000000
5.424000E-6	0.695263	2.807198E-8	8.448000E-6	0.064186	2.976361E-8	0.000000	0.000000	0.000000	0.000000	0.000000	0.000000
5.424000E-6	0.694457	2.798634E-8	8.448000E-6	0.062938	3.009782E-8	0.000000	0.000000	0.000000	0.000000	0.000000	0.000000
5.424000E-6	0.698808	2.835092E-8	8.444000E-6	0.063351	2.896467E-8	0.000000	0.000000	0.000000	0.000000	0.000000	0.000000
5.424000E-6	0.703305	2.819163E-8	8.440000E-6	0.064224	2.886161E-8	0.000000	0.000000	0.000000	0.000000	0.000000	0.000000
5.424000E-6	0.698590	2.832685E-8	8.440000E-6	0.063854	2.903197E-8	0.000000	0.000000	0.000000	0.000000	0.000000	0.000000
5.420000E-6	0.423007	3.511759E-8	8.444000E-6	0.061513	2.903854E-8	0.000000	0.000000	0.000000	0.000000	0.000000	0.000000
5.424000E-6	0.687532	2.842280E-8	8.448000E-6	0.063847	2.909968E-8	0.000000	0.000000	0.000000	0.000000	0.000000	0.000000
5.424000E-6	0.702602	2.835612E-8	8.444000E-6	0.064215	2.901868E-8	0.000000	0.000000	0.000000	0.000000	0.000000	0.000000
5.424000E-6	0.697856	2.789867E-8	8.444000E-6	0.064184	2.948261E-8	0.000000	0.000000	0.000000	0.000000	0.000000	0.000000
5.424000E-6	0.696315	2.821958E-8	8.428000E-6	0.063214	2.903624E-8	0.000000	0.000000	0.000000	0.000000	0.000000	0.000000
5.424000E-6	0.697312	2.842775E-8	8.440000E-6	0.065384	2.879599E-8	0.000000	0.000000	0.000000	0.000000	0.000000	0.000000
5.424000E-6	0.696130	2.804718E-8	8.432000E-6	0.066455	2.938347E-8	0.000000	0.000000	0.000000	0.000000	0.000000	0.000000
5.424000E-6	0.702158	2.804719E-8	8.428000E-6	0.062874	2.924377E-8	0.000000	0.000000	0.000000	0.000000	0.000000	0.000000
5.424000E-6	0.692140	2.836911E-8	8.448000E-6	0.063169	2.915194E-8	0.000000	0.000000	0.000000	0.000000	0.000000	0.000000
5.424000E-6	0.695588	2.804494E-8	8.448000E-6	0.059794	2.912628E-8	0.000000	0.000000	0.000000	0.000000	0.000000	0.000000
5.420000E-6	0.702795	2.778834E-8	8.444000E-6	0.064051	2.905906E-8	0.000000	0.000000	0.000000	0.000000	0.000000	0.000000
5.424000E-6	0.691958	2.857181E-8	8.440000E-6	0.064387	2.905581E-8	0.000000	0.000000	0.000000	0.000000	0.000000	0.000000
5.424000E-6	0.697846	2.815837E-8	8.440000E-6	0.063875	2.948213E-8	0.000000	0.000000	0.000000	0.000000	0.000000	0.000000
5.424000E-6	0.699248	2.796458E-8	8.440000E-6	0.063148	2.791702E-8	0.000000	0.000000	0.000000	0.000000	0.000000	0.000000
5.424000E-6	0.700061	2.828433E-8	8.440000E-6	0.065886	2.842766E-8	0.000000	0.000000	0.000000	0.000000	0.000000	0.000000
5.424000E-6	0.700916	2.776943E-8	8.444000E-6	0.061640	2.802718E-8	0.000000	0.000000	0.000000	0.000000	0.000000	0.000000
5.420000E-6	0.699587	2.779705E-8	8.444000E-6	0.042849	3.751299E-8	0.000000	0.000000	0.000000	0.000000	0.000000	0.000000
5.424000E-6	0.695647	2.833095E-8	8.444000E-6	0.064249	2.973441E-8	0.000000	0.000000	0.000000	0.000000	0.000000	0.000000
5.424000E-6	0.695666	2.799057E-8	8.444000E-6	0.064717	3.001041E-8	0.000000	0.000000	0.000000	0.000000	0.000000	0.000000
5.424000E-6	0.694558	2.826492E-8	8.448000E-6	0.062360	3.001606E-8	0.000000	0.000000	0.000000	0.000000	0.000000	0.000000
5.424000E-6	0.698048	2.787652E-8	8.436000E-6	0.064028	2.840810E-8	0.000000	0.000000	0.000000	0.000000	0.000000	0.000000
5.420000E-6	0.671629	2.859936E-8	8.444000E-6	0.064249	2.926539E-8	0.000000	0.000000	0.000000	0.000000	0.000000	0.000000
5.424000E-6	0.697742	2.812146E-8	8.448000E-6	0.062897	2.867812E-8	0.000000	0.000000	0.000000	0.000000	0.000000	0.000000
5.424000E-6	0.693851	2.806506E-8	8.448000E-6	0.063191	2.939282E-8	0.000000	0.000000	0.000000	0.000000	0.000000	0.000000
5.424000E-6	0.699425	2.773250E-8	8.444000E-6	0.063737	2.924953E-8	0.000000	0.000000	0.000000	0.000000	0.000000	0.000000
5.420000E-6	0.701174	2.775195E-8	8.444000E-6	0.064247	3.001131E-8	0.000000	0.000000	0.000000	0.000000	0.000000	0.000000
5.424000E-6	0.692833	2.809183E-8	8.444000E-6	0.064616	2.929516E-8	0.000000	0.000000	0.000000	0.000000	0.000000	0.000000
5.424000E-6	0.701483	2.819694E-8	8.448000E-6	0.063073	2.981250E-8	0.000000	0.000000	0.000000	0.000000	0.000000	0.000000
5.420000E-6	0.700415	2.779289E-8	8.444000E-6	0.064122	2.934598E-8	0.000000	0.000000	0.000000	0.000000	0.000000	0.000000
5.424000E-6	0.692007	2.842353E-8	8.428000E-6	0.064471	2.882668E-8	0.000000	0.000000	0.000000	0.000000	0.000000	0.000000
5.424000E-6	0.694076	2.828868E-8	8.432000E-6	0.064091	2.940083E-8	0.000000	0.000000	0.000000	0.000000	0.000000	0.000000
5.424000E-6	0.698322	2.838379E-8	8.428000E-6	0.061170	2.944281E-8	0.000000	0.000000	0.000000	0.000000	0.000000	0.000000
5.420000E-6	0.699684	2.786463E-8	8.436000E-6	0.065149	2.866218E-8	0.000000	0.000000	0.000000	0.000000	0.000000	0.000000
5.424000E-6	0.701572	2.841407E-8	8.440000E-6	0.064217	2.917365E-8	0.000000	0.000000	0.000000	0.000000	0.000000	0.000000
5.424000E-6	0.695352	2.802836E-8	8.448000E-6	0.064168	2.897087E-8	0.000000	0.000000	0.000000	0.000000	0.000000	0.000000
5.420000E-6	0.573000	3.120427E-8	8.444000E-6	0.062225	2.857550E-8	0.000000	0.000000	0.000000	0.000000	0.000000	0.000000
5.424000E-6	0.696993	2.816456E-8	8.440000E-6	0.064171	2.859964E-8	0.000000	0.000000	0.000000	0.000000	0.000000	0.000000
5.424000E-6	0.698467	2.811407E-8	8.432000E-6	0.064365	2.988065E-8	0.000000	0.000000	0.000000	0.000000	0.000000	0.000000
5.424000E-6	0.701344	2.788936E-8	8.440000E-6	0.066057	2.869601E-8	0.000000	0.000000	0.000000	0.000000	0.000000	0.000000
5.424000E-6	0.698137	2.842533E-8	8.436000E-6	0.065869	2.876245E-8	0.000000	0.000000	0.000000	0.000000	0.000000	0.000000
5.424000E-6	0.697766	2.854665E-8	8.432000E-6	0.064387	2.937911E-8	0.000000	0.000000	0.000000	0.000000	0.000000	0.000000
5.420000E-6	0.700477	2.779692E-8	8.432000E-6	0.062000	2.938083E-8	0.000000	0.000000	0.000000	0.000000	0.000000	0.000000
5.420000E-6	0.698300	2.785587E-8	8.444000E-6	0.064065	2.965362E-8	0.000000	0.000000	0.000000	0.000000	0.000000	0.000000
5.424000E-6	0.691202	2.818330E-8	8.440000E-6	0.064731	2.894269E-8	0.000000	0.000000	0.000000	0.000000	0.000000	0.000000
5.424000E-6	0.698706	2.796049E-8	8.428000E-6	0.064319	3.006247E-8	0.000000	0.000000	0.000000	0.000000	0.000000	0.000000
5.420000E-6	0.702172	2.792255E-8	8.444000E-6	0.063781	2.952120E-8	0.000000	0.000000	0.000000	0.000000	0.000000	0.000000
5.424000E-6	0.696101	2.851746E-8	8.428000E-6	0.062549	2.945180E-8	0.000000	0.000000	0.000000	0.000000	0.000000	0.000000
5.424000E-6	0.694044	2.816885E-8	8.436000E-6	0.062050	2.835284E-8	0.000000	0.000000	0.000000	0.000000	0.000000	0.000000
5.424000E-6	0.700028	2.810154E-8	8.444000E-6	0.062317	2.874471E-8	0.000000	0.000000	0.000000	0.000000	0.000000	0.000000
5.424000E-6	0.699464	2.777531E-8	8.444000E-6	0.065557	2.913882E-8	0.000000	0.000000	0.000000	0.000000	0.000000	0.000000
5.424000E-6	0.693035	2.844434E-8	8.440000E-6	0.064604	2.883406E-8	0.000000	0.000000	0.000000	0.000000	0.000000	0.000000
5.424000E-6	0.698535	2.800330E-8	8.440000E-6	0.065888	2.966101E-8	0.000000	0.000000	0.000000	0.000000	0.000000	0.000000
5.424000E-6	0.699976	2.837980E-8	8.444000E-6	0.063198	2.950423E-8	0.000000	0.000000	0.000000	0.000000	0.000000	0.000000
5.424000E-6	0.701934	2.803503E-8	8.448000E-6	0.061272	2.897789E-8	0.000000	0.000000	0.000000	0.000000	0.000000	0.000000
5.420000E-6	0.667109	2.853439E-8	8.444000E-6	0.064397	3.021269E-8	0.000000	0.000000	0.000000	0.000000	0.000000	0.000000
5.424000E-6	0.698547	2.813287E-8	8.436000E-6	0.064741	2.941452E-8	0.000000	0.000000	0.000000	0.000000	0.000000	0.000000
5.424000E-6	0.699784	2.797670E-8	8.448000E-6	0.063479	2.918519E-8	0.000000	0.000000	0.000000	0.000000	0.000000	0.000000
5.424000E-6	0.698991	2.781230E-8	8.432000E-6	0.063144	3.116629E-8	0.000000	0.000000	0.000000	0.000000	0.000000	0.000000
5.424000E-6	0.698332	2.832717E-8	8.440000E-6	0.064126	2.860125E-8	0.000000	0.000000	0.000000	0.000000	0.000000	0.000000
5.424000E-6	0.688662	2.836382E-8	8.448000E-6	0.063074	3.007314E-8	0.000000	0.000000	0.000000	0.000000	0.000000	0.000000
5.424000E-6	0.699429	2.785660E-8	8.444000E-6	0.063807	2.944034E-8	0.000000	0.000000	0.000000	0.000000	0.000000	0.000000
5.424000E-6	0.699818	2.788210E-8	8.448000E-6	0.061902	2.994509E-8	0.000000	0.000000	0.000000	0.000000	0.000000	0.000000
5.424000E-6	0.695243	2.852013E-8	8.436000E-6	0.064106	2.870551E-8	0.000000	0.000000	0.000000	0.000000	0.000000	0.000000
5.424000E-6	0.699938	2.782388E-8	8.436000E-6	0.065130	2.870773E-8	0.000000	0.000000	0.000000	0.000000	0.000000	0.000000
5.420000E-6	0.569946	3.107636E-8	8.440000E-6	0.064773	2.824851E-8	0.000000	0.000000	0.000000	0.000000	0.000000	0.000000
5.424000E-6	0.704818	2.801182E-8	8.448000E-6	0.062368	2.835317E-8	0.000000	0.000000	0.000000	0.000000	0.000000	0.000000
5.424000E-6	0.692886	2.844654E-8	8.444000E-6	0.064230	2.937365E-8	0.000000	0.000000	0.000000	0.000000	0.000000	0.000000
5.424000E-6	0.700340	2.835233E-8	8.440000E-6	0.064649	2.882388E-8	0.000000	0.000000	0.000000	0.000000	0.000000	0.000000
5.424000E-6	0.699223	2.818058E-8	8.440000E-6	0.064913	2.910275E-8	0.000000	0.000000	0.000000	0.000000	0.000000	0.000000
5.420000E-6	0.699536	2.779682E-8	8.424000E-6	0.063234	2.870352E-8	0.000000	0.000000	0.000000	0.000000	0.000000	0.000000
5.424000E-6	0.701804	2.804784E-8	8.440000E-6	0.064953	2.841398E-8	0.000000	0.000000	0.000000	0.000000	0.000000	0.000000
5.420000E-6	0.568102	3.101464E-8	8.444000E-6	0.061504	2.974570E-8	0.000000	0.000000	0.000000	0.000000	0.000000	0.000000
5.424000E-6	0.699151	2.824191E-8	8.444000E-6	0.064077	2.909109E-8	0.000000	0.000000	0.000000	0.000000	0.000000	0.000000
5.424000E-6	0.693312	2.842919E-8	8.448000E-6	0.063231	2.960799E-8	0.000000	0.000000	0.000000	0.000000	0.000000	0.000000
5.420000E-6	0.703090	2.793959E-8	8.440000E-6	0.064144	2.971310E-8	0.000000	0.000000	0.000000	0.000000	0.000000	0.000000
5.420000E-6	0.706223	2.788867E-8	8.436000E-6	0.067005	2.877571E-8	0.000000	0.000000	0.000000	0.000000	0.000000	0.000000
5.424000E-6	0.692048	2.855598E-8	8.440000E-6	0.062927	2.997331E-8	0.000000	0.000000	0.000000	0.000000	0.000000	0.000000
5.424000E-6	0.695714	2.826544E-8	8.448000E-6	0.062805	2.990962E-8	0.000000	0.000000	0.000000	0.000000	0.000000	0.000000
5.424000E-6	0.701768	2.804487E-8	8.432000E-6	0.064740	2.867922E-8	0.000000	0.000000	0.000000	0.000000	0.000000	0.000000
5.424000E-6	0.696083	2.854762E-8	8.444000E-6	0.064146	2.954135E-8	0.000000	0.000000	0.000000	0.000000	0.000000	0.000000
5.424000E-6	0.696592	2.846462E-8	8.440000E-6	0.065517	2.975951E-8	0.000000	0.000000	0.000000	0.000000	0.000000	0.000000
5.420000E-6	0.700888	2.776130E-8	8.424000E-6	0.060426	3.063556E-8	0.000000	0.000000	0.000000	0.000000	0.000000	0.000000
5.420000E-6	0.699855	2.778588E-8	8.444000E-6	0.064024	2.913751E-8	0.000000	0.000000	0.000000	0.000000	0.000000	0.000000
5.424000E-6	0.695828	2.796139E-8	8.436000E-6	0.063797	2.873472E-8	0.000000	0.000000	0.000000	0.000000	0.000000	0.000000
5.424000E-6	0.695582	2.801795E-8	8.448000E-6	0.063066	2.939753E-8	0.000000	0.000000	0.000000	0.000000	0.000000	0.000000
5.420000E-6	0.425775	3.513768E-8	8.432000E-6	0.059180	2.994378E-8	0.000000	0.000000	0.000000	0.000000	0.000000	0.000000
5.424000E-6	0.701079	2.808072E-8	8.432000E-6	0.062789	2.845563E-8	0.000000	0.000000	0.000000	0.000000	0.000000	0.000000
5.420000E-6	0.700963	2.773792E-8	8.428000E-6	0.064214	2.918893E-8	0.000000	0.000000	0.000000	0.000000	0.000000	0.000000
5.424000E-6	0.699461	2.813215E-8	8.436000E-6	0.064218	2.946758E-8	0.000000	0.000000	0.000000	0.000000	0.000000	0.000000
5.424000E-6	0.692973	2.845327E-8	8.448000E-6	0.063052	2.958193E-8	0.000000	0.000000	0.000000	0.000000	0.000000	0.000000
5.424000E-6	0.693405	2.811582E-8	8.432000E-6	0.063866	2.858579E-8	0.000000	0.000000	0.000000	0.000000	0.000000	0.000000
5.420000E-6	0.576474	3.125916E-8	8.432000E-6	0.065546	2.752141E-8	0.000000	0.000000	0.000000	0.000000	0.000000	0.000000
5.424000E-6	0.702260	2.788482E-8	8.448000E-6	0.061193	2.968865E-8	0.000000	0.000000	0.000000	0.000000	0.000000	0.000000
5.424000E-6	0.690093	2.851454E-8	8.448000E-6	0.063501	3.049095E-8	0.000000	0.000000	0.000000	0.000000	0.000000	0.000000
5.420000E-6	0.707032	2.778687E-8	8.436000E-6	0.062306	2.991737E-8	0.000000	0.000000	0.000000	0.000000	0.000000	0.000000
5.424000E-6	0.698977	2.847107E-8	8.444000E-6	0.061275	2.885469E-8	0.000000	0.000000	0.000000	0.000000	0.000000	0.000000
5.424000E-6	0.701969	2.821515E-8	8.444000E-6	0.064344	2.953710E-8	0.000000	0.000000	0.000000	0.000000	0.000000	0.000000
5.424000E-6	0.699965	2.786950E-8	8.436000E-6	0.066861	2.837599E-8	0.000000	0.000000	0.000000	0.000000	0.000000	0.000000
5.424000E-6	0.689997	2.846068E-8	8.448000E-6	0.063440	2.949938E-8	0.000000	0.000000	0.000000	0.000000	0.000000	0.000000
5.420000E-6	0.700282	2.771468E-8	8.428000E-6	0.064259	3.016715E-8	0.000000	0.000000	0.000000	0.000000	0.000000	0.000000
5.424000E-6	0.696930	2.801482E-8	8.444000E-6	0.064196	2.937676E-8	0.000000	0.000000	0.000000	0.000000	0.000000	0.000000
5.424000E-6	0.696693	2.849704E-8	8.436000E-6	0.062028	3.003216E-8	0.000000	0.000000	0.000000	0.000000	0.000000	0.000000
5.420000E-6	0.701174	2.777099E-8	8.440000E-6	0.064694	2.891426E-8	0.000000	0.000000	0.000000	0.000000	0.000000	0.000000
5.424000E-6	0.700666	2.807810E-8	8.448000E-6	0.061737	3.095054E-8	0.000000	0.000000	0.000000	0.000000	0.000000	0.000000
5.424000E-6	0.696333	2.847700E-8	8.444000E-6	0.062161	2.908180E-8	0.000000	0.000000	0.000000	0.000000	0.000000	0.000000
5.424000E-6	0.699905	2.829989E-8	8.436000E-6	0.063607	2.948525E-8	0.000000	0.000000	0.000000	0.000000	0.000000	0.000000
5.424000E-6	0.698710	2.820836E-8	8.436000E-6	0.063884	2.926131E-8	0.000000	0.000000	0.000000	0.000000	0.000000	0.000000
5.424000E-6	0.695646	2.797228E-8	8.440000E-6	0.064839	2.973674E-8	0.000000	0.000000	0.000000	0.000000	0.000000	0.000000
5.420000E-6	0.704567	2.800028E-8	8.424000E-6	0.060936	3.030184E-8	0.000000	0.000000	0.000000	0.000000	0.000000	0.000000
5.424000E-6	0.694496	2.850153E-8	8.436000E-6	0.064206	2.986339E-8	0.000000	0.000000	0.000000	0.000000	0.000000	0.000000
5.424000E-6	0.703777	2.793094E-8	8.432000E-6	0.065948	2.896002E-8	0.000000	0.000000	0.000000	0.000000	0.000000	0.000000
5.424000E-6	0.695169	2.803916E-8	8.436000E-6	0.064160	2.917567E-8	0.000000	0.000000	0.000000	0.000000	0.000000	0.000000
5.424000E-6	0.695025	2.841284E-8	8.448000E-6	0.063709	2.925373E-8	0.000000	0.000000	0.000000	0.000000	0.000000	0.000000
5.424000E-6	0.699579	2.834292E-8	8.428000E-6	0.063516	2.921077E-8	0.000000	0.000000	0.000000	0.000000	0.000000	0.000000
5.424000E-6	0.697811	2.802138E-8	8.448000E-6	0.064097	3.105361E-8	0.000000	0.000000	0.000000	0.000000	0.000000	0.000000
5.424000E-6	0.690326	2.835903E-8	8.448000E-6	0.063834	2.951431E-8	0.000000	0.000000	0.000000	0.000000	0.000000	0.000000
5.420000E-6	0.702316	2.777977E-8	8.440000E-6	0.061714	3.034778E-8	0.000000	0.000000	0.000000	0.000000	0.000000	0.000000
5.424000E-6	0.697635	2.797804E-8	8.432000E-6	0.064297	2.958103E-8	0.000000	0.000000	0.000000	0.000000	0.000000	0.000000
5.424000E-6	0.700251	2.797542E-8	8.444000E-6	0.063947	2.966520E-8	0.000000	0.000000	0.000000	0.000000	0.000000	0.000000
5.424000E-6	0.706857	2.786949E-8	8.444000E-6	0.064593	2.891513E-8	0.000000	0.000000	0.000000	0.000000	0.000000	0.000000
5.424000E-6	0.704321	2.792313E-8	8.444000E-6	0.063869	2.930434E-8	0.000000	0.000000	0.000000	0.000000	0.000000	0.000000
5.420000E-6	0.698511	2.778478E-8	8.440000E-6	0.064807	2.985137E-8	0.000000	0.000000	0.000000	0.000000	0.000000	0.000000
5.424000E-6	0.694476	2.803854E-8	8.444000E-6	0.064399	2.901798E-8	0.000000	0.000000	0.000000	0.000000	0.000000	0.000000
5.424000E-6	0.696018	2.844377E-8	8.444000E-6	0.063043	2.959681E-8	0.000000	0.000000	0.000000	0.000000	0.000000	0.000000
5.424000E-6	0.698964	2.796545E-8	8.432000E-6	0.063716	2.987688E-8	0.000000	0.000000	0.000000	0.000000	0.000000	0.000000
5.420000E-6	0.702457	2.786266E-8	8.424000E-6	0.063716	2.963238E-8	0.000000	0.000000	0.000000	0.000000	0.000000	0.000000
5.420000E-6	0.704652	2.791384E-8	8.424000E-6	0.063405	2.973304E-8	0.000000	0.000000	0.000000	0.000000	0.000000	0.000000
5.424000E-6	0.696390	2.796459E-8	8.436000E-6	0.064903	2.929956E-8	0.000000	0.000000	0.000000	0.000000	0.000000	0.000000
5.424000E-6	0.694079	2.831076E-8	8.448000E-6	0.058094	2.810719E-8	0.000000	0.000000	0.000000	0.000000	0.000000	0.000000
5.424000E-6	0.699649	2.827480E-8	8.436000E-6	0.062153	2.913460E-8	0.000000	0.000000	0.000000	0.000000	0.000000	0.000000
5.424000E-6	0.693124	2.850406E-8	8.448000E-6	0.062923	3.035959E-8	0.000000	0.000000	0.000000	0.000000	0.000000	0.000000
5.424000E-6	0.703605	2.821387E-8	8.448000E-6	0.061222	2.848445E-8	0.000000	0.000000	0.000000	0.000000	0.000000	0.000000
5.424000E-6	0.704231	2.801405E-8	8.444000E-6	0.064081	3.038679E-8	0.000000	0.000000	0.000000	0.000000	0.000000	0.000000
5.424000E-6	0.698509	2.818726E-8	8.444000E-6	0.063822	2.950179E-8	0.000000	0.000000	0.000000	0.000000	0.000000	0.000000
5.420000E-6	0.701130	2.779923E-8	8.432000E-6	0.061242	2.856687E-8	0.000000	0.000000	0.000000	0.000000	0.000000	0.000000
5.424000E-6	0.697050	2.804998E-8	8.428000E-6	0.064144	2.903196E-8	0.000000	0.000000	0.000000	0.000000	0.000000	0.000000
5.424000E-6	0.697863	2.842818E-8	8.436000E-6	0.064017	2.945648E-8	0.000000	0.000000	0.000000	0.000000	0.000000	0.000000
5.424000E-6	0.695440	2.837154E-8	8.436000E-6	0.064779	2.904044E-8	0.000000	0.000000	0.000000	0.000000	0.000000	0.000000
5.424000E-6	0.696538	2.808229E-8	8.444000E-6	0.063074	2.860389E-8	0.000000	0.000000	0.000000	0.000000	0.000000	0.000000
5.420000E-6	0.703455	2.781773E-8	8.444000E-6	0.063944	2.993164E-8	0.000000	0.000000	0.000000	0.000000	0.000000	0.000000
5.424000E-6	0.695717	2.846434E-8	8.448000E-6	0.063483	2.908498E-8	0.000000	0.000000	0.000000	0.000000	0.000000	0.000000
5.424000E-6	0.695821	2.808809E-8	8.448000E-6	0.059101	2.943549E-8	0.000000	0.000000	0.000000	0.000000	0.000000	0.000000
5.424000E-6	0.698943	2.791741E-8	8.428000E-6	0.062884	3.014513E-8	0.000000	0.000000	0.000000	0.000000	0.000000	0.000000
5.424000E-6	0.698326	2.824239E-8	8.436000E-6	0.060716	2.823833E-8	0.000000	0.000000	0.000000	0.000000	0.000000	0.000000
5.424000E-6	0.701157	2.836044E-8	8.448000E-6	0.063783	2.929618E-8	0.000000	0.000000	0.000000	0.000000	0.000000	0.000000
5.424000E-6	0.695215	2.841731E-8	8.444000E-6	0.063810	2.925842E-8	0.000000	0.000000	0.000000	0.000000	0.000000	0.000000
5.420000E-6	0.702081	2.774602E-8	8.424000E-6	0.063483	2.992059E-8	0.000000	0.000000	0.000000	0.000000	0.000000	0.000000
5.424000E-6	0.700834	2.787638E-8	8.448000E-6	0.063746	3.027794E-8	0.000000	0.000000	0.000000	0.000000	0.000000	0.000000
5.424000E-6	0.695844	2.825199E-8	8.448000E-6	0.063207	2.978607E-8	0.000000	0.000000	0.000000	0.000000	0.000000	0.000000
5.424000E-6	0.688473	2.829527E-8	8.444000E-6	0.063396	2.946388E-8	0.000000	0.000000	0.000000	0.000000	0.000000	0.000000
5.424000E-6	0.704396	2.794173E-8	8.444000E-6	0.062168	2.960534E-8	0.000000	0.000000	0.000000	0.000000	0.000000	0.000000
5.424000E-6	0.698311	2.816843E-8	8.448000E-6	0.061697	2.895746E-8	0.000000	0.000000	0.000000	0.000000	0.000000	0.000000
5.424000E-6	0.694103	2.805275E-8	8.428000E-6	0.063554	3.021903E-8	0.000000	0.000000	0.000000	0.000000	0.000000	0.000000
5.424000E-6	0.701385	2.820594E-8	8.444000E-6	0.064419	2.923837E-8	0.000000	0.000000	0.000000	0.000000	0.000000	0.000000
5.424000E-6	0.696371	2.855591E-8	8.428000E-6	0.061873	2.978370E-8	0.000000	0.000000	0.000000	0.000000	0.000000	0.000000
5.424000E-6	0.690174	2.837999E-8	8.440000E-6	0.065773	2.943084E-8	0.000000	0.000000	0.000000	0.000000	0.000000	0.000000
5.420000E-6	0.702233	2.777999E-8	8.444000E-6	0.064117	2.965464E-8	0.000000	0.000000	0.000000	0.000000	0.000000	0.000000
5.424000E-6	0.694035	2.860262E-8	8.440000E-6	0.064441	2.877965E-8	0.000000	0.000000	0.000000	0.000000	0.000000	0.000000
5.420000E-6	0.695638	2.781342E-8	8.444000E-6	0.061253	2.975659E-8	0.000000	0.000000	0.000000	0.000000	0.000000	0.000000
5.424000E-6	0.701268	2.799133E-8	8.448000E-6	0.063590	2.929832E-8	0.000000	0.000000	0.000000	0.000000	0.000000	0.000000
5.424000E-6	0.701051	2.834206E-8	8.428000E-6	0.063003	2.950874E-8	0.000000	0.000000	0.000000	0.000000	0.000000	0.000000
5.424000E-6	0.693326	2.819797E-8	8.444000E-6	0.063378	2.916868E-8	0.000000	0.000000	0.000000	0.000000	0.000000	0.000000
5.424000E-6	0.693638	2.824997E-8	8.440000E-6	0.060058	3.011041E-8	0.000000	0.000000	0.000000	0.000000	0.000000	0.000000
5.424000E-6	0.703317	2.815402E-8	8.444000E-6	0.064517	2.915004E-8	0.000000	0.000000	0.000000	0.000000	0.000000	0.000000
5.420000E-6	0.705787	2.791342E-8	8.424000E-6	0.063491	2.930586E-8	0.000000	0.000000	0.000000	0.000000	0.000000	0.000000
5.424000E-6	0.694047	2.816225E-8	8.436000E-6	0.063662	2.875863E-8	0.000000	0.000000	0.000000	0.000000	0.000000	0.000000
5.420000E-6	0.707816	2.796353E-8	8.444000E-6	0.063050	2.866730E-8	0.000000	0.000000	0.000000	0.000000	0.000000	0.000000
5.420000E-6	0.699665	2.774669E-8	8.436000E-6	0.062337	2.896209E-8	0.000000	0.000000	0.000000	0.000000	0.000000	0.000000
5.424000E-6	0.698304	2.792788E-8	8.444000E-6	0.061423	2.911984E-8	0.000000	0.000000	0.000000	0.000000	0.000000	0.000000
