Trigger Count=586	Output Count=586	Elapsed Time=05.852	Number of Pulses CH0=2	Number of Pulses CH1=0
ple rate (Hz)=2.50E+8	Min record length=11364	Trigger level (V)=0.1000	Channel 0 threshold (V)=0.0600	Channel 1 threshold (V)=0.0600	Range (microseconds)=40.0000	Pulse 2 delay (microseconds)=1.0000	Lower cut-off frequency (Hz)=3.00E+7
                             	                             
Ch0_time1 (s)	Ch0_amp1 (V)	Ch0_width1 (s)	Ch0_time2 (s)	Ch0_amp2 (V)	Ch0_width2 (s)	Ch1_time1 (s)	Ch1_amp1 (V)	Ch1_width1 (s)	Ch1_time2 (s)	Ch1_amp2 (V)	Ch1_width2 (s)
5.424000E-6	0.691522	2.832319E-8	8.424000E-6	0.344766	2.951402E-8	0.000000	0.000000	0.000000	0.000000	0.000000	0.000000
5.424000E-6	0.694469	2.820738E-8	8.424000E-6	0.347796	2.916802E-8	0.000000	0.000000	0.000000	0.000000	0.000000	0.000000
5.424000E-6	0.697659	2.797432E-8	8.424000E-6	0.353592	2.929328E-8	0.000000	0.000000	0.000000	0.000000	0.000000	0.000000
5.420000E-6	0.672697	2.857892E-8	8.424000E-6	0.349890	2.905810E-8	0.000000	0.000000	0.000000	0.000000	0.000000	0.000000
5.424000E-6	0.706807	2.790359E-8	8.424000E-6	0.335534	2.959464E-8	0.000000	0.000000	0.000000	0.000000	0.000000	0.000000
5.424000E-6	0.696867	2.798866E-8	8.424000E-6	0.347154	2.877371E-8	0.000000	0.000000	0.000000	0.000000	0.000000	0.000000
5.424000E-6	0.694216	2.825942E-8	8.424000E-6	0.350010	2.872913E-8	0.000000	0.000000	0.000000	0.000000	0.000000	0.000000
5.424000E-6	0.688504	2.835494E-8	8.424000E-6	0.350764	2.926129E-8	0.000000	0.000000	0.000000	0.000000	0.000000	0.000000
5.424000E-6	0.699318	2.846081E-8	8.424000E-6	0.344862	2.929149E-8	0.000000	0.000000	0.000000	0.000000	0.000000	0.000000
5.424000E-6	0.695562	2.794972E-8	8.424000E-6	0.352401	2.953890E-8	0.000000	0.000000	0.000000	0.000000	0.000000	0.000000
5.420000E-6	0.696895	2.765512E-8	8.424000E-6	0.348975	2.897753E-8	0.000000	0.000000	0.000000	0.000000	0.000000	0.000000
5.420000E-6	0.699920	2.785067E-8	8.420000E-6	0.352415	2.891593E-8	0.000000	0.000000	0.000000	0.000000	0.000000	0.000000
5.424000E-6	0.697916	2.787106E-8	8.424000E-6	0.337023	2.965785E-8	0.000000	0.000000	0.000000	0.000000	0.000000	0.000000
5.424000E-6	0.699179	2.809993E-8	8.424000E-6	0.347455	2.883827E-8	0.000000	0.000000	0.000000	0.000000	0.000000	0.000000
5.424000E-6	0.691800	2.826028E-8	8.424000E-6	0.350506	2.916305E-8	0.000000	0.000000	0.000000	0.000000	0.000000	0.000000
5.424000E-6	0.691607	2.833233E-8	8.424000E-6	0.345716	2.922928E-8	0.000000	0.000000	0.000000	0.000000	0.000000	0.000000
5.424000E-6	0.700472	2.804381E-8	8.424000E-6	0.348019	2.920604E-8	0.000000	0.000000	0.000000	0.000000	0.000000	0.000000
5.424000E-6	0.706288	2.804113E-8	8.424000E-6	0.346135	2.930026E-8	0.000000	0.000000	0.000000	0.000000	0.000000	0.000000
5.420000E-6	0.674394	2.860819E-8	8.424000E-6	0.350993	2.913185E-8	0.000000	0.000000	0.000000	0.000000	0.000000	0.000000
5.424000E-6	0.702004	2.780477E-8	8.424000E-6	0.346077	2.864943E-8	0.000000	0.000000	0.000000	0.000000	0.000000	0.000000
5.424000E-6	0.693044	2.799398E-8	8.424000E-6	0.346374	2.885729E-8	0.000000	0.000000	0.000000	0.000000	0.000000	0.000000
5.424000E-6	0.698128	2.837994E-8	8.424000E-6	0.348132	2.881355E-8	0.000000	0.000000	0.000000	0.000000	0.000000	0.000000
5.424000E-6	0.696375	2.842590E-8	8.424000E-6	0.349798	2.923277E-8	0.000000	0.000000	0.000000	0.000000	0.000000	0.000000
5.424000E-6	0.695888	2.814786E-8	8.424000E-6	0.347352	2.930577E-8	0.000000	0.000000	0.000000	0.000000	0.000000	0.000000
5.424000E-6	0.701382	2.786161E-8	8.424000E-6	0.347850	2.913122E-8	0.000000	0.000000	0.000000	0.000000	0.000000	0.000000
5.420000E-6	0.568267	3.117849E-8	8.424000E-6	0.347352	2.869703E-8	0.000000	0.000000	0.000000	0.000000	0.000000	0.000000
5.424000E-6	0.699399	2.775981E-8	8.424000E-6	0.335982	2.950989E-8	0.000000	0.000000	0.000000	0.000000	0.000000	0.000000
5.424000E-6	0.702011	2.814445E-8	8.424000E-6	0.348748	2.885933E-8	0.000000	0.000000	0.000000	0.000000	0.000000	0.000000
5.424000E-6	0.696799	2.839950E-8	8.424000E-6	0.347404	2.900863E-8	0.000000	0.000000	0.000000	0.000000	0.000000	0.000000
5.424000E-6	0.694672	2.847209E-8	8.424000E-6	0.349399	2.909447E-8	0.000000	0.000000	0.000000	0.000000	0.000000	0.000000
5.424000E-6	0.695087	2.814906E-8	8.424000E-6	0.345487	2.927096E-8	0.000000	0.000000	0.000000	0.000000	0.000000	0.000000
5.424000E-6	0.705198	2.804501E-8	8.424000E-6	0.348166	2.921228E-8	0.000000	0.000000	0.000000	0.000000	0.000000	0.000000
5.420000E-6	0.702306	2.774871E-8	8.424000E-6	0.352364	2.893387E-8	0.000000	0.000000	0.000000	0.000000	0.000000	0.000000
5.424000E-6	0.700733	2.781681E-8	8.424000E-6	0.333765	2.951343E-8	0.000000	0.000000	0.000000	0.000000	0.000000	0.000000
5.424000E-6	0.698380	2.798739E-8	8.424000E-6	0.348005	2.871011E-8	0.000000	0.000000	0.000000	0.000000	0.000000	0.000000
5.424000E-6	0.697313	2.833822E-8	8.424000E-6	0.351929	2.894848E-8	0.000000	0.000000	0.000000	0.000000	0.000000	0.000000
5.424000E-6	0.692137	2.824603E-8	8.424000E-6	0.346144	2.933897E-8	0.000000	0.000000	0.000000	0.000000	0.000000	0.000000
5.424000E-6	0.695139	2.820865E-8	8.424000E-6	0.350410	2.940044E-8	0.000000	0.000000	0.000000	0.000000	0.000000	0.000000
5.424000E-6	0.703451	2.803721E-8	8.424000E-6	0.349375	2.905190E-8	0.000000	0.000000	0.000000	0.000000	0.000000	0.000000
5.420000E-6	0.701501	2.775534E-8	8.424000E-6	0.349580	2.885884E-8	0.000000	0.000000	0.000000	0.000000	0.000000	0.000000
5.424000E-6	0.702474	2.799403E-8	8.424000E-6	0.332969	2.966566E-8	0.000000	0.000000	0.000000	0.000000	0.000000	0.000000
5.424000E-6	0.697941	2.790112E-8	8.424000E-6	0.350496	2.897944E-8	0.000000	0.000000	0.000000	0.000000	0.000000	0.000000
5.424000E-6	0.696578	2.841666E-8	8.424000E-6	0.348316	2.899995E-8	0.000000	0.000000	0.000000	0.000000	0.000000	0.000000
5.424000E-6	0.697574	2.833108E-8	8.424000E-6	0.345235	2.940636E-8	0.000000	0.000000	0.000000	0.000000	0.000000	0.000000
5.424000E-6	0.696545	2.814229E-8	8.424000E-6	0.341912	2.926909E-8	0.000000	0.000000	0.000000	0.000000	0.000000	0.000000
5.424000E-6	0.698489	2.780955E-8	8.424000E-6	0.345408	2.909358E-8	0.000000	0.000000	0.000000	0.000000	0.000000	0.000000
5.420000E-6	0.673360	2.852464E-8	8.424000E-6	0.350393	2.882777E-8	0.000000	0.000000	0.000000	0.000000	0.000000	0.000000
5.424000E-6	0.697985	2.781091E-8	8.424000E-6	0.335888	2.977604E-8	0.000000	0.000000	0.000000	0.000000	0.000000	0.000000
5.424000E-6	0.695931	2.800633E-8	8.424000E-6	0.349417	2.889614E-8	0.000000	0.000000	0.000000	0.000000	0.000000	0.000000
5.424000E-6	0.688253	2.833587E-8	8.424000E-6	0.349094	2.903504E-8	0.000000	0.000000	0.000000	0.000000	0.000000	0.000000
5.424000E-6	0.699243	2.844264E-8	8.424000E-6	0.345245	2.917349E-8	0.000000	0.000000	0.000000	0.000000	0.000000	0.000000
5.424000E-6	0.697394	2.799806E-8	8.424000E-6	0.349665	2.932968E-8	0.000000	0.000000	0.000000	0.000000	0.000000	0.000000
5.420000E-6	0.701100	2.793761E-8	8.424000E-6	0.347425	2.897096E-8	0.000000	0.000000	0.000000	0.000000	0.000000	0.000000
5.420000E-6	0.705891	2.786517E-8	8.420000E-6	0.350173	2.877123E-8	0.000000	0.000000	0.000000	0.000000	0.000000	0.000000
5.424000E-6	0.696314	2.796153E-8	8.424000E-6	0.337914	2.965167E-8	0.000000	0.000000	0.000000	0.000000	0.000000	0.000000
5.424000E-6	0.693074	2.805357E-8	8.424000E-6	0.348434	2.898495E-8	0.000000	0.000000	0.000000	0.000000	0.000000	0.000000
5.424000E-6	0.693488	2.849368E-8	8.424000E-6	0.346594	2.932928E-8	0.000000	0.000000	0.000000	0.000000	0.000000	0.000000
5.424000E-6	0.693046	2.814255E-8	8.424000E-6	0.344242	2.937515E-8	0.000000	0.000000	0.000000	0.000000	0.000000	0.000000
5.424000E-6	0.696726	2.795707E-8	8.424000E-6	0.346759	2.915561E-8	0.000000	0.000000	0.000000	0.000000	0.000000	0.000000
5.420000E-6	0.699209	2.773866E-8	8.424000E-6	0.344407	2.908947E-8	0.000000	0.000000	0.000000	0.000000	0.000000	0.000000
5.420000E-6	0.699392	2.786312E-8	8.420000E-6	0.349635	2.878717E-8	0.000000	0.000000	0.000000	0.000000	0.000000	0.000000
5.424000E-6	0.701352	2.809746E-8	8.424000E-6	0.351024	2.887517E-8	0.000000	0.000000	0.000000	0.000000	0.000000	0.000000
5.424000E-6	0.694417	2.834189E-8	8.424000E-6	0.350791	2.891956E-8	0.000000	0.000000	0.000000	0.000000	0.000000	0.000000
5.424000E-6	0.690261	2.842639E-8	8.424000E-6	0.348571	2.917071E-8	0.000000	0.000000	0.000000	0.000000	0.000000	0.000000
5.424000E-6	0.697302	2.801433E-8	8.424000E-6	0.345385	2.926764E-8	0.000000	0.000000	0.000000	0.000000	0.000000	0.000000
5.424000E-6	0.704081	2.792187E-8	8.424000E-6	0.348741	2.916073E-8	0.000000	0.000000	0.000000	0.000000	0.000000	0.000000
5.420000E-6	0.671007	2.849090E-8	8.424000E-6	0.348549	2.889232E-8	0.000000	0.000000	0.000000	0.000000	0.000000	0.000000
5.424000E-6	0.699551	2.795705E-8	8.424000E-6	0.332709	2.941713E-8	0.000000	0.000000	0.000000	0.000000	0.000000	0.000000
5.424000E-6	0.697930	2.826805E-8	8.424000E-6	0.349850	2.881515E-8	0.000000	0.000000	0.000000	0.000000	0.000000	0.000000
5.424000E-6	0.694937	2.846625E-8	8.424000E-6	0.347802	2.915374E-8	0.000000	0.000000	0.000000	0.000000	0.000000	0.000000
5.424000E-6	0.693631	2.815351E-8	8.424000E-6	0.344692	2.936714E-8	0.000000	0.000000	0.000000	0.000000	0.000000	0.000000
5.424000E-6	0.698140	2.794821E-8	8.424000E-6	0.347090	2.931768E-8	0.000000	0.000000	0.000000	0.000000	0.000000	0.000000
5.420000E-6	0.696768	2.777071E-8	8.424000E-6	0.348164	2.904386E-8	0.000000	0.000000	0.000000	0.000000	0.000000	0.000000
5.420000E-6	0.707941	2.785902E-8	8.420000E-6	0.347304	2.885737E-8	0.000000	0.000000	0.000000	0.000000	0.000000	0.000000
5.424000E-6	0.694756	2.783218E-8	8.424000E-6	0.348024	2.869387E-8	0.000000	0.000000	0.000000	0.000000	0.000000	0.000000
5.424000E-6	0.700499	2.837058E-8	8.424000E-6	0.348562	2.882431E-8	0.000000	0.000000	0.000000	0.000000	0.000000	0.000000
5.424000E-6	0.695630	2.856324E-8	8.424000E-6	0.347073	2.927964E-8	0.000000	0.000000	0.000000	0.000000	0.000000	0.000000
5.424000E-6	0.694696	2.818686E-8	8.424000E-6	0.345147	2.933956E-8	0.000000	0.000000	0.000000	0.000000	0.000000	0.000000
5.424000E-6	0.696678	2.790325E-8	8.424000E-6	0.350669	2.915551E-8	0.000000	0.000000	0.000000	0.000000	0.000000	0.000000
5.420000E-6	0.701578	2.774828E-8	8.424000E-6	0.346315	2.897619E-8	0.000000	0.000000	0.000000	0.000000	0.000000	0.000000
5.424000E-6	0.699893	2.785225E-8	8.424000E-6	0.333225	2.954680E-8	0.000000	0.000000	0.000000	0.000000	0.000000	0.000000
5.424000E-6	0.699742	2.812019E-8	8.424000E-6	0.352589	2.883154E-8	0.000000	0.000000	0.000000	0.000000	0.000000	0.000000
5.424000E-6	0.695176	2.837842E-8	8.424000E-6	0.349827	2.892174E-8	0.000000	0.000000	0.000000	0.000000	0.000000	0.000000
5.424000E-6	0.695393	2.845981E-8	8.424000E-6	0.347596	2.931733E-8	0.000000	0.000000	0.000000	0.000000	0.000000	0.000000
5.424000E-6	0.696109	2.806272E-8	8.424000E-6	0.347112	2.928495E-8	0.000000	0.000000	0.000000	0.000000	0.000000	0.000000
5.424000E-6	0.703378	2.791291E-8	8.424000E-6	0.348877	2.915247E-8	0.000000	0.000000	0.000000	0.000000	0.000000	0.000000
5.420000E-6	0.673487	2.848394E-8	8.424000E-6	0.350930	2.882422E-8	0.000000	0.000000	0.000000	0.000000	0.000000	0.000000
5.424000E-6	0.699095	2.782739E-8	8.424000E-6	0.336196	2.965245E-8	0.000000	0.000000	0.000000	0.000000	0.000000	0.000000
5.424000E-6	0.700632	2.818855E-8	8.424000E-6	0.347654	2.882146E-8	0.000000	0.000000	0.000000	0.000000	0.000000	0.000000
5.424000E-6	0.696703	2.848175E-8	8.424000E-6	0.347414	2.879819E-8	0.000000	0.000000	0.000000	0.000000	0.000000	0.000000
5.424000E-6	0.695650	2.845166E-8	8.424000E-6	0.346823	2.898252E-8	0.000000	0.000000	0.000000	0.000000	0.000000	0.000000
5.424000E-6	0.698228	2.826041E-8	8.424000E-6	0.346502	2.959888E-8	0.000000	0.000000	0.000000	0.000000	0.000000	0.000000
5.424000E-6	0.704095	2.809225E-8	8.424000E-6	0.348196	2.925764E-8	0.000000	0.000000	0.000000	0.000000	0.000000	0.000000
5.420000E-6	0.698125	2.774440E-8	8.424000E-6	0.348926	2.892179E-8	0.000000	0.000000	0.000000	0.000000	0.000000	0.000000
5.424000E-6	0.703478	2.794258E-8	8.424000E-6	0.335719	2.977904E-8	0.000000	0.000000	0.000000	0.000000	0.000000	0.000000
5.424000E-6	0.701280	2.801146E-8	8.424000E-6	0.351348	2.912125E-8	0.000000	0.000000	0.000000	0.000000	0.000000	0.000000
5.424000E-6	0.693580	2.814829E-8	8.424000E-6	0.346657	2.899955E-8	0.000000	0.000000	0.000000	0.000000	0.000000	0.000000
5.424000E-6	0.694285	2.855336E-8	8.424000E-6	0.349309	2.932036E-8	0.000000	0.000000	0.000000	0.000000	0.000000	0.000000
5.424000E-6	0.701547	2.813360E-8	8.424000E-6	0.348406	2.928083E-8	0.000000	0.000000	0.000000	0.000000	0.000000	0.000000
5.424000E-6	0.703564	2.796484E-8	8.424000E-6	0.348546	2.907213E-8	0.000000	0.000000	0.000000	0.000000	0.000000	0.000000
5.420000E-6	0.676447	2.860639E-8	8.424000E-6	0.353705	2.897990E-8	0.000000	0.000000	0.000000	0.000000	0.000000	0.000000
5.424000E-6	0.700683	2.788844E-8	8.424000E-6	0.333226	2.950088E-8	0.000000	0.000000	0.000000	0.000000	0.000000	0.000000
5.424000E-6	0.697487	2.804046E-8	8.424000E-6	0.348584	2.868924E-8	0.000000	0.000000	0.000000	0.000000	0.000000	0.000000
5.424000E-6	0.697118	2.847001E-8	8.424000E-6	0.344300	2.894762E-8	0.000000	0.000000	0.000000	0.000000	0.000000	0.000000
5.424000E-6	0.696199	2.839645E-8	8.424000E-6	0.349995	2.947254E-8	0.000000	0.000000	0.000000	0.000000	0.000000	0.000000
5.424000E-6	0.695877	2.801592E-8	8.424000E-6	0.348238	2.945137E-8	0.000000	0.000000	0.000000	0.000000	0.000000	0.000000
5.424000E-6	0.702452	2.796436E-8	8.424000E-6	0.348430	2.900745E-8	0.000000	0.000000	0.000000	0.000000	0.000000	0.000000
5.420000E-6	0.569038	3.102429E-8	8.424000E-6	0.350368	2.874952E-8	0.000000	0.000000	0.000000	0.000000	0.000000	0.000000
5.424000E-6	0.698832	2.792269E-8	8.424000E-6	0.336593	2.976186E-8	0.000000	0.000000	0.000000	0.000000	0.000000	0.000000
5.424000E-6	0.700086	2.821829E-8	8.424000E-6	0.348962	2.887789E-8	0.000000	0.000000	0.000000	0.000000	0.000000	0.000000
5.424000E-6	0.694115	2.852619E-8	8.424000E-6	0.347377	2.928293E-8	0.000000	0.000000	0.000000	0.000000	0.000000	0.000000
5.424000E-6	0.689150	2.824534E-8	8.424000E-6	0.345745	2.926939E-8	0.000000	0.000000	0.000000	0.000000	0.000000	0.000000
5.424000E-6	0.698978	2.810499E-8	8.424000E-6	0.349826	2.951349E-8	0.000000	0.000000	0.000000	0.000000	0.000000	0.000000
5.420000E-6	0.701100	2.779411E-8	8.424000E-6	0.348418	2.890970E-8	0.000000	0.000000	0.000000	0.000000	0.000000	0.000000
5.420000E-6	0.698999	2.773663E-8	8.420000E-6	0.348480	2.869082E-8	0.000000	0.000000	0.000000	0.000000	0.000000	0.000000
5.424000E-6	0.700951	2.794290E-8	8.424000E-6	0.334217	2.953180E-8	0.000000	0.000000	0.000000	0.000000	0.000000	0.000000
5.424000E-6	0.699374	2.829404E-8	8.424000E-6	0.350305	2.872000E-8	0.000000	0.000000	0.000000	0.000000	0.000000	0.000000
5.424000E-6	0.688376	2.846084E-8	8.424000E-6	0.350078	2.924707E-8	0.000000	0.000000	0.000000	0.000000	0.000000	0.000000
5.424000E-6	0.690048	2.822522E-8	8.424000E-6	0.346509	2.925933E-8	0.000000	0.000000	0.000000	0.000000	0.000000	0.000000
5.424000E-6	0.700820	2.806729E-8	8.424000E-6	0.344092	2.961161E-8	0.000000	0.000000	0.000000	0.000000	0.000000	0.000000
5.420000E-6	0.706382	2.790760E-8	8.424000E-6	0.350309	2.901172E-8	0.000000	0.000000	0.000000	0.000000	0.000000	0.000000
5.420000E-6	0.699514	2.775496E-8	8.420000E-6	0.347891	2.878667E-8	0.000000	0.000000	0.000000	0.000000	0.000000	0.000000
5.424000E-6	0.702335	2.809979E-8	8.424000E-6	0.332716	2.937024E-8	0.000000	0.000000	0.000000	0.000000	0.000000	0.000000
5.424000E-6	0.697145	2.818332E-8	8.424000E-6	0.348533	2.871865E-8	0.000000	0.000000	0.000000	0.000000	0.000000	0.000000
5.424000E-6	0.689034	2.839519E-8	8.424000E-6	0.349584	2.918623E-8	0.000000	0.000000	0.000000	0.000000	0.000000	0.000000
5.424000E-6	0.696323	2.820959E-8	8.424000E-6	0.347251	2.947658E-8	0.000000	0.000000	0.000000	0.000000	0.000000	0.000000
5.424000E-6	0.698916	2.797903E-8	8.424000E-6	0.350494	2.924093E-8	0.000000	0.000000	0.000000	0.000000	0.000000	0.000000
5.420000E-6	0.704457	2.786483E-8	8.424000E-6	0.350711	2.899712E-8	0.000000	0.000000	0.000000	0.000000	0.000000	0.000000
5.420000E-6	0.703913	2.775573E-8	8.420000E-6	0.351573	2.892114E-8	0.000000	0.000000	0.000000	0.000000	0.000000	0.000000
5.424000E-6	0.705947	2.796164E-8	8.424000E-6	0.333744	2.928565E-8	0.000000	0.000000	0.000000	0.000000	0.000000	0.000000
5.424000E-6	0.699450	2.808137E-8	8.424000E-6	0.347871	2.906450E-8	0.000000	0.000000	0.000000	0.000000	0.000000	0.000000
5.424000E-6	0.691882	2.838711E-8	8.424000E-6	0.346170	2.911498E-8	0.000000	0.000000	0.000000	0.000000	0.000000	0.000000
5.424000E-6	0.702115	2.847895E-8	8.424000E-6	0.349416	2.935896E-8	0.000000	0.000000	0.000000	0.000000	0.000000	0.000000
5.424000E-6	0.696159	2.804050E-8	8.424000E-6	0.345485	2.930406E-8	0.000000	0.000000	0.000000	0.000000	0.000000	0.000000
5.420000E-6	0.702596	2.776854E-8	8.424000E-6	0.348387	2.905128E-8	0.000000	0.000000	0.000000	0.000000	0.000000	0.000000
5.420000E-6	0.700947	2.774678E-8	8.420000E-6	0.350316	2.875502E-8	0.000000	0.000000	0.000000	0.000000	0.000000	0.000000
5.424000E-6	0.703061	2.801144E-8	8.424000E-6	0.353020	2.904962E-8	0.000000	0.000000	0.000000	0.000000	0.000000	0.000000
5.424000E-6	0.695995	2.805021E-8	8.424000E-6	0.348654	2.890820E-8	0.000000	0.000000	0.000000	0.000000	0.000000	0.000000
5.424000E-6	0.693242	2.851845E-8	8.424000E-6	0.346528	2.901359E-8	0.000000	0.000000	0.000000	0.000000	0.000000	0.000000
5.424000E-6	0.690635	2.834946E-8	8.424000E-6	0.349556	2.937897E-8	0.000000	0.000000	0.000000	0.000000	0.000000	0.000000
5.424000E-6	0.701029	2.802526E-8	8.424000E-6	0.346945	2.931793E-8	0.000000	0.000000	0.000000	0.000000	0.000000	0.000000
5.420000E-6	0.696622	2.771966E-8	8.424000E-6	0.349894	2.907171E-8	0.000000	0.000000	0.000000	0.000000	0.000000	0.000000
5.420000E-6	0.701378	2.777125E-8	8.420000E-6	0.350484	2.875252E-8	0.000000	0.000000	0.000000	0.000000	0.000000	0.000000
5.424000E-6	0.700071	2.783310E-8	8.424000E-6	0.334480	2.961887E-8	0.000000	0.000000	0.000000	0.000000	0.000000	0.000000
5.424000E-6	0.697413	2.815523E-8	8.424000E-6	0.350150	2.888874E-8	0.000000	0.000000	0.000000	0.000000	0.000000	0.000000
5.424000E-6	0.689468	2.835893E-8	8.424000E-6	0.348995	2.920994E-8	0.000000	0.000000	0.000000	0.000000	0.000000	0.000000
5.424000E-6	0.696176	2.825314E-8	8.424000E-6	0.347459	2.949646E-8	0.000000	0.000000	0.000000	0.000000	0.000000	0.000000
5.424000E-6	0.696580	2.796004E-8	8.424000E-6	0.347139	2.936705E-8	0.000000	0.000000	0.000000	0.000000	0.000000	0.000000
5.420000E-6	0.698552	2.776183E-8	8.424000E-6	0.347820	2.917885E-8	0.000000	0.000000	0.000000	0.000000	0.000000	0.000000
5.420000E-6	0.700343	2.786849E-8	8.420000E-6	0.347788	2.877420E-8	0.000000	0.000000	0.000000	0.000000	0.000000	0.000000
5.424000E-6	0.704735	2.795235E-8	8.424000E-6	0.335206	2.951252E-8	0.000000	0.000000	0.000000	0.000000	0.000000	0.000000
5.424000E-6	0.695011	2.806707E-8	8.424000E-6	0.350038	2.905836E-8	0.000000	0.000000	0.000000	0.000000	0.000000	0.000000
5.424000E-6	0.692392	2.836506E-8	8.424000E-6	0.348347	2.919248E-8	0.000000	0.000000	0.000000	0.000000	0.000000	0.000000
5.424000E-6	0.691759	2.830080E-8	8.424000E-6	0.349136	2.935495E-8	0.000000	0.000000	0.000000	0.000000	0.000000	0.000000
5.424000E-6	0.704241	2.825941E-8	8.424000E-6	0.347977	2.914052E-8	0.000000	0.000000	0.000000	0.000000	0.000000	0.000000
5.424000E-6	0.703750	2.780442E-8	8.424000E-6	0.350083	2.900484E-8	0.000000	0.000000	0.000000	0.000000	0.000000	0.000000
5.420000E-6	0.568230	3.107814E-8	8.424000E-6	0.352261	2.878841E-8	0.000000	0.000000	0.000000	0.000000	0.000000	0.000000
5.424000E-6	0.698254	2.785552E-8	8.424000E-6	0.337701	2.943153E-8	0.000000	0.000000	0.000000	0.000000	0.000000	0.000000
5.424000E-6	0.697813	2.809489E-8	8.424000E-6	0.350169	2.897072E-8	0.000000	0.000000	0.000000	0.000000	0.000000	0.000000
5.424000E-6	0.695902	2.854597E-8	8.424000E-6	0.350274	2.909368E-8	0.000000	0.000000	0.000000	0.000000	0.000000	0.000000
5.424000E-6	0.696099	2.846348E-8	8.424000E-6	0.347091	2.912770E-8	0.000000	0.000000	0.000000	0.000000	0.000000	0.000000
5.424000E-6	0.703265	2.817803E-8	8.424000E-6	0.348005	2.937166E-8	0.000000	0.000000	0.000000	0.000000	0.000000	0.000000
5.424000E-6	0.708463	2.789534E-8	8.424000E-6	0.350126	2.914239E-8	0.000000	0.000000	0.000000	0.000000	0.000000	0.000000
5.420000E-6	0.567017	3.124871E-8	8.424000E-6	0.347610	2.891216E-8	0.000000	0.000000	0.000000	0.000000	0.000000	0.000000
5.424000E-6	0.704643	2.792680E-8	8.424000E-6	0.335198	2.952247E-8	0.000000	0.000000	0.000000	0.000000	0.000000	0.000000
5.424000E-6	0.703721	2.821327E-8	8.424000E-6	0.349814	2.874320E-8	0.000000	0.000000	0.000000	0.000000	0.000000	0.000000
5.424000E-6	0.693079	2.840161E-8	8.424000E-6	0.347450	2.884175E-8	0.000000	0.000000	0.000000	0.000000	0.000000	0.000000
5.424000E-6	0.700605	2.837322E-8	8.424000E-6	0.345370	2.917555E-8	0.000000	0.000000	0.000000	0.000000	0.000000	0.000000
5.424000E-6	0.698609	2.810208E-8	8.424000E-6	0.350223	2.940400E-8	0.000000	0.000000	0.000000	0.000000	0.000000	0.000000
5.424000E-6	0.706467	2.801843E-8	8.424000E-6	0.349071	2.899519E-8	0.000000	0.000000	0.000000	0.000000	0.000000	0.000000
5.420000E-6	0.671473	2.840380E-8	8.424000E-6	0.346747	2.897602E-8	0.000000	0.000000	0.000000	0.000000	0.000000	0.000000
5.424000E-6	0.698328	2.786699E-8	8.424000E-6	0.332634	2.951642E-8	0.000000	0.000000	0.000000	0.000000	0.000000	0.000000
5.424000E-6	0.696159	2.804193E-8	8.424000E-6	0.347026	2.852782E-8	0.000000	0.000000	0.000000	0.000000	0.000000	0.000000
5.424000E-6	0.692389	2.833430E-8	8.424000E-6	0.350439	2.918879E-8	0.000000	0.000000	0.000000	0.000000	0.000000	0.000000
5.424000E-6	0.694427	2.826688E-8	8.424000E-6	0.349065	2.932093E-8	0.000000	0.000000	0.000000	0.000000	0.000000	0.000000
5.424000E-6	0.696501	2.816460E-8	8.424000E-6	0.348477	2.941207E-8	0.000000	0.000000	0.000000	0.000000	0.000000	0.000000
5.424000E-6	0.704657	2.790260E-8	8.424000E-6	0.348258	2.903044E-8	0.000000	0.000000	0.000000	0.000000	0.000000	0.000000
5.420000E-6	0.567589	3.117614E-8	8.424000E-6	0.348667	2.899408E-8	0.000000	0.000000	0.000000	0.000000	0.000000	0.000000
5.424000E-6	0.703080	2.785084E-8	8.424000E-6	0.334388	2.951349E-8	0.000000	0.000000	0.000000	0.000000	0.000000	0.000000
5.424000E-6	0.702122	2.804351E-8	8.424000E-6	0.347650	2.874112E-8	0.000000	0.000000	0.000000	0.000000	0.000000	0.000000
5.424000E-6	0.694546	2.829306E-8	8.424000E-6	0.351218	2.911349E-8	0.000000	0.000000	0.000000	0.000000	0.000000	0.000000
5.424000E-6	0.695487	2.851958E-8	8.424000E-6	0.345756	2.925482E-8	0.000000	0.000000	0.000000	0.000000	0.000000	0.000000
5.424000E-6	0.693694	2.810063E-8	8.424000E-6	0.345612	2.930390E-8	0.000000	0.000000	0.000000	0.000000	0.000000	0.000000
5.424000E-6	0.698023	2.790631E-8	8.424000E-6	0.347375	2.911617E-8	0.000000	0.000000	0.000000	0.000000	0.000000	0.000000
5.420000E-6	0.428610	3.529003E-8	8.424000E-6	0.350329	2.892373E-8	0.000000	0.000000	0.000000	0.000000	0.000000	0.000000
5.424000E-6	0.707960	2.784956E-8	8.424000E-6	0.335471	2.951340E-8	0.000000	0.000000	0.000000	0.000000	0.000000	0.000000
5.424000E-6	0.693051	2.794960E-8	8.424000E-6	0.348537	2.875254E-8	0.000000	0.000000	0.000000	0.000000	0.000000	0.000000
5.424000E-6	0.696948	2.837833E-8	8.424000E-6	0.349670	2.899227E-8	0.000000	0.000000	0.000000	0.000000	0.000000	0.000000
5.424000E-6	0.693679	2.844562E-8	8.424000E-6	0.348631	2.912084E-8	0.000000	0.000000	0.000000	0.000000	0.000000	0.000000
5.424000E-6	0.697920	2.814686E-8	8.424000E-6	0.347140	2.930596E-8	0.000000	0.000000	0.000000	0.000000	0.000000	0.000000
5.424000E-6	0.701999	2.807289E-8	8.424000E-6	0.349409	2.901864E-8	0.000000	0.000000	0.000000	0.000000	0.000000	0.000000
5.420000E-6	0.701156	2.770974E-8	8.424000E-6	0.351106	2.897879E-8	0.000000	0.000000	0.000000	0.000000	0.000000	0.000000
5.424000E-6	0.701326	2.774239E-8	8.424000E-6	0.334437	2.933734E-8	0.000000	0.000000	0.000000	0.000000	0.000000	0.000000
5.424000E-6	0.693595	2.803854E-8	8.424000E-6	0.349858	2.905585E-8	0.000000	0.000000	0.000000	0.000000	0.000000	0.000000
5.424000E-6	0.697333	2.841627E-8	8.424000E-6	0.346670	2.923613E-8	0.000000	0.000000	0.000000	0.000000	0.000000	0.000000
5.424000E-6	0.691043	2.832081E-8	8.424000E-6	0.349960	2.926860E-8	0.000000	0.000000	0.000000	0.000000	0.000000	0.000000
5.424000E-6	0.695650	2.810360E-8	8.424000E-6	0.347544	2.928275E-8	0.000000	0.000000	0.000000	0.000000	0.000000	0.000000
5.424000E-6	0.704239	2.805323E-8	8.424000E-6	0.350960	2.911292E-8	0.000000	0.000000	0.000000	0.000000	0.000000	0.000000
5.420000E-6	0.677839	2.870000E-8	8.424000E-6	0.347046	2.894771E-8	0.000000	0.000000	0.000000	0.000000	0.000000	0.000000
5.424000E-6	0.696461	2.783498E-8	8.424000E-6	0.334920	2.937595E-8	0.000000	0.000000	0.000000	0.000000	0.000000	0.000000
5.424000E-6	0.703247	2.818887E-8	8.424000E-6	0.347492	2.881644E-8	0.000000	0.000000	0.000000	0.000000	0.000000	0.000000
5.424000E-6	0.691617	2.834726E-8	8.424000E-6	0.348468	2.909936E-8	0.000000	0.000000	0.000000	0.000000	0.000000	0.000000
5.424000E-6	0.691569	2.830917E-8	8.424000E-6	0.346538	2.923517E-8	0.000000	0.000000	0.000000	0.000000	0.000000	0.000000
5.424000E-6	0.698829	2.802541E-8	8.424000E-6	0.346551	2.945860E-8	0.000000	0.000000	0.000000	0.000000	0.000000	0.000000
5.424000E-6	0.700737	2.782539E-8	8.424000E-6	0.344851	2.912152E-8	0.000000	0.000000	0.000000	0.000000	0.000000	0.000000
5.420000E-6	0.567647	3.120685E-8	8.424000E-6	0.348702	2.889628E-8	0.000000	0.000000	0.000000	0.000000	0.000000	0.000000
5.424000E-6	0.699666	2.780899E-8	8.424000E-6	0.335387	2.939394E-8	0.000000	0.000000	0.000000	0.000000	0.000000	0.000000
5.424000E-6	0.693861	2.807312E-8	8.424000E-6	0.350221	2.877568E-8	0.000000	0.000000	0.000000	0.000000	0.000000	0.000000
5.424000E-6	0.690402	2.848983E-8	8.424000E-6	0.352376	2.910434E-8	0.000000	0.000000	0.000000	0.000000	0.000000	0.000000
5.424000E-6	0.699470	2.840155E-8	8.424000E-6	0.347397	2.947453E-8	0.000000	0.000000	0.000000	0.000000	0.000000	0.000000
5.424000E-6	0.698557	2.798180E-8	8.424000E-6	0.347999	2.916653E-8	0.000000	0.000000	0.000000	0.000000	0.000000	0.000000
5.420000E-6	0.704403	2.787154E-8	8.424000E-6	0.345788	2.896447E-8	0.000000	0.000000	0.000000	0.000000	0.000000	0.000000
5.420000E-6	0.575907	3.130939E-8	8.424000E-6	0.351268	2.910573E-8	0.000000	0.000000	0.000000	0.000000	0.000000	0.000000
5.424000E-6	0.699713	2.783091E-8	8.424000E-6	0.335163	2.960648E-8	0.000000	0.000000	0.000000	0.000000	0.000000	0.000000
5.424000E-6	0.700954	2.823079E-8	8.424000E-6	0.348432	2.881620E-8	0.000000	0.000000	0.000000	0.000000	0.000000	0.000000
5.424000E-6	0.692036	2.838179E-8	8.424000E-6	0.344625	2.901710E-8	0.000000	0.000000	0.000000	0.000000	0.000000	0.000000
5.424000E-6	0.690783	2.839454E-8	8.424000E-6	0.347879	2.936996E-8	0.000000	0.000000	0.000000	0.000000	0.000000	0.000000
5.424000E-6	0.700808	2.832179E-8	8.424000E-6	0.346852	2.956681E-8	0.000000	0.000000	0.000000	0.000000	0.000000	0.000000
5.424000E-6	0.701866	2.802612E-8	8.424000E-6	0.347504	2.913941E-8	0.000000	0.000000	0.000000	0.000000	0.000000	0.000000
5.420000E-6	0.674666	2.847558E-8	8.424000E-6	0.350380	2.883914E-8	0.000000	0.000000	0.000000	0.000000	0.000000	0.000000
5.424000E-6	0.699036	2.783447E-8	8.424000E-6	0.333817	2.948974E-8	0.000000	0.000000	0.000000	0.000000	0.000000	0.000000
5.424000E-6	0.694374	2.802311E-8	8.424000E-6	0.350558	2.864455E-8	0.000000	0.000000	0.000000	0.000000	0.000000	0.000000
5.424000E-6	0.697406	2.838780E-8	8.424000E-6	0.347793	2.903681E-8	0.000000	0.000000	0.000000	0.000000	0.000000	0.000000
5.424000E-6	0.694190	2.848370E-8	8.424000E-6	0.347622	2.927412E-8	0.000000	0.000000	0.000000	0.000000	0.000000	0.000000
5.424000E-6	0.697211	2.826145E-8	8.424000E-6	0.347998	2.914981E-8	0.000000	0.000000	0.000000	0.000000	0.000000	0.000000
5.424000E-6	0.698677	2.786784E-8	8.424000E-6	0.345828	2.910118E-8	0.000000	0.000000	0.000000	0.000000	0.000000	0.000000
5.420000E-6	0.704875	2.789627E-8	8.424000E-6	0.350217	2.885010E-8	0.000000	0.000000	0.000000	0.000000	0.000000	0.000000
5.424000E-6	0.703773	2.784919E-8	8.424000E-6	0.346838	2.885112E-8	0.000000	0.000000	0.000000	0.000000	0.000000	0.000000
5.424000E-6	0.704663	2.803667E-8	8.424000E-6	0.348967	2.867935E-8	0.000000	0.000000	0.000000	0.000000	0.000000	0.000000
5.424000E-6	0.699890	2.829128E-8	8.424000E-6	0.347270	2.883633E-8	0.000000	0.000000	0.000000	0.000000	0.000000	0.000000
5.424000E-6	0.694173	2.848412E-8	8.424000E-6	0.348913	2.922287E-8	0.000000	0.000000	0.000000	0.000000	0.000000	0.000000
5.424000E-6	0.693616	2.829992E-8	8.424000E-6	0.350902	2.936877E-8	0.000000	0.000000	0.000000	0.000000	0.000000	0.000000
5.424000E-6	0.701511	2.816818E-8	8.424000E-6	0.346907	2.929168E-8	0.000000	0.000000	0.000000	0.000000	0.000000	0.000000
5.424000E-6	0.700733	2.774402E-8	8.424000E-6	0.351414	2.902990E-8	0.000000	0.000000	0.000000	0.000000	0.000000	0.000000
5.420000E-6	0.567133	3.097987E-8	8.424000E-6	0.351318	2.891846E-8	0.000000	0.000000	0.000000	0.000000	0.000000	0.000000
5.424000E-6	0.697929	2.788335E-8	8.424000E-6	0.331305	2.944131E-8	0.000000	0.000000	0.000000	0.000000	0.000000	0.000000
5.424000E-6	0.700910	2.830047E-8	8.424000E-6	0.350637	2.899507E-8	0.000000	0.000000	0.000000	0.000000	0.000000	0.000000
5.424000E-6	0.695601	2.845485E-8	8.424000E-6	0.350467	2.929424E-8	0.000000	0.000000	0.000000	0.000000	0.000000	0.000000
5.424000E-6	0.692953	2.837284E-8	8.424000E-6	0.348181	2.910218E-8	0.000000	0.000000	0.000000	0.000000	0.000000	0.000000
5.424000E-6	0.703584	2.814430E-8	8.424000E-6	0.349022	2.921684E-8	0.000000	0.000000	0.000000	0.000000	0.000000	0.000000
5.424000E-6	0.703757	2.796407E-8	8.424000E-6	0.349279	2.910745E-8	0.000000	0.000000	0.000000	0.000000	0.000000	0.000000
5.420000E-6	0.671331	2.847902E-8	8.424000E-6	0.348228	2.897047E-8	0.000000	0.000000	0.000000	0.000000	0.000000	0.000000
5.424000E-6	0.701507	2.788889E-8	8.424000E-6	0.333132	2.963999E-8	0.000000	0.000000	0.000000	0.000000	0.000000	0.000000
5.424000E-6	0.700132	2.793498E-8	8.424000E-6	0.352210	2.898822E-8	0.000000	0.000000	0.000000	0.000000	0.000000	0.000000
5.424000E-6	0.693377	2.832210E-8	8.424000E-6	0.347265	2.892472E-8	0.000000	0.000000	0.000000	0.000000	0.000000	0.000000
5.424000E-6	0.695879	2.848133E-8	8.424000E-6	0.348231	2.909411E-8	0.000000	0.000000	0.000000	0.000000	0.000000	0.000000
5.424000E-6	0.697459	2.813154E-8	8.424000E-6	0.345729	2.924241E-8	0.000000	0.000000	0.000000	0.000000	0.000000	0.000000
5.424000E-6	0.706590	2.798649E-8	8.424000E-6	0.348239	2.941022E-8	0.000000	0.000000	0.000000	0.000000	0.000000	0.000000
5.420000E-6	0.674368	2.850370E-8	8.424000E-6	0.349129	2.895125E-8	0.000000	0.000000	0.000000	0.000000	0.000000	0.000000
5.424000E-6	0.706329	2.796477E-8	8.424000E-6	0.337771	2.973499E-8	0.000000	0.000000	0.000000	0.000000	0.000000	0.000000
5.424000E-6	0.702575	2.815969E-8	8.424000E-6	0.348603	2.886189E-8	0.000000	0.000000	0.000000	0.000000	0.000000	0.000000
5.424000E-6	0.698203	2.833853E-8	8.424000E-6	0.347670	2.906552E-8	0.000000	0.000000	0.000000	0.000000	0.000000	0.000000
5.424000E-6	0.695483	2.846227E-8	8.424000E-6	0.345459	2.917134E-8	0.000000	0.000000	0.000000	0.000000	0.000000	0.000000
5.424000E-6	0.695694	2.809403E-8	8.424000E-6	0.348286	2.925339E-8	0.000000	0.000000	0.000000	0.000000	0.000000	0.000000
5.424000E-6	0.700020	2.778844E-8	8.424000E-6	0.344830	2.914393E-8	0.000000	0.000000	0.000000	0.000000	0.000000	0.000000
5.420000E-6	0.705449	2.792552E-8	8.424000E-6	0.350282	2.895588E-8	0.000000	0.000000	0.000000	0.000000	0.000000	0.000000
5.424000E-6	0.700923	2.777989E-8	8.424000E-6	0.331779	2.963715E-8	0.000000	0.000000	0.000000	0.000000	0.000000	0.000000
5.424000E-6	0.700760	2.800814E-8	8.424000E-6	0.350132	2.892624E-8	0.000000	0.000000	0.000000	0.000000	0.000000	0.000000
5.424000E-6	0.693516	2.818434E-8	8.424000E-6	0.347943	2.881809E-8	0.000000	0.000000	0.000000	0.000000	0.000000	0.000000
5.424000E-6	0.692061	2.838034E-8	8.424000E-6	0.346187	2.915818E-8	0.000000	0.000000	0.000000	0.000000	0.000000	0.000000
5.424000E-6	0.696876	2.813430E-8	8.424000E-6	0.347102	2.919420E-8	0.000000	0.000000	0.000000	0.000000	0.000000	0.000000
5.424000E-6	0.700524	2.787743E-8	8.424000E-6	0.350826	2.917364E-8	0.000000	0.000000	0.000000	0.000000	0.000000	0.000000
5.420000E-6	0.570681	3.105874E-8	8.424000E-6	0.346859	2.901829E-8	0.000000	0.000000	0.000000	0.000000	0.000000	0.000000
5.424000E-6	0.700171	2.773133E-8	8.424000E-6	0.334155	2.934930E-8	0.000000	0.000000	0.000000	0.000000	0.000000	0.000000
5.424000E-6	0.700075	2.817563E-8	8.424000E-6	0.348559	2.875569E-8	0.000000	0.000000	0.000000	0.000000	0.000000	0.000000
5.424000E-6	0.688074	2.829225E-8	8.424000E-6	0.350925	2.924286E-8	0.000000	0.000000	0.000000	0.000000	0.000000	0.000000
5.424000E-6	0.696212	2.840483E-8	8.424000E-6	0.347577	2.962396E-8	0.000000	0.000000	0.000000	0.000000	0.000000	0.000000
5.424000E-6	0.703063	2.825878E-8	8.424000E-6	0.351631	2.935630E-8	0.000000	0.000000	0.000000	0.000000	0.000000	0.000000
5.424000E-6	0.698889	2.776084E-8	8.424000E-6	0.349669	2.917508E-8	0.000000	0.000000	0.000000	0.000000	0.000000	0.000000
5.420000E-6	0.570964	3.105939E-8	8.424000E-6	0.351097	2.907149E-8	0.000000	0.000000	0.000000	0.000000	0.000000	0.000000
5.424000E-6	0.704639	2.802850E-8	8.424000E-6	0.336271	2.970359E-8	0.000000	0.000000	0.000000	0.000000	0.000000	0.000000
5.424000E-6	0.698516	2.826104E-8	8.424000E-6	0.346570	2.894488E-8	0.000000	0.000000	0.000000	0.000000	0.000000	0.000000
5.424000E-6	0.695258	2.851652E-8	8.424000E-6	0.350393	2.927695E-8	0.000000	0.000000	0.000000	0.000000	0.000000	0.000000
5.424000E-6	0.694058	2.839512E-8	8.424000E-6	0.344987	2.935556E-8	0.000000	0.000000	0.000000	0.000000	0.000000	0.000000
5.424000E-6	0.696977	2.798089E-8	8.424000E-6	0.347870	2.934879E-8	0.000000	0.000000	0.000000	0.000000	0.000000	0.000000
5.420000E-6	0.705117	2.795423E-8	8.424000E-6	0.349283	2.908699E-8	0.000000	0.000000	0.000000	0.000000	0.000000	0.000000
5.420000E-6	0.697283	2.781507E-8	8.420000E-6	0.351008	2.902353E-8	0.000000	0.000000	0.000000	0.000000	0.000000	0.000000
5.424000E-6	0.697059	2.784395E-8	8.424000E-6	0.335327	2.960617E-8	0.000000	0.000000	0.000000	0.000000	0.000000	0.000000
5.424000E-6	0.697970	2.806446E-8	8.424000E-6	0.348728	2.873103E-8	0.000000	0.000000	0.000000	0.000000	0.000000	0.000000
5.424000E-6	0.694677	2.858248E-8	8.424000E-6	0.347762	2.903645E-8	0.000000	0.000000	0.000000	0.000000	0.000000	0.000000
5.424000E-6	0.694052	2.813549E-8	8.424000E-6	0.346351	2.931389E-8	0.000000	0.000000	0.000000	0.000000	0.000000	0.000000
5.424000E-6	0.702851	2.815121E-8	8.424000E-6	0.345725	2.932445E-8	0.000000	0.000000	0.000000	0.000000	0.000000	0.000000
5.420000E-6	0.705513	2.789302E-8	8.424000E-6	0.351378	2.907985E-8	0.000000	0.000000	0.000000	0.000000	0.000000	0.000000
5.420000E-6	0.568545	3.117900E-8	8.420000E-6	0.351535	2.863859E-8	0.000000	0.000000	0.000000	0.000000	0.000000	0.000000
5.424000E-6	0.697266	2.789951E-8	8.424000E-6	0.337258	2.961597E-8	0.000000	0.000000	0.000000	0.000000	0.000000	0.000000
5.424000E-6	0.696827	2.826360E-8	8.424000E-6	0.348296	2.891402E-8	0.000000	0.000000	0.000000	0.000000	0.000000	0.000000
5.424000E-6	0.689853	2.843013E-8	8.424000E-6	0.346537	2.890759E-8	0.000000	0.000000	0.000000	0.000000	0.000000	0.000000
5.424000E-6	0.696952	2.831992E-8	8.424000E-6	0.349711	2.904185E-8	0.000000	0.000000	0.000000	0.000000	0.000000	0.000000
5.424000E-6	0.702375	2.812404E-8	8.424000E-6	0.346897	2.910568E-8	0.000000	0.000000	0.000000	0.000000	0.000000	0.000000
5.424000E-6	0.703009	2.797170E-8	8.424000E-6	0.349990	2.914647E-8	0.000000	0.000000	0.000000	0.000000	0.000000	0.000000
5.420000E-6	0.699081	2.778994E-8	8.420000E-6	0.347224	2.866659E-8	0.000000	0.000000	0.000000	0.000000	0.000000	0.000000
5.424000E-6	0.698559	2.792430E-8	8.424000E-6	0.336057	2.931729E-8	0.000000	0.000000	0.000000	0.000000	0.000000	0.000000
5.424000E-6	0.701479	2.820419E-8	8.424000E-6	0.346874	2.893341E-8	0.000000	0.000000	0.000000	0.000000	0.000000	0.000000
5.424000E-6	0.694923	2.851527E-8	8.424000E-6	0.348110	2.918340E-8	0.000000	0.000000	0.000000	0.000000	0.000000	0.000000
5.424000E-6	0.689975	2.827697E-8	8.424000E-6	0.347473	2.954814E-8	0.000000	0.000000	0.000000	0.000000	0.000000	0.000000
5.424000E-6	0.701498	2.819760E-8	8.424000E-6	0.347903	2.914535E-8	0.000000	0.000000	0.000000	0.000000	0.000000	0.000000
5.420000E-6	0.698685	2.784917E-8	8.424000E-6	0.350117	2.923598E-8	0.000000	0.000000	0.000000	0.000000	0.000000	0.000000
5.420000E-6	0.700076	2.772806E-8	8.420000E-6	0.350033	2.883596E-8	0.000000	0.000000	0.000000	0.000000	0.000000	0.000000
5.424000E-6	0.701740	2.793000E-8	8.424000E-6	0.335294	2.938940E-8	0.000000	0.000000	0.000000	0.000000	0.000000	0.000000
5.424000E-6	0.694857	2.814174E-8	8.424000E-6	0.348604	2.873218E-8	0.000000	0.000000	0.000000	0.000000	0.000000	0.000000
5.424000E-6	0.689633	2.836037E-8	8.424000E-6	0.349938	2.923487E-8	0.000000	0.000000	0.000000	0.000000	0.000000	0.000000
5.424000E-6	0.698042	2.831637E-8	8.424000E-6	0.347112	2.944222E-8	0.000000	0.000000	0.000000	0.000000	0.000000	0.000000
5.424000E-6	0.696298	2.800686E-8	8.424000E-6	0.350421	2.940664E-8	0.000000	0.000000	0.000000	0.000000	0.000000	0.000000
5.424000E-6	0.696586	2.776992E-8	8.424000E-6	0.347804	2.896127E-8	0.000000	0.000000	0.000000	0.000000	0.000000	0.000000
5.420000E-6	0.705428	2.784001E-8	8.420000E-6	0.350640	2.883673E-8	0.000000	0.000000	0.000000	0.000000	0.000000	0.000000
5.424000E-6	0.702529	2.800767E-8	8.424000E-6	0.334529	2.941903E-8	0.000000	0.000000	0.000000	0.000000	0.000000	0.000000
5.424000E-6	0.695923	2.817016E-8	8.424000E-6	0.347817	2.887463E-8	0.000000	0.000000	0.000000	0.000000	0.000000	0.000000
5.424000E-6	0.692974	2.851861E-8	8.424000E-6	0.348744	2.913821E-8	0.000000	0.000000	0.000000	0.000000	0.000000	0.000000
5.424000E-6	0.691574	2.816021E-8	8.424000E-6	0.348703	2.948446E-8	0.000000	0.000000	0.000000	0.000000	0.000000	0.000000
5.424000E-6	0.699876	2.801191E-8	8.424000E-6	0.345870	2.922373E-8	0.000000	0.000000	0.000000	0.000000	0.000000	0.000000
5.420000E-6	0.700121	2.788192E-8	8.424000E-6	0.347927	2.910548E-8	0.000000	0.000000	0.000000	0.000000	0.000000	0.000000
5.420000E-6	0.698982	2.773933E-8	8.420000E-6	0.349735	2.907661E-8	0.000000	0.000000	0.000000	0.000000	0.000000	0.000000
5.424000E-6	0.697402	2.787895E-8	8.424000E-6	0.348674	2.869717E-8	0.000000	0.000000	0.000000	0.000000	0.000000	0.000000
5.424000E-6	0.700820	2.828115E-8	8.424000E-6	0.348405	2.907859E-8	0.000000	0.000000	0.000000	0.000000	0.000000	0.000000
5.424000E-6	0.695241	2.853225E-8	8.424000E-6	0.348028	2.909071E-8	0.000000	0.000000	0.000000	0.000000	0.000000	0.000000
5.424000E-6	0.694832	2.820671E-8	8.424000E-6	0.346465	2.951954E-8	0.000000	0.000000	0.000000	0.000000	0.000000	0.000000
5.424000E-6	0.696277	2.805167E-8	8.424000E-6	0.348251	2.913478E-8	0.000000	0.000000	0.000000	0.000000	0.000000	0.000000
5.420000E-6	0.700884	2.779384E-8	8.424000E-6	0.350528	2.891186E-8	0.000000	0.000000	0.000000	0.000000	0.000000	0.000000
5.420000E-6	0.706659	2.796096E-8	8.420000E-6	0.348671	2.893277E-8	0.000000	0.000000	0.000000	0.000000	0.000000	0.000000
5.424000E-6	0.697886	2.799207E-8	8.424000E-6	0.336855	2.952820E-8	0.000000	0.000000	0.000000	0.000000	0.000000	0.000000
5.424000E-6	0.700183	2.827519E-8	8.424000E-6	0.348412	2.889672E-8	0.000000	0.000000	0.000000	0.000000	0.000000	0.000000
5.424000E-6	0.692297	2.848613E-8	8.424000E-6	0.349482	2.909526E-8	0.000000	0.000000	0.000000	0.000000	0.000000	0.000000
5.424000E-6	0.699878	2.846235E-8	8.424000E-6	0.347434	2.933488E-8	0.000000	0.000000	0.000000	0.000000	0.000000	0.000000
5.424000E-6	0.701698	2.809970E-8	8.424000E-6	0.346749	2.918502E-8	0.000000	0.000000	0.000000	0.000000	0.000000	0.000000
5.420000E-6	0.706621	2.787806E-8	8.424000E-6	0.347973	2.893736E-8	0.000000	0.000000	0.000000	0.000000	0.000000	0.000000
5.424000E-6	0.699108	2.772568E-8	8.424000E-6	0.348664	2.889122E-8	0.000000	0.000000	0.000000	0.000000	0.000000	0.000000
5.424000E-6	0.700116	2.797962E-8	8.424000E-6	0.350102	2.911279E-8	0.000000	0.000000	0.000000	0.000000	0.000000	0.000000
5.424000E-6	0.695212	2.832645E-8	8.424000E-6	0.349130	2.891626E-8	0.000000	0.000000	0.000000	0.000000	0.000000	0.000000
5.424000E-6	0.692628	2.840209E-8	8.424000E-6	0.349120	2.936660E-8	0.000000	0.000000	0.000000	0.000000	0.000000	0.000000
5.424000E-6	0.696512	2.804998E-8	8.424000E-6	0.347274	2.917631E-8	0.000000	0.000000	0.000000	0.000000	0.000000	0.000000
5.424000E-6	0.702294	2.801801E-8	8.424000E-6	0.347426	2.909161E-8	0.000000	0.000000	0.000000	0.000000	0.000000	0.000000
5.420000E-6	0.567765	3.110933E-8	8.424000E-6	0.351709	2.884104E-8	0.000000	0.000000	0.000000	0.000000	0.000000	0.000000
5.424000E-6	0.699976	2.788001E-8	8.424000E-6	0.335144	2.961035E-8	0.000000	0.000000	0.000000	0.000000	0.000000	0.000000
5.424000E-6	0.700853	2.820757E-8	8.424000E-6	0.350091	2.916420E-8	0.000000	0.000000	0.000000	0.000000	0.000000	0.000000
5.424000E-6	0.687254	2.836887E-8	8.424000E-6	0.346636	2.914897E-8	0.000000	0.000000	0.000000	0.000000	0.000000	0.000000
5.424000E-6	0.696741	2.815584E-8	8.424000E-6	0.347333	2.920511E-8	0.000000	0.000000	0.000000	0.000000	0.000000	0.000000
5.424000E-6	0.697343	2.797464E-8	8.424000E-6	0.347491	2.912360E-8	0.000000	0.000000	0.000000	0.000000	0.000000	0.000000
5.420000E-6	0.707508	2.783956E-8	8.424000E-6	0.349936	2.896192E-8	0.000000	0.000000	0.000000	0.000000	0.000000	0.000000
5.424000E-6	0.703210	2.783015E-8	8.424000E-6	0.335720	2.960871E-8	0.000000	0.000000	0.000000	0.000000	0.000000	0.000000
5.424000E-6	0.696379	2.805741E-8	8.424000E-6	0.349505	2.892560E-8	0.000000	0.000000	0.000000	0.000000	0.000000	0.000000
5.424000E-6	0.695408	2.841606E-8	8.424000E-6	0.347818	2.895537E-8	0.000000	0.000000	0.000000	0.000000	0.000000	0.000000
5.424000E-6	0.697872	2.840406E-8	8.424000E-6	0.345922	2.922608E-8	0.000000	0.000000	0.000000	0.000000	0.000000	0.000000
5.424000E-6	0.698013	2.810036E-8	8.424000E-6	0.349627	2.924042E-8	0.000000	0.000000	0.000000	0.000000	0.000000	0.000000
5.424000E-6	0.699121	2.775403E-8	8.424000E-6	0.348583	2.903583E-8	0.000000	0.000000	0.000000	0.000000	0.000000	0.000000
5.420000E-6	0.701939	2.772486E-8	8.420000E-6	0.354290	2.898885E-8	0.000000	0.000000	0.000000	0.000000	0.000000	0.000000
5.424000E-6	0.698978	2.791569E-8	8.424000E-6	0.336759	2.968044E-8	0.000000	0.000000	0.000000	0.000000	0.000000	0.000000
5.424000E-6	0.698781	2.827678E-8	8.424000E-6	0.346324	2.884367E-8	0.000000	0.000000	0.000000	0.000000	0.000000	0.000000
5.424000E-6	0.689892	2.845346E-8	8.424000E-6	0.347884	2.924352E-8	0.000000	0.000000	0.000000	0.000000	0.000000	0.000000
5.424000E-6	0.695480	2.821827E-8	8.424000E-6	0.343695	2.919930E-8	0.000000	0.000000	0.000000	0.000000	0.000000	0.000000
5.424000E-6	0.704687	2.809892E-8	8.424000E-6	0.349194	2.908848E-8	0.000000	0.000000	0.000000	0.000000	0.000000	0.000000
5.420000E-6	0.700440	2.774087E-8	8.424000E-6	0.346995	2.883043E-8	0.000000	0.000000	0.000000	0.000000	0.000000	0.000000
5.424000E-6	0.708419	2.796441E-8	8.424000E-6	0.336511	2.945009E-8	0.000000	0.000000	0.000000	0.000000	0.000000	0.000000
5.424000E-6	0.697506	2.810004E-8	8.424000E-6	0.350330	2.877856E-8	0.000000	0.000000	0.000000	0.000000	0.000000	0.000000
5.424000E-6	0.697647	2.843924E-8	8.424000E-6	0.348525	2.889042E-8	0.000000	0.000000	0.000000	0.000000	0.000000	0.000000
5.424000E-6	0.695821	2.839605E-8	8.424000E-6	0.346403	2.916686E-8	0.000000	0.000000	0.000000	0.000000	0.000000	0.000000
5.424000E-6	0.703770	2.814045E-8	8.424000E-6	0.348078	2.933203E-8	0.000000	0.000000	0.000000	0.000000	0.000000	0.000000
5.420000E-6	0.705106	2.804408E-8	8.424000E-6	0.347802	2.910409E-8	0.000000	0.000000	0.000000	0.000000	0.000000	0.000000
5.420000E-6	0.705668	2.786006E-8	8.420000E-6	0.348122	2.894410E-8	0.000000	0.000000	0.000000	0.000000	0.000000	0.000000
5.424000E-6	0.698568	2.794867E-8	8.424000E-6	0.334253	2.944805E-8	0.000000	0.000000	0.000000	0.000000	0.000000	0.000000
5.424000E-6	0.695987	2.827707E-8	8.424000E-6	0.351148	2.894784E-8	0.000000	0.000000	0.000000	0.000000	0.000000	0.000000
5.424000E-6	0.691826	2.857514E-8	8.424000E-6	0.347184	2.913939E-8	0.000000	0.000000	0.000000	0.000000	0.000000	0.000000
5.424000E-6	0.696618	2.818264E-8	8.424000E-6	0.350430	2.935673E-8	0.000000	0.000000	0.000000	0.000000	0.000000	0.000000
5.424000E-6	0.700990	2.793451E-8	8.424000E-6	0.346316	2.919847E-8	0.000000	0.000000	0.000000	0.000000	0.000000	0.000000
5.420000E-6	0.695549	2.773403E-8	8.424000E-6	0.349001	2.891930E-8	0.000000	0.000000	0.000000	0.000000	0.000000	0.000000
5.424000E-6	0.699114	2.789662E-8	8.424000E-6	0.335645	2.941625E-8	0.000000	0.000000	0.000000	0.000000	0.000000	0.000000
5.424000E-6	0.696633	2.792834E-8	8.424000E-6	0.350943	2.913484E-8	0.000000	0.000000	0.000000	0.000000	0.000000	0.000000
5.424000E-6	0.696578	2.826257E-8	8.424000E-6	0.349463	2.899367E-8	0.000000	0.000000	0.000000	0.000000	0.000000	0.000000
5.424000E-6	0.690774	2.838541E-8	8.424000E-6	0.348267	2.934229E-8	0.000000	0.000000	0.000000	0.000000	0.000000	0.000000
5.424000E-6	0.698027	2.816129E-8	8.424000E-6	0.347294	2.917576E-8	0.000000	0.000000	0.000000	0.000000	0.000000	0.000000
5.424000E-6	0.703207	2.802337E-8	8.424000E-6	0.348254	2.915644E-8	0.000000	0.000000	0.000000	0.000000	0.000000	0.000000
5.420000E-6	0.573709	3.114554E-8	8.424000E-6	0.352341	2.890715E-8	0.000000	0.000000	0.000000	0.000000	0.000000	0.000000
5.424000E-6	0.702479	2.793425E-8	8.424000E-6	0.348675	2.915855E-8	0.000000	0.000000	0.000000	0.000000	0.000000	0.000000
5.424000E-6	0.693843	2.819038E-8	8.424000E-6	0.346853	2.894538E-8	0.000000	0.000000	0.000000	0.000000	0.000000	0.000000
5.424000E-6	0.694706	2.850237E-8	8.424000E-6	0.351795	2.938938E-8	0.000000	0.000000	0.000000	0.000000	0.000000	0.000000
5.424000E-6	0.693896	2.824401E-8	8.424000E-6	0.348543	2.925815E-8	0.000000	0.000000	0.000000	0.000000	0.000000	0.000000
5.424000E-6	0.697138	2.796747E-8	8.424000E-6	0.349883	2.928912E-8	0.000000	0.000000	0.000000	0.000000	0.000000	0.000000
5.420000E-6	0.702529	2.786840E-8	8.424000E-6	0.350688	2.898262E-8	0.000000	0.000000	0.000000	0.000000	0.000000	0.000000
5.420000E-6	0.700036	2.784242E-8	8.420000E-6	0.351097	2.885392E-8	0.000000	0.000000	0.000000	0.000000	0.000000	0.000000
5.424000E-6	0.699853	2.797024E-8	8.424000E-6	0.351272	2.884156E-8	0.000000	0.000000	0.000000	0.000000	0.000000	0.000000
5.424000E-6	0.699150	2.832430E-8	8.424000E-6	0.349444	2.886905E-8	0.000000	0.000000	0.000000	0.000000	0.000000	0.000000
5.424000E-6	0.695922	2.855850E-8	8.424000E-6	0.349020	2.932117E-8	0.000000	0.000000	0.000000	0.000000	0.000000	0.000000
5.424000E-6	0.697484	2.814018E-8	8.424000E-6	0.343302	2.915645E-8	0.000000	0.000000	0.000000	0.000000	0.000000	0.000000
5.424000E-6	0.704375	2.796523E-8	8.424000E-6	0.349067	2.892754E-8	0.000000	0.000000	0.000000	0.000000	0.000000	0.000000
5.420000E-6	0.673483	2.845055E-8	8.424000E-6	0.348830	2.877861E-8	0.000000	0.000000	0.000000	0.000000	0.000000	0.000000
5.424000E-6	0.702570	2.778627E-8	8.424000E-6	0.334517	2.951756E-8	0.000000	0.000000	0.000000	0.000000	0.000000	0.000000
5.424000E-6	0.699732	2.806516E-8	8.424000E-6	0.349660	2.874290E-8	0.000000	0.000000	0.000000	0.000000	0.000000	0.000000
5.424000E-6	0.689554	2.824171E-8	8.424000E-6	0.349530	2.921621E-8	0.000000	0.000000	0.000000	0.000000	0.000000	0.000000
5.424000E-6	0.698141	2.834981E-8	8.424000E-6	0.347071	2.944163E-8	0.000000	0.000000	0.000000	0.000000	0.000000	0.000000
5.424000E-6	0.699851	2.807608E-8	8.424000E-6	0.347039	2.932918E-8	0.000000	0.000000	0.000000	0.000000	0.000000	0.000000
5.420000E-6	0.701172	2.773691E-8	8.424000E-6	0.347811	2.891487E-8	0.000000	0.000000	0.000000	0.000000	0.000000	0.000000
5.420000E-6	0.700507	2.793789E-8	8.420000E-6	0.333272	2.956255E-8	0.000000	0.000000	0.000000	0.000000	0.000000	0.000000
5.424000E-6	0.697647	2.803369E-8	8.424000E-6	0.347433	2.870154E-8	0.000000	0.000000	0.000000	0.000000	0.000000	0.000000
5.424000E-6	0.697507	2.824124E-8	8.424000E-6	0.349599	2.891399E-8	0.000000	0.000000	0.000000	0.000000	0.000000	0.000000
5.424000E-6	0.694510	2.849436E-8	8.424000E-6	0.346280	2.929577E-8	0.000000	0.000000	0.000000	0.000000	0.000000	0.000000
5.424000E-6	0.702400	2.839287E-8	8.424000E-6	0.344643	2.938813E-8	0.000000	0.000000	0.000000	0.000000	0.000000	0.000000
5.424000E-6	0.698462	2.782591E-8	8.424000E-6	0.351620	2.903768E-8	0.000000	0.000000	0.000000	0.000000	0.000000	0.000000
5.420000E-6	0.677015	2.863242E-8	8.424000E-6	0.350472	2.884290E-8	0.000000	0.000000	0.000000	0.000000	0.000000	0.000000
5.424000E-6	0.701011	2.780004E-8	8.424000E-6	0.335784	2.957976E-8	0.000000	0.000000	0.000000	0.000000	0.000000	0.000000
5.424000E-6	0.697720	2.815392E-8	8.424000E-6	0.350211	2.888455E-8	0.000000	0.000000	0.000000	0.000000	0.000000	0.000000
5.424000E-6	0.692713	2.830840E-8	8.424000E-6	0.346579	2.907248E-8	0.000000	0.000000	0.000000	0.000000	0.000000	0.000000
5.424000E-6	0.688584	2.829016E-8	8.424000E-6	0.346634	2.917849E-8	0.000000	0.000000	0.000000	0.000000	0.000000	0.000000
5.424000E-6	0.698650	2.807066E-8	8.424000E-6	0.349903	2.950637E-8	0.000000	0.000000	0.000000	0.000000	0.000000	0.000000
5.424000E-6	0.701757	2.771170E-8	8.424000E-6	0.347735	2.931960E-8	0.000000	0.000000	0.000000	0.000000	0.000000	0.000000
5.420000E-6	0.703561	2.782631E-8	8.420000E-6	0.348482	2.886592E-8	0.000000	0.000000	0.000000	0.000000	0.000000	0.000000
5.424000E-6	0.700096	2.794519E-8	8.424000E-6	0.335278	2.958469E-8	0.000000	0.000000	0.000000	0.000000	0.000000	0.000000
5.424000E-6	0.693813	2.818180E-8	8.424000E-6	0.350091	2.902773E-8	0.000000	0.000000	0.000000	0.000000	0.000000	0.000000
5.424000E-6	0.695643	2.851991E-8	8.424000E-6	0.348426	2.915339E-8	0.000000	0.000000	0.000000	0.000000	0.000000	0.000000
5.424000E-6	0.692456	2.825352E-8	8.424000E-6	0.346901	2.925123E-8	0.000000	0.000000	0.000000	0.000000	0.000000	0.000000
5.424000E-6	0.702194	2.802291E-8	8.424000E-6	0.346089	2.927327E-8	0.000000	0.000000	0.000000	0.000000	0.000000	0.000000
5.420000E-6	0.703697	2.789333E-8	8.424000E-6	0.349734	2.892529E-8	0.000000	0.000000	0.000000	0.000000	0.000000	0.000000
5.420000E-6	0.704769	2.789409E-8	8.420000E-6	0.348207	2.887613E-8	0.000000	0.000000	0.000000	0.000000	0.000000	0.000000
5.424000E-6	0.703630	2.799577E-8	8.424000E-6	0.347904	2.884497E-8	0.000000	0.000000	0.000000	0.000000	0.000000	0.000000
5.424000E-6	0.698984	2.828578E-8	8.424000E-6	0.349319	2.909950E-8	0.000000	0.000000	0.000000	0.000000	0.000000	0.000000
5.424000E-6	0.697027	2.843304E-8	8.424000E-6	0.347498	2.932526E-8	0.000000	0.000000	0.000000	0.000000	0.000000	0.000000
5.424000E-6	0.702875	2.829813E-8	8.424000E-6	0.345512	2.916114E-8	0.000000	0.000000	0.000000	0.000000	0.000000	0.000000
5.424000E-6	0.705758	2.804142E-8	8.424000E-6	0.348555	2.910924E-8	0.000000	0.000000	0.000000	0.000000	0.000000	0.000000
5.420000E-6	0.702396	2.776862E-8	8.424000E-6	0.350496	2.883786E-8	0.000000	0.000000	0.000000	0.000000	0.000000	0.000000
5.424000E-6	0.705747	2.799755E-8	8.424000E-6	0.334296	2.945292E-8	0.000000	0.000000	0.000000	0.000000	0.000000	0.000000
5.424000E-6	0.697048	2.790777E-8	8.424000E-6	0.347434	2.887993E-8	0.000000	0.000000	0.000000	0.000000	0.000000	0.000000
5.424000E-6	0.698003	2.843072E-8	8.424000E-6	0.348792	2.919892E-8	0.000000	0.000000	0.000000	0.000000	0.000000	0.000000
5.424000E-6	0.696199	2.845840E-8	8.424000E-6	0.348597	2.948608E-8	0.000000	0.000000	0.000000	0.000000	0.000000	0.000000
5.424000E-6	0.695579	2.810677E-8	8.424000E-6	0.349372	2.920698E-8	0.000000	0.000000	0.000000	0.000000	0.000000	0.000000
5.424000E-6	0.699509	2.790338E-8	8.424000E-6	0.348904	2.905936E-8	0.000000	0.000000	0.000000	0.000000	0.000000	0.000000
5.420000E-6	0.576109	3.122004E-8	8.424000E-6	0.348235	2.902094E-8	0.000000	0.000000	0.000000	0.000000	0.000000	0.000000
5.424000E-6	0.698630	2.771895E-8	8.424000E-6	0.337168	2.958964E-8	0.000000	0.000000	0.000000	0.000000	0.000000	0.000000
5.424000E-6	0.700239	2.804837E-8	8.424000E-6	0.349001	2.885496E-8	0.000000	0.000000	0.000000	0.000000	0.000000	0.000000
5.424000E-6	0.697586	2.846056E-8	8.424000E-6	0.348010	2.912799E-8	0.000000	0.000000	0.000000	0.000000	0.000000	0.000000
5.424000E-6	0.697173	2.844082E-8	8.424000E-6	0.345505	2.907864E-8	0.000000	0.000000	0.000000	0.000000	0.000000	0.000000
5.424000E-6	0.703326	2.822396E-8	8.424000E-6	0.350678	2.934614E-8	0.000000	0.000000	0.000000	0.000000	0.000000	0.000000
5.420000E-6	0.699344	2.783621E-8	8.424000E-6	0.348028	2.897222E-8	0.000000	0.000000	0.000000	0.000000	0.000000	0.000000
5.420000E-6	0.707476	2.785482E-8	8.420000E-6	0.348616	2.873967E-8	0.000000	0.000000	0.000000	0.000000	0.000000	0.000000
5.424000E-6	0.697563	2.783119E-8	8.424000E-6	0.336453	2.949582E-8	0.000000	0.000000	0.000000	0.000000	0.000000	0.000000
5.424000E-6	0.695158	2.827995E-8	8.424000E-6	0.350093	2.899258E-8	0.000000	0.000000	0.000000	0.000000	0.000000	0.000000
5.424000E-6	0.693299	2.863670E-8	8.424000E-6	0.346795	2.889602E-8	0.000000	0.000000	0.000000	0.000000	0.000000	0.000000
5.424000E-6	0.698942	2.831158E-8	8.424000E-6	0.343717	2.917674E-8	0.000000	0.000000	0.000000	0.000000	0.000000	0.000000
5.424000E-6	0.700320	2.806786E-8	8.424000E-6	0.348483	2.912380E-8	0.000000	0.000000	0.000000	0.000000	0.000000	0.000000
5.420000E-6	0.699634	2.768558E-8	8.424000E-6	0.347882	2.885692E-8	0.000000	0.000000	0.000000	0.000000	0.000000	0.000000
5.420000E-6	0.701065	2.780191E-8	8.420000E-6	0.349756	2.877745E-8	0.000000	0.000000	0.000000	0.000000	0.000000	0.000000
5.424000E-6	0.696222	2.789671E-8	8.424000E-6	0.348794	2.884515E-8	0.000000	0.000000	0.000000	0.000000	0.000000	0.000000
5.424000E-6	0.697262	2.848818E-8	8.424000E-6	0.349837	2.904599E-8	0.000000	0.000000	0.000000	0.000000	0.000000	0.000000
5.424000E-6	0.695631	2.846005E-8	8.424000E-6	0.344181	2.918915E-8	0.000000	0.000000	0.000000	0.000000	0.000000	0.000000
5.424000E-6	0.695495	2.816061E-8	8.424000E-6	0.347161	2.930736E-8	0.000000	0.000000	0.000000	0.000000	0.000000	0.000000
5.424000E-6	0.701536	2.796008E-8	8.424000E-6	0.347661	2.908035E-8	0.000000	0.000000	0.000000	0.000000	0.000000	0.000000
5.420000E-6	0.678600	2.857154E-8	8.424000E-6	0.349646	2.903301E-8	0.000000	0.000000	0.000000	0.000000	0.000000	0.000000
5.424000E-6	0.699941	2.770584E-8	8.424000E-6	0.335094	2.967458E-8	0.000000	0.000000	0.000000	0.000000	0.000000	0.000000
5.424000E-6	0.703292	2.829878E-8	8.424000E-6	0.349088	2.880481E-8	0.000000	0.000000	0.000000	0.000000	0.000000	0.000000
5.424000E-6	0.689755	2.834463E-8	8.424000E-6	0.347223	2.929912E-8	0.000000	0.000000	0.000000	0.000000	0.000000	0.000000
5.424000E-6	0.697830	2.844276E-8	8.424000E-6	0.344795	2.908966E-8	0.000000	0.000000	0.000000	0.000000	0.000000	0.000000
5.424000E-6	0.702717	2.815520E-8	8.424000E-6	0.347863	2.935456E-8	0.000000	0.000000	0.000000	0.000000	0.000000	0.000000
5.424000E-6	0.705093	2.794369E-8	8.424000E-6	0.350872	2.903784E-8	0.000000	0.000000	0.000000	0.000000	0.000000	0.000000
5.420000E-6	0.701744	2.778177E-8	8.420000E-6	0.351801	2.885257E-8	0.000000	0.000000	0.000000	0.000000	0.000000	0.000000
5.424000E-6	0.700142	2.781044E-8	8.424000E-6	0.332990	2.956724E-8	0.000000	0.000000	0.000000	0.000000	0.000000	0.000000
5.424000E-6	0.696375	2.804405E-8	8.424000E-6	0.348119	2.885242E-8	0.000000	0.000000	0.000000	0.000000	0.000000	0.000000
5.424000E-6	0.692737	2.849377E-8	8.424000E-6	0.344948	2.909545E-8	0.000000	0.000000	0.000000	0.000000	0.000000	0.000000
5.424000E-6	0.699709	2.840623E-8	8.424000E-6	0.345600	2.928559E-8	0.000000	0.000000	0.000000	0.000000	0.000000	0.000000
5.424000E-6	0.701688	2.802876E-8	8.424000E-6	0.348698	2.934049E-8	0.000000	0.000000	0.000000	0.000000	0.000000	0.000000
5.420000E-6	0.697584	2.777856E-8	8.424000E-6	0.351695	2.898909E-8	0.000000	0.000000	0.000000	0.000000	0.000000	0.000000
5.420000E-6	0.700809	2.775315E-8	8.420000E-6	0.351740	2.882029E-8	0.000000	0.000000	0.000000	0.000000	0.000000	0.000000
5.424000E-6	0.695760	2.792853E-8	8.424000E-6	0.350423	2.868256E-8	0.000000	0.000000	0.000000	0.000000	0.000000	0.000000
5.424000E-6	0.695660	2.826979E-8	8.424000E-6	0.347716	2.903585E-8	0.000000	0.000000	0.000000	0.000000	0.000000	0.000000
5.424000E-6	0.691975	2.848588E-8	8.424000E-6	0.348169	2.884189E-8	0.000000	0.000000	0.000000	0.000000	0.000000	0.000000
5.424000E-6	0.697758	2.827687E-8	8.424000E-6	0.344603	2.913376E-8	0.000000	0.000000	0.000000	0.000000	0.000000	0.000000
5.424000E-6	0.704235	2.803762E-8	8.424000E-6	0.350261	2.923855E-8	0.000000	0.000000	0.000000	0.000000	0.000000	0.000000
5.420000E-6	0.673196	2.853484E-8	8.424000E-6	0.346970	2.893529E-8	0.000000	0.000000	0.000000	0.000000	0.000000	0.000000
5.424000E-6	0.699840	2.776885E-8	8.424000E-6	0.348190	2.894182E-8	0.000000	0.000000	0.000000	0.000000	0.000000	0.000000
5.424000E-6	0.700090	2.813021E-8	8.424000E-6	0.351401	2.881795E-8	0.000000	0.000000	0.000000	0.000000	0.000000	0.000000
5.424000E-6	0.695298	2.843130E-8	8.424000E-6	0.349750	2.899783E-8	0.000000	0.000000	0.000000	0.000000	0.000000	0.000000
5.424000E-6	0.699812	2.839123E-8	8.424000E-6	0.344874	2.929496E-8	0.000000	0.000000	0.000000	0.000000	0.000000	0.000000
5.424000E-6	0.695857	2.819743E-8	8.424000E-6	0.348640	2.941296E-8	0.000000	0.000000	0.000000	0.000000	0.000000	0.000000
5.424000E-6	0.698353	2.784823E-8	8.424000E-6	0.347297	2.904289E-8	0.000000	0.000000	0.000000	0.000000	0.000000	0.000000
5.420000E-6	0.568171	3.102645E-8	8.424000E-6	0.351781	2.877102E-8	0.000000	0.000000	0.000000	0.000000	0.000000	0.000000
5.424000E-6	0.699959	2.785044E-8	8.424000E-6	0.337030	2.950878E-8	0.000000	0.000000	0.000000	0.000000	0.000000	0.000000
5.424000E-6	0.701877	2.820163E-8	8.424000E-6	0.348463	2.880571E-8	0.000000	0.000000	0.000000	0.000000	0.000000	0.000000
5.424000E-6	0.692536	2.843780E-8	8.424000E-6	0.348948	2.904184E-8	0.000000	0.000000	0.000000	0.000000	0.000000	0.000000
5.424000E-6	0.696740	2.840887E-8	8.424000E-6	0.345842	2.907496E-8	0.000000	0.000000	0.000000	0.000000	0.000000	0.000000
5.424000E-6	0.701394	2.818209E-8	8.424000E-6	0.350758	2.924516E-8	0.000000	0.000000	0.000000	0.000000	0.000000	0.000000
5.420000E-6	0.705355	2.779622E-8	8.424000E-6	0.349668	2.896618E-8	0.000000	0.000000	0.000000	0.000000	0.000000	0.000000
5.420000E-6	0.703905	2.791096E-8	8.420000E-6	0.350336	2.879332E-8	0.000000	0.000000	0.000000	0.000000	0.000000	0.000000
5.424000E-6	0.700608	2.785484E-8	8.424000E-6	0.335262	2.952707E-8	0.000000	0.000000	0.000000	0.000000	0.000000	0.000000
5.424000E-6	0.698351	2.829327E-8	8.424000E-6	0.348562	2.873274E-8	0.000000	0.000000	0.000000	0.000000	0.000000	0.000000
5.424000E-6	0.687851	2.845587E-8	8.424000E-6	0.346745	2.923784E-8	0.000000	0.000000	0.000000	0.000000	0.000000	0.000000
5.424000E-6	0.698808	2.812156E-8	8.424000E-6	0.347924	2.937425E-8	0.000000	0.000000	0.000000	0.000000	0.000000	0.000000
5.424000E-6	0.697694	2.794136E-8	8.424000E-6	0.350252	2.915052E-8	0.000000	0.000000	0.000000	0.000000	0.000000	0.000000
5.420000E-6	0.697020	2.773303E-8	8.424000E-6	0.351263	2.906945E-8	0.000000	0.000000	0.000000	0.000000	0.000000	0.000000
5.420000E-6	0.702392	2.777525E-8	8.420000E-6	0.349596	2.879463E-8	0.000000	0.000000	0.000000	0.000000	0.000000	0.000000
5.424000E-6	0.696264	2.795015E-8	8.424000E-6	0.348613	2.866464E-8	0.000000	0.000000	0.000000	0.000000	0.000000	0.000000
5.424000E-6	0.700199	2.832830E-8	8.424000E-6	0.348619	2.893967E-8	0.000000	0.000000	0.000000	0.000000	0.000000	0.000000
5.424000E-6	0.695437	2.852101E-8	8.424000E-6	0.346355	2.898032E-8	0.000000	0.000000	0.000000	0.000000	0.000000	0.000000
5.424000E-6	0.692632	2.832536E-8	8.424000E-6	0.348401	2.930112E-8	0.000000	0.000000	0.000000	0.000000	0.000000	0.000000
5.424000E-6	0.700713	2.801940E-8	8.424000E-6	0.348383	2.933112E-8	0.000000	0.000000	0.000000	0.000000	0.000000	0.000000
5.420000E-6	0.699980	2.781640E-8	8.424000E-6	0.351499	2.906927E-8	0.000000	0.000000	0.000000	0.000000	0.000000	0.000000
5.420000E-6	0.698276	2.778248E-8	8.420000E-6	0.350837	2.864903E-8	0.000000	0.000000	0.000000	0.000000	0.000000	0.000000
5.424000E-6	0.699526	2.803988E-8	8.424000E-6	0.351099	2.864910E-8	0.000000	0.000000	0.000000	0.000000	0.000000	0.000000
5.424000E-6	0.698944	2.825140E-8	8.424000E-6	0.348392	2.889448E-8	0.000000	0.000000	0.000000	0.000000	0.000000	0.000000
5.424000E-6	0.689749	2.829464E-8	8.424000E-6	0.350275	2.905053E-8	0.000000	0.000000	0.000000	0.000000	0.000000	0.000000
5.424000E-6	0.692684	2.825700E-8	8.424000E-6	0.350160	2.917846E-8	0.000000	0.000000	0.000000	0.000000	0.000000	0.000000
5.424000E-6	0.700967	2.798234E-8	8.424000E-6	0.349724	2.935987E-8	0.000000	0.000000	0.000000	0.000000	0.000000	0.000000
5.420000E-6	0.699611	2.788808E-8	8.424000E-6	0.351727	2.902123E-8	0.000000	0.000000	0.000000	0.000000	0.000000	0.000000
5.420000E-6	0.698347	2.777809E-8	8.420000E-6	0.351316	2.899473E-8	0.000000	0.000000	0.000000	0.000000	0.000000	0.000000
5.424000E-6	0.698200	2.782344E-8	8.424000E-6	0.334546	2.955069E-8	0.000000	0.000000	0.000000	0.000000	0.000000	0.000000
5.424000E-6	0.695871	2.809304E-8	8.424000E-6	0.346831	2.914602E-8	0.000000	0.000000	0.000000	0.000000	0.000000	0.000000
5.424000E-6	0.693615	2.823920E-8	8.424000E-6	0.347792	2.904286E-8	0.000000	0.000000	0.000000	0.000000	0.000000	0.000000
5.424000E-6	0.697410	2.846122E-8	8.424000E-6	0.347518	2.904026E-8	0.000000	0.000000	0.000000	0.000000	0.000000	0.000000
5.424000E-6	0.696881	2.812715E-8	8.424000E-6	0.345334	2.926262E-8	0.000000	0.000000	0.000000	0.000000	0.000000	0.000000
5.424000E-6	0.699614	2.788664E-8	8.424000E-6	0.349346	2.911279E-8	0.000000	0.000000	0.000000	0.000000	0.000000	0.000000
5.420000E-6	0.571426	3.119824E-8	8.424000E-6	0.348418	2.909979E-8	0.000000	0.000000	0.000000	0.000000	0.000000	0.000000
5.420000E-6	0.702228	2.774139E-8	8.420000E-6	0.334587	2.956773E-8	0.000000	0.000000	0.000000	0.000000	0.000000	0.000000
5.424000E-6	0.698636	2.793175E-8	8.424000E-6	0.353493	2.903497E-8	0.000000	0.000000	0.000000	0.000000	0.000000	0.000000
5.424000E-6	0.694332	2.820814E-8	8.424000E-6	0.350397	2.893770E-8	0.000000	0.000000	0.000000	0.000000	0.000000	0.000000
5.424000E-6	0.693468	2.852976E-8	8.424000E-6	0.348342	2.910799E-8	0.000000	0.000000	0.000000	0.000000	0.000000	0.000000
5.424000E-6	0.700120	2.842255E-8	8.424000E-6	0.349016	2.943320E-8	0.000000	0.000000	0.000000	0.000000	0.000000	0.000000
5.424000E-6	0.700322	2.798461E-8	8.424000E-6	0.347513	2.914508E-8	0.000000	0.000000	0.000000	0.000000	0.000000	0.000000
5.420000E-6	0.703025	2.790053E-8	8.424000E-6	0.349669	2.896067E-8	0.000000	0.000000	0.000000	0.000000	0.000000	0.000000
5.420000E-6	0.703903	2.785931E-8	8.420000E-6	0.346904	2.877400E-8	0.000000	0.000000	0.000000	0.000000	0.000000	0.000000
5.424000E-6	0.696112	2.791616E-8	8.424000E-6	0.335635	2.968020E-8	0.000000	0.000000	0.000000	0.000000	0.000000	0.000000
5.424000E-6	0.692470	2.810780E-8	8.424000E-6	0.347881	2.899183E-8	0.000000	0.000000	0.000000	0.000000	0.000000	0.000000
5.424000E-6	0.688007	2.845336E-8	8.424000E-6	0.348185	2.933701E-8	0.000000	0.000000	0.000000	0.000000	0.000000	0.000000
5.424000E-6	0.696988	2.840318E-8	8.424000E-6	0.347837	2.921517E-8	0.000000	0.000000	0.000000	0.000000	0.000000	0.000000
5.424000E-6	0.698285	2.797720E-8	8.424000E-6	0.349204	2.931064E-8	0.000000	0.000000	0.000000	0.000000	0.000000	0.000000
5.424000E-6	0.701967	2.782258E-8	8.424000E-6	0.348094	2.906321E-8	0.000000	0.000000	0.000000	0.000000	0.000000	0.000000
5.420000E-6	0.700410	2.762941E-8	8.420000E-6	0.345928	2.901681E-8	0.000000	0.000000	0.000000	0.000000	0.000000	0.000000
5.424000E-6	0.706583	2.797814E-8	8.424000E-6	0.335395	2.952262E-8	0.000000	0.000000	0.000000	0.000000	0.000000	0.000000
5.424000E-6	0.698364	2.818650E-8	8.424000E-6	0.350392	2.876726E-8	0.000000	0.000000	0.000000	0.000000	0.000000	0.000000
5.424000E-6	0.689997	2.826033E-8	8.424000E-6	0.346847	2.888539E-8	0.000000	0.000000	0.000000	0.000000	0.000000	0.000000
5.424000E-6	0.688204	2.828612E-8	8.424000E-6	0.349510	2.945061E-8	0.000000	0.000000	0.000000	0.000000	0.000000	0.000000
5.424000E-6	0.694130	2.821333E-8	8.424000E-6	0.349101	2.904940E-8	0.000000	0.000000	0.000000	0.000000	0.000000	0.000000
5.424000E-6	0.697246	2.790412E-8	8.424000E-6	0.350077	2.904883E-8	0.000000	0.000000	0.000000	0.000000	0.000000	0.000000
5.420000E-6	0.574829	3.135308E-8	8.424000E-6	0.349148	2.907511E-8	0.000000	0.000000	0.000000	0.000000	0.000000	0.000000
5.424000E-6	0.704369	2.802691E-8	8.424000E-6	0.349890	2.874939E-8	0.000000	0.000000	0.000000	0.000000	0.000000	0.000000
5.424000E-6	0.697971	2.797850E-8	8.424000E-6	0.349296	2.870080E-8	0.000000	0.000000	0.000000	0.000000	0.000000	0.000000
5.424000E-6	0.694199	2.822162E-8	8.424000E-6	0.351097	2.888677E-8	0.000000	0.000000	0.000000	0.000000	0.000000	0.000000
5.424000E-6	0.694230	2.844317E-8	8.424000E-6	0.349838	2.932392E-8	0.000000	0.000000	0.000000	0.000000	0.000000	0.000000
5.424000E-6	0.694898	2.814739E-8	8.424000E-6	0.347914	2.923103E-8	0.000000	0.000000	0.000000	0.000000	0.000000	0.000000
5.424000E-6	0.699236	2.792347E-8	8.424000E-6	0.348475	2.903039E-8	0.000000	0.000000	0.000000	0.000000	0.000000	0.000000
5.420000E-6	0.701913	2.776283E-8	8.424000E-6	0.349441	2.926612E-8	0.000000	0.000000	0.000000	0.000000	0.000000	0.000000
5.424000E-6	0.701814	2.783745E-8	8.424000E-6	0.333791	2.946402E-8	0.000000	0.000000	0.000000	0.000000	0.000000	0.000000
5.424000E-6	0.699091	2.813834E-8	8.424000E-6	0.347515	2.864873E-8	0.000000	0.000000	0.000000	0.000000	0.000000	0.000000
5.424000E-6	0.693452	2.822781E-8	8.424000E-6	0.346678	2.881389E-8	0.000000	0.000000	0.000000	0.000000	0.000000	0.000000
5.424000E-6	0.696870	2.851179E-8	8.424000E-6	0.351970	2.901351E-8	0.000000	0.000000	0.000000	0.000000	0.000000	0.000000
5.424000E-6	0.695889	2.817147E-8	8.424000E-6	0.347336	2.927929E-8	0.000000	0.000000	0.000000	0.000000	0.000000	0.000000
5.424000E-6	0.700196	2.782032E-8	8.424000E-6	0.348581	2.917820E-8	0.000000	0.000000	0.000000	0.000000	0.000000	0.000000
5.420000E-6	0.673841	2.846555E-8	8.424000E-6	0.351584	2.927075E-8	0.000000	0.000000	0.000000	0.000000	0.000000	0.000000
5.424000E-6	0.701069	2.798631E-8	8.424000E-6	0.333391	2.953487E-8	0.000000	0.000000	0.000000	0.000000	0.000000	0.000000
5.424000E-6	0.700240	2.806706E-8	8.424000E-6	0.347813	2.878267E-8	0.000000	0.000000	0.000000	0.000000	0.000000	0.000000
5.424000E-6	0.696257	2.850948E-8	8.424000E-6	0.350387	2.926913E-8	0.000000	0.000000	0.000000	0.000000	0.000000	0.000000
5.424000E-6	0.693689	2.824701E-8	8.424000E-6	0.345152	2.927677E-8	0.000000	0.000000	0.000000	0.000000	0.000000	0.000000
5.424000E-6	0.699720	2.820243E-8	8.424000E-6	0.346871	2.921082E-8	0.000000	0.000000	0.000000	0.000000	0.000000	0.000000
5.424000E-6	0.697564	2.785360E-8	8.424000E-6	0.350365	2.918051E-8	0.000000	0.000000	0.000000	0.000000	0.000000	0.000000
5.420000E-6	0.675922	2.857157E-8	8.424000E-6	0.351368	2.901744E-8	0.000000	0.000000	0.000000	0.000000	0.000000	0.000000
5.424000E-6	0.700316	2.792181E-8	8.424000E-6	0.337936	2.971314E-8	0.000000	0.000000	0.000000	0.000000	0.000000	0.000000
5.424000E-6	0.700875	2.805219E-8	8.424000E-6	0.348577	2.873260E-8	0.000000	0.000000	0.000000	0.000000	0.000000	0.000000
5.424000E-6	0.693203	2.824419E-8	8.424000E-6	0.349795	2.905598E-8	0.000000	0.000000	0.000000	0.000000	0.000000	0.000000
5.424000E-6	0.694850	2.848565E-8	8.424000E-6	0.347600	2.942322E-8	0.000000	0.000000	0.000000	0.000000	0.000000	0.000000
5.424000E-6	0.693473	2.807209E-8	8.424000E-6	0.348235	2.910139E-8	0.000000	0.000000	0.000000	0.000000	0.000000	0.000000
5.424000E-6	0.702253	2.803559E-8	8.424000E-6	0.349160	2.919300E-8	0.000000	0.000000	0.000000	0.000000	0.000000	0.000000
5.420000E-6	0.674612	2.861364E-8	8.424000E-6	0.349955	2.899076E-8	0.000000	0.000000	0.000000	0.000000	0.000000	0.000000
5.424000E-6	0.701058	2.780483E-8	8.424000E-6	0.337079	2.958222E-8	0.000000	0.000000	0.000000	0.000000	0.000000	0.000000
5.424000E-6	0.703953	2.802655E-8	8.424000E-6	0.348744	2.874476E-8	0.000000	0.000000	0.000000	0.000000	0.000000	0.000000
5.424000E-6	0.692938	2.828368E-8	8.424000E-6	0.350327	2.904948E-8	0.000000	0.000000	0.000000	0.000000	0.000000	0.000000
5.424000E-6	0.694437	2.848572E-8	8.424000E-6	0.349951	2.932030E-8	0.000000	0.000000	0.000000	0.000000	0.000000	0.000000
5.424000E-6	0.698048	2.826805E-8	8.424000E-6	0.346524	2.930262E-8	0.000000	0.000000	0.000000	0.000000	0.000000	0.000000
5.424000E-6	0.695838	2.793277E-8	8.424000E-6	0.346173	2.912442E-8	0.000000	0.000000	0.000000	0.000000	0.000000	0.000000
5.420000E-6	0.705204	2.781810E-8	8.424000E-6	0.350140	2.893060E-8	0.000000	0.000000	0.000000	0.000000	0.000000	0.000000
5.424000E-6	0.706378	2.778110E-8	8.424000E-6	0.347710	2.869504E-8	0.000000	0.000000	0.000000	0.000000	0.000000	0.000000
5.424000E-6	0.700902	2.809917E-8	8.424000E-6	0.349763	2.857883E-8	0.000000	0.000000	0.000000	0.000000	0.000000	0.000000
5.424000E-6	0.696187	2.828696E-8	8.424000E-6	0.346797	2.896324E-8	0.000000	0.000000	0.000000	0.000000	0.000000	0.000000
5.424000E-6	0.693718	2.844816E-8	8.424000E-6	0.349903	2.938053E-8	0.000000	0.000000	0.000000	0.000000	0.000000	0.000000
5.424000E-6	0.691566	2.813288E-8	8.424000E-6	0.346385	2.961368E-8	0.000000	0.000000	0.000000	0.000000	0.000000	0.000000
5.424000E-6	0.703390	2.779542E-8	8.424000E-6	0.352712	2.897505E-8	0.000000	0.000000	0.000000	0.000000	0.000000	0.000000
5.420000E-6	0.669545	2.848824E-8	8.424000E-6	0.351628	2.902735E-8	0.000000	0.000000	0.000000	0.000000	0.000000	0.000000
5.424000E-6	0.699960	2.780674E-8	8.424000E-6	0.337620	2.950116E-8	0.000000	0.000000	0.000000	0.000000	0.000000	0.000000
5.424000E-6	0.698157	2.814450E-8	8.424000E-6	0.349546	2.878489E-8	0.000000	0.000000	0.000000	0.000000	0.000000	0.000000
5.424000E-6	0.691826	2.835346E-8	8.424000E-6	0.347796	2.903118E-8	0.000000	0.000000	0.000000	0.000000	0.000000	0.000000
5.424000E-6	0.689655	2.832767E-8	8.424000E-6	0.350178	2.932052E-8	0.000000	0.000000	0.000000	0.000000	0.000000	0.000000
5.424000E-6	0.700544	2.826413E-8	8.424000E-6	0.346049	2.963847E-8	0.000000	0.000000	0.000000	0.000000	0.000000	0.000000
5.424000E-6	0.698406	2.777955E-8	8.424000E-6	0.348381	2.934760E-8	0.000000	0.000000	0.000000	0.000000	0.000000	0.000000
5.420000E-6	0.424803	3.513546E-8	8.424000E-6	0.351492	2.869656E-8	0.000000	0.000000	0.000000	0.000000	0.000000	0.000000
5.424000E-6	0.703277	2.783786E-8	8.424000E-6	0.336618	2.953479E-8	0.000000	0.000000	0.000000	0.000000	0.000000	0.000000
5.424000E-6	0.693468	2.801838E-8	8.424000E-6	0.350974	2.890271E-8	0.000000	0.000000	0.000000	0.000000	0.000000	0.000000
5.424000E-6	0.694567	2.850454E-8	8.424000E-6	0.349445	2.926023E-8	0.000000	0.000000	0.000000	0.000000	0.000000	0.000000
5.424000E-6	0.691059	2.824370E-8	8.424000E-6	0.346607	2.937771E-8	0.000000	0.000000	0.000000	0.000000	0.000000	0.000000
5.424000E-6	0.699514	2.819033E-8	8.424000E-6	0.348482	2.920940E-8	0.000000	0.000000	0.000000	0.000000	0.000000	0.000000
5.424000E-6	0.695099	2.776033E-8	8.424000E-6	0.349913	2.906617E-8	0.000000	0.000000	0.000000	0.000000	0.000000	0.000000
5.420000E-6	0.697269	2.776788E-8	8.420000E-6	0.350651	2.858757E-8	0.000000	0.000000	0.000000	0.000000	0.000000	0.000000
5.424000E-6	0.701517	2.780021E-8	8.424000E-6	0.335415	2.952529E-8	0.000000	0.000000	0.000000	0.000000	0.000000	0.000000
5.424000E-6	0.703352	2.823018E-8	8.424000E-6	0.349866	2.875414E-8	0.000000	0.000000	0.000000	0.000000	0.000000	0.000000
