Trigger Count=564	Output Count=564	Elapsed Time=05.644	Number of Pulses CH0=2	Number of Pulses CH1=0
ple rate (Hz)=2.50E+8	Min record length=11364	Trigger level (V)=0.1000	Channel 0 threshold (V)=0.0600	Channel 1 threshold (V)=0.0600	Range (microseconds)=40.0000	Pulse 2 delay (microseconds)=1.0000	Lower cut-off frequency (Hz)=3.00E+7
                             	                             
Ch0_time1 (s)	Ch0_amp1 (V)	Ch0_width1 (s)	Ch0_time2 (s)	Ch0_amp2 (V)	Ch0_width2 (s)	Ch1_time1 (s)	Ch1_amp1 (V)	Ch1_width1 (s)	Ch1_time2 (s)	Ch1_amp2 (V)	Ch1_width2 (s)
5.424000E-6	0.693133	2.849416E-8	8.424000E-6	0.285610	2.878473E-8	0.000000	0.000000	0.000000	0.000000	0.000000	0.000000
5.424000E-6	0.697716	2.817944E-8	8.424000E-6	0.289712	2.901433E-8	0.000000	0.000000	0.000000	0.000000	0.000000	0.000000
5.424000E-6	0.701598	2.780351E-8	8.424000E-6	0.288387	2.897595E-8	0.000000	0.000000	0.000000	0.000000	0.000000	0.000000
5.420000E-6	0.574885	3.115597E-8	8.424000E-6	0.290187	2.872826E-8	0.000000	0.000000	0.000000	0.000000	0.000000	0.000000
5.424000E-6	0.699242	2.783006E-8	8.424000E-6	0.292720	2.849469E-8	0.000000	0.000000	0.000000	0.000000	0.000000	0.000000
5.424000E-6	0.696167	2.807346E-8	8.424000E-6	0.292167	2.869844E-8	0.000000	0.000000	0.000000	0.000000	0.000000	0.000000
5.424000E-6	0.693423	2.848015E-8	8.424000E-6	0.288896	2.881385E-8	0.000000	0.000000	0.000000	0.000000	0.000000	0.000000
5.424000E-6	0.699259	2.836350E-8	8.424000E-6	0.286879	2.946131E-8	0.000000	0.000000	0.000000	0.000000	0.000000	0.000000
5.424000E-6	0.705119	2.800561E-8	8.424000E-6	0.287600	2.908766E-8	0.000000	0.000000	0.000000	0.000000	0.000000	0.000000
5.420000E-6	0.564868	3.103270E-8	8.424000E-6	0.291137	2.876906E-8	0.000000	0.000000	0.000000	0.000000	0.000000	0.000000
5.424000E-6	0.701578	2.777111E-8	8.424000E-6	0.277002	2.951022E-8	0.000000	0.000000	0.000000	0.000000	0.000000	0.000000
5.424000E-6	0.697258	2.818588E-8	8.424000E-6	0.288844	2.867135E-8	0.000000	0.000000	0.000000	0.000000	0.000000	0.000000
5.424000E-6	0.688827	2.834964E-8	8.424000E-6	0.286063	2.879736E-8	0.000000	0.000000	0.000000	0.000000	0.000000	0.000000
5.424000E-6	0.692554	2.820362E-8	8.424000E-6	0.289127	2.899575E-8	0.000000	0.000000	0.000000	0.000000	0.000000	0.000000
5.424000E-6	0.699179	2.785411E-8	8.424000E-6	0.289773	2.881103E-8	0.000000	0.000000	0.000000	0.000000	0.000000	0.000000
5.420000E-6	0.670894	2.842274E-8	8.424000E-6	0.293766	2.882070E-8	0.000000	0.000000	0.000000	0.000000	0.000000	0.000000
5.424000E-6	0.703731	2.788620E-8	8.424000E-6	0.278236	2.935700E-8	0.000000	0.000000	0.000000	0.000000	0.000000	0.000000
5.424000E-6	0.701497	2.813898E-8	8.424000E-6	0.289927	2.877660E-8	0.000000	0.000000	0.000000	0.000000	0.000000	0.000000
5.424000E-6	0.695223	2.850879E-8	8.424000E-6	0.291087	2.885971E-8	0.000000	0.000000	0.000000	0.000000	0.000000	0.000000
5.424000E-6	0.693464	2.825729E-8	8.424000E-6	0.291944	2.928440E-8	0.000000	0.000000	0.000000	0.000000	0.000000	0.000000
5.424000E-6	0.695327	2.796662E-8	8.424000E-6	0.292104	2.908308E-8	0.000000	0.000000	0.000000	0.000000	0.000000	0.000000
5.420000E-6	0.703006	2.793701E-8	8.424000E-6	0.288985	2.882502E-8	0.000000	0.000000	0.000000	0.000000	0.000000	0.000000
5.420000E-6	0.698722	2.770038E-8	8.424000E-6	0.278155	2.960363E-8	0.000000	0.000000	0.000000	0.000000	0.000000	0.000000
5.424000E-6	0.697061	2.798807E-8	8.424000E-6	0.290217	2.875785E-8	0.000000	0.000000	0.000000	0.000000	0.000000	0.000000
5.424000E-6	0.690231	2.816981E-8	8.424000E-6	0.287634	2.881441E-8	0.000000	0.000000	0.000000	0.000000	0.000000	0.000000
5.424000E-6	0.696101	2.838650E-8	8.424000E-6	0.284970	2.931870E-8	0.000000	0.000000	0.000000	0.000000	0.000000	0.000000
5.424000E-6	0.698357	2.820014E-8	8.424000E-6	0.284471	2.909182E-8	0.000000	0.000000	0.000000	0.000000	0.000000	0.000000
5.424000E-6	0.697506	2.776854E-8	8.424000E-6	0.291414	2.892480E-8	0.000000	0.000000	0.000000	0.000000	0.000000	0.000000
5.420000E-6	0.568749	3.109186E-8	8.424000E-6	0.289927	2.870020E-8	0.000000	0.000000	0.000000	0.000000	0.000000	0.000000
5.424000E-6	0.701690	2.783247E-8	8.424000E-6	0.276285	2.952195E-8	0.000000	0.000000	0.000000	0.000000	0.000000	0.000000
5.424000E-6	0.701520	2.823736E-8	8.424000E-6	0.287703	2.880814E-8	0.000000	0.000000	0.000000	0.000000	0.000000	0.000000
5.424000E-6	0.684391	2.825799E-8	8.424000E-6	0.289454	2.890259E-8	0.000000	0.000000	0.000000	0.000000	0.000000	0.000000
5.424000E-6	0.689160	2.829214E-8	8.424000E-6	0.287399	2.921846E-8	0.000000	0.000000	0.000000	0.000000	0.000000	0.000000
5.424000E-6	0.702195	2.813776E-8	8.424000E-6	0.286441	2.915986E-8	0.000000	0.000000	0.000000	0.000000	0.000000	0.000000
5.420000E-6	0.702141	2.786511E-8	8.424000E-6	0.289924	2.873921E-8	0.000000	0.000000	0.000000	0.000000	0.000000	0.000000
5.420000E-6	0.698482	2.774462E-8	8.420000E-6	0.278717	2.964996E-8	0.000000	0.000000	0.000000	0.000000	0.000000	0.000000
5.424000E-6	0.698112	2.789013E-8	8.424000E-6	0.288815	2.860384E-8	0.000000	0.000000	0.000000	0.000000	0.000000	0.000000
5.424000E-6	0.695033	2.821288E-8	8.424000E-6	0.286207	2.884674E-8	0.000000	0.000000	0.000000	0.000000	0.000000	0.000000
5.424000E-6	0.694610	2.841366E-8	8.424000E-6	0.288974	2.886143E-8	0.000000	0.000000	0.000000	0.000000	0.000000	0.000000
5.424000E-6	0.698334	2.838040E-8	8.424000E-6	0.286245	2.940829E-8	0.000000	0.000000	0.000000	0.000000	0.000000	0.000000
5.424000E-6	0.695548	2.800922E-8	8.424000E-6	0.287648	2.905492E-8	0.000000	0.000000	0.000000	0.000000	0.000000	0.000000
5.420000E-6	0.697145	2.771665E-8	8.424000E-6	0.292050	2.875803E-8	0.000000	0.000000	0.000000	0.000000	0.000000	0.000000
5.420000E-6	0.696282	2.772294E-8	8.424000E-6	0.288474	2.882256E-8	0.000000	0.000000	0.000000	0.000000	0.000000	0.000000
5.424000E-6	0.695724	2.783604E-8	8.424000E-6	0.288404	2.867471E-8	0.000000	0.000000	0.000000	0.000000	0.000000	0.000000
5.424000E-6	0.697412	2.833889E-8	8.424000E-6	0.287204	2.900024E-8	0.000000	0.000000	0.000000	0.000000	0.000000	0.000000
5.424000E-6	0.693931	2.846959E-8	8.424000E-6	0.285198	2.907307E-8	0.000000	0.000000	0.000000	0.000000	0.000000	0.000000
5.424000E-6	0.697095	2.824251E-8	8.424000E-6	0.286526	2.907101E-8	0.000000	0.000000	0.000000	0.000000	0.000000	0.000000
5.424000E-6	0.703719	2.803596E-8	8.424000E-6	0.289851	2.912732E-8	0.000000	0.000000	0.000000	0.000000	0.000000	0.000000
5.420000E-6	0.670789	2.849854E-8	8.424000E-6	0.291093	2.893785E-8	0.000000	0.000000	0.000000	0.000000	0.000000	0.000000
5.424000E-6	0.694987	2.772277E-8	8.424000E-6	0.279482	2.948346E-8	0.000000	0.000000	0.000000	0.000000	0.000000	0.000000
5.424000E-6	0.699909	2.815954E-8	8.424000E-6	0.289460	2.863261E-8	0.000000	0.000000	0.000000	0.000000	0.000000	0.000000
5.424000E-6	0.693364	2.851788E-8	8.424000E-6	0.289100	2.881768E-8	0.000000	0.000000	0.000000	0.000000	0.000000	0.000000
5.424000E-6	0.690443	2.826616E-8	8.424000E-6	0.289559	2.911600E-8	0.000000	0.000000	0.000000	0.000000	0.000000	0.000000
5.424000E-6	0.694402	2.803693E-8	8.424000E-6	0.290734	2.897985E-8	0.000000	0.000000	0.000000	0.000000	0.000000	0.000000
5.420000E-6	0.695917	2.774893E-8	8.424000E-6	0.292852	2.884271E-8	0.000000	0.000000	0.000000	0.000000	0.000000	0.000000
5.420000E-6	0.699203	2.778781E-8	8.424000E-6	0.277011	2.941600E-8	0.000000	0.000000	0.000000	0.000000	0.000000	0.000000
5.424000E-6	0.702270	2.795537E-8	8.424000E-6	0.289263	2.862780E-8	0.000000	0.000000	0.000000	0.000000	0.000000	0.000000
5.424000E-6	0.693406	2.828351E-8	8.424000E-6	0.291515	2.853456E-8	0.000000	0.000000	0.000000	0.000000	0.000000	0.000000
5.424000E-6	0.691128	2.843033E-8	8.424000E-6	0.290372	2.907138E-8	0.000000	0.000000	0.000000	0.000000	0.000000	0.000000
5.424000E-6	0.694447	2.811266E-8	8.424000E-6	0.290209	2.901673E-8	0.000000	0.000000	0.000000	0.000000	0.000000	0.000000
5.424000E-6	0.697245	2.782519E-8	8.424000E-6	0.289299	2.929126E-8	0.000000	0.000000	0.000000	0.000000	0.000000	0.000000
5.420000E-6	0.570808	3.115423E-8	8.424000E-6	0.290136	2.890621E-8	0.000000	0.000000	0.000000	0.000000	0.000000	0.000000
5.424000E-6	0.698787	2.790614E-8	8.424000E-6	0.290636	2.871762E-8	0.000000	0.000000	0.000000	0.000000	0.000000	0.000000
5.424000E-6	0.696986	2.833057E-8	8.424000E-6	0.289846	2.868870E-8	0.000000	0.000000	0.000000	0.000000	0.000000	0.000000
5.424000E-6	0.687425	2.827089E-8	8.424000E-6	0.287404	2.882848E-8	0.000000	0.000000	0.000000	0.000000	0.000000	0.000000
5.424000E-6	0.697768	2.822003E-8	8.424000E-6	0.288819	2.898471E-8	0.000000	0.000000	0.000000	0.000000	0.000000	0.000000
5.424000E-6	0.703516	2.802026E-8	8.424000E-6	0.290058	2.883614E-8	0.000000	0.000000	0.000000	0.000000	0.000000	0.000000
5.420000E-6	0.705851	2.779593E-8	8.424000E-6	0.290973	2.878168E-8	0.000000	0.000000	0.000000	0.000000	0.000000	0.000000
5.424000E-6	0.698127	2.781835E-8	8.424000E-6	0.276994	2.951101E-8	0.000000	0.000000	0.000000	0.000000	0.000000	0.000000
5.424000E-6	0.695581	2.806954E-8	8.424000E-6	0.291999	2.873511E-8	0.000000	0.000000	0.000000	0.000000	0.000000	0.000000
5.424000E-6	0.688905	2.834209E-8	8.424000E-6	0.290995	2.890831E-8	0.000000	0.000000	0.000000	0.000000	0.000000	0.000000
5.424000E-6	0.691785	2.824605E-8	8.424000E-6	0.286021	2.929842E-8	0.000000	0.000000	0.000000	0.000000	0.000000	0.000000
5.424000E-6	0.698426	2.802958E-8	8.424000E-6	0.290670	2.912090E-8	0.000000	0.000000	0.000000	0.000000	0.000000	0.000000
5.420000E-6	0.700449	2.787833E-8	8.424000E-6	0.288655	2.890557E-8	0.000000	0.000000	0.000000	0.000000	0.000000	0.000000
5.420000E-6	0.700167	2.771006E-8	8.420000E-6	0.277721	2.955822E-8	0.000000	0.000000	0.000000	0.000000	0.000000	0.000000
5.424000E-6	0.696601	2.794153E-8	8.424000E-6	0.289911	2.888401E-8	0.000000	0.000000	0.000000	0.000000	0.000000	0.000000
5.424000E-6	0.690749	2.827615E-8	8.424000E-6	0.288344	2.897724E-8	0.000000	0.000000	0.000000	0.000000	0.000000	0.000000
5.424000E-6	0.692737	2.844832E-8	8.424000E-6	0.287049	2.884272E-8	0.000000	0.000000	0.000000	0.000000	0.000000	0.000000
5.424000E-6	0.701595	2.820451E-8	8.424000E-6	0.285940	2.906358E-8	0.000000	0.000000	0.000000	0.000000	0.000000	0.000000
5.424000E-6	0.696738	2.787116E-8	8.424000E-6	0.290716	2.897221E-8	0.000000	0.000000	0.000000	0.000000	0.000000	0.000000
5.420000E-6	0.570112	3.102918E-8	8.424000E-6	0.290435	2.877266E-8	0.000000	0.000000	0.000000	0.000000	0.000000	0.000000
5.424000E-6	0.695596	2.779784E-8	8.424000E-6	0.287819	2.863569E-8	0.000000	0.000000	0.000000	0.000000	0.000000	0.000000
5.424000E-6	0.697867	2.822806E-8	8.424000E-6	0.290618	2.884987E-8	0.000000	0.000000	0.000000	0.000000	0.000000	0.000000
5.424000E-6	0.687522	2.829991E-8	8.424000E-6	0.290732	2.879601E-8	0.000000	0.000000	0.000000	0.000000	0.000000	0.000000
5.424000E-6	0.696973	2.834002E-8	8.424000E-6	0.287179	2.888523E-8	0.000000	0.000000	0.000000	0.000000	0.000000	0.000000
5.424000E-6	0.695741	2.794910E-8	8.424000E-6	0.289559	2.904486E-8	0.000000	0.000000	0.000000	0.000000	0.000000	0.000000
5.420000E-6	0.569539	3.105289E-8	8.424000E-6	0.289729	2.890042E-8	0.000000	0.000000	0.000000	0.000000	0.000000	0.000000
5.424000E-6	0.697247	2.775966E-8	8.424000E-6	0.276139	2.946911E-8	0.000000	0.000000	0.000000	0.000000	0.000000	0.000000
5.424000E-6	0.690913	2.802874E-8	8.424000E-6	0.291813	2.869484E-8	0.000000	0.000000	0.000000	0.000000	0.000000	0.000000
5.424000E-6	0.697002	2.843466E-8	8.424000E-6	0.285718	2.891080E-8	0.000000	0.000000	0.000000	0.000000	0.000000	0.000000
5.424000E-6	0.692466	2.841316E-8	8.424000E-6	0.284221	2.899351E-8	0.000000	0.000000	0.000000	0.000000	0.000000	0.000000
5.424000E-6	0.696921	2.806451E-8	8.424000E-6	0.290644	2.898721E-8	0.000000	0.000000	0.000000	0.000000	0.000000	0.000000
5.420000E-6	0.701788	2.797288E-8	8.424000E-6	0.290376	2.902877E-8	0.000000	0.000000	0.000000	0.000000	0.000000	0.000000
5.420000E-6	0.699474	2.776745E-8	8.424000E-6	0.279520	2.947320E-8	0.000000	0.000000	0.000000	0.000000	0.000000	0.000000
5.424000E-6	0.700294	2.798445E-8	8.424000E-6	0.288299	2.856920E-8	0.000000	0.000000	0.000000	0.000000	0.000000	0.000000
5.424000E-6	0.691736	2.832411E-8	8.424000E-6	0.288727	2.884323E-8	0.000000	0.000000	0.000000	0.000000	0.000000	0.000000
5.424000E-6	0.692559	2.839054E-8	8.424000E-6	0.285879	2.909792E-8	0.000000	0.000000	0.000000	0.000000	0.000000	0.000000
5.424000E-6	0.702160	2.783460E-8	8.424000E-6	0.286050	2.897431E-8	0.000000	0.000000	0.000000	0.000000	0.000000	0.000000
5.420000E-6	0.571301	3.114952E-8	8.424000E-6	0.290245	2.876849E-8	0.000000	0.000000	0.000000	0.000000	0.000000	0.000000
5.424000E-6	0.703267	2.804241E-8	8.424000E-6	0.291076	2.847240E-8	0.000000	0.000000	0.000000	0.000000	0.000000	0.000000
5.424000E-6	0.695368	2.813423E-8	8.424000E-6	0.292083	2.898329E-8	0.000000	0.000000	0.000000	0.000000	0.000000	0.000000
5.424000E-6	0.688190	2.839429E-8	8.424000E-6	0.287051	2.932015E-8	0.000000	0.000000	0.000000	0.000000	0.000000	0.000000
5.424000E-6	0.699104	2.838855E-8	8.424000E-6	0.287466	2.938542E-8	0.000000	0.000000	0.000000	0.000000	0.000000	0.000000
5.424000E-6	0.702202	2.794841E-8	8.424000E-6	0.288372	2.910851E-8	0.000000	0.000000	0.000000	0.000000	0.000000	0.000000
5.420000E-6	0.669943	2.840726E-8	8.424000E-6	0.290986	2.891879E-8	0.000000	0.000000	0.000000	0.000000	0.000000	0.000000
5.424000E-6	0.699220	2.787939E-8	8.424000E-6	0.273757	2.915386E-8	0.000000	0.000000	0.000000	0.000000	0.000000	0.000000
5.424000E-6	0.694988	2.815345E-8	8.424000E-6	0.288086	2.892701E-8	0.000000	0.000000	0.000000	0.000000	0.000000	0.000000
5.424000E-6	0.694093	2.845406E-8	8.424000E-6	0.288876	2.885282E-8	0.000000	0.000000	0.000000	0.000000	0.000000	0.000000
5.424000E-6	0.693887	2.823645E-8	8.424000E-6	0.287128	2.913129E-8	0.000000	0.000000	0.000000	0.000000	0.000000	0.000000
5.424000E-6	0.702788	2.808972E-8	8.424000E-6	0.287739	2.902101E-8	0.000000	0.000000	0.000000	0.000000	0.000000	0.000000
5.420000E-6	0.669645	2.845352E-8	8.424000E-6	0.292313	2.879456E-8	0.000000	0.000000	0.000000	0.000000	0.000000	0.000000
5.424000E-6	0.697571	2.786907E-8	8.424000E-6	0.276864	2.921581E-8	0.000000	0.000000	0.000000	0.000000	0.000000	0.000000
5.424000E-6	0.699003	2.814986E-8	8.424000E-6	0.288629	2.874182E-8	0.000000	0.000000	0.000000	0.000000	0.000000	0.000000
5.424000E-6	0.692668	2.831184E-8	8.424000E-6	0.285346	2.899360E-8	0.000000	0.000000	0.000000	0.000000	0.000000	0.000000
5.424000E-6	0.694386	2.830897E-8	8.424000E-6	0.286208	2.903910E-8	0.000000	0.000000	0.000000	0.000000	0.000000	0.000000
5.424000E-6	0.695956	2.788392E-8	8.424000E-6	0.288307	2.932201E-8	0.000000	0.000000	0.000000	0.000000	0.000000	0.000000
5.420000E-6	0.699358	2.773402E-8	8.424000E-6	0.289525	2.868325E-8	0.000000	0.000000	0.000000	0.000000	0.000000	0.000000
5.424000E-6	0.698948	2.785765E-8	8.424000E-6	0.275910	2.949232E-8	0.000000	0.000000	0.000000	0.000000	0.000000	0.000000
5.424000E-6	0.698681	2.812295E-8	8.424000E-6	0.291486	2.841503E-8	0.000000	0.000000	0.000000	0.000000	0.000000	0.000000
5.424000E-6	0.695832	2.844097E-8	8.424000E-6	0.288733	2.905081E-8	0.000000	0.000000	0.000000	0.000000	0.000000	0.000000
5.424000E-6	0.693839	2.819200E-8	8.424000E-6	0.288338	2.922831E-8	0.000000	0.000000	0.000000	0.000000	0.000000	0.000000
5.424000E-6	0.696166	2.799280E-8	8.424000E-6	0.286402	2.910609E-8	0.000000	0.000000	0.000000	0.000000	0.000000	0.000000
5.420000E-6	0.705233	2.792685E-8	8.424000E-6	0.288611	2.905913E-8	0.000000	0.000000	0.000000	0.000000	0.000000	0.000000
5.424000E-6	0.700256	2.778022E-8	8.424000E-6	0.277044	2.962315E-8	0.000000	0.000000	0.000000	0.000000	0.000000	0.000000
5.424000E-6	0.695562	2.802066E-8	8.424000E-6	0.291739	2.864439E-8	0.000000	0.000000	0.000000	0.000000	0.000000	0.000000
5.424000E-6	0.689448	2.834393E-8	8.424000E-6	0.287299	2.858561E-8	0.000000	0.000000	0.000000	0.000000	0.000000	0.000000
5.424000E-6	0.690562	2.834260E-8	8.424000E-6	0.286758	2.912129E-8	0.000000	0.000000	0.000000	0.000000	0.000000	0.000000
5.424000E-6	0.700641	2.803597E-8	8.424000E-6	0.286219	2.892035E-8	0.000000	0.000000	0.000000	0.000000	0.000000	0.000000
5.420000E-6	0.701387	2.773304E-8	8.424000E-6	0.286108	2.878717E-8	0.000000	0.000000	0.000000	0.000000	0.000000	0.000000
5.424000E-6	0.697110	2.779810E-8	8.424000E-6	0.277998	2.972495E-8	0.000000	0.000000	0.000000	0.000000	0.000000	0.000000
5.424000E-6	0.700440	2.800016E-8	8.424000E-6	0.291202	2.872615E-8	0.000000	0.000000	0.000000	0.000000	0.000000	0.000000
5.424000E-6	0.691319	2.820906E-8	8.424000E-6	0.289813	2.894094E-8	0.000000	0.000000	0.000000	0.000000	0.000000	0.000000
5.424000E-6	0.694558	2.840214E-8	8.424000E-6	0.284211	2.919323E-8	0.000000	0.000000	0.000000	0.000000	0.000000	0.000000
5.424000E-6	0.697131	2.813591E-8	8.424000E-6	0.289211	2.894349E-8	0.000000	0.000000	0.000000	0.000000	0.000000	0.000000
5.420000E-6	0.699283	2.785926E-8	8.424000E-6	0.291453	2.880537E-8	0.000000	0.000000	0.000000	0.000000	0.000000	0.000000
5.420000E-6	0.699189	2.778209E-8	8.424000E-6	0.290913	2.877168E-8	0.000000	0.000000	0.000000	0.000000	0.000000	0.000000
5.424000E-6	0.700783	2.813591E-8	8.424000E-6	0.290149	2.861332E-8	0.000000	0.000000	0.000000	0.000000	0.000000	0.000000
5.424000E-6	0.695576	2.837651E-8	8.424000E-6	0.289617	2.875926E-8	0.000000	0.000000	0.000000	0.000000	0.000000	0.000000
5.424000E-6	0.693911	2.832367E-8	8.424000E-6	0.288755	2.931565E-8	0.000000	0.000000	0.000000	0.000000	0.000000	0.000000
5.424000E-6	0.695205	2.798563E-8	8.424000E-6	0.289400	2.930112E-8	0.000000	0.000000	0.000000	0.000000	0.000000	0.000000
5.424000E-6	0.698114	2.783093E-8	8.424000E-6	0.290758	2.896594E-8	0.000000	0.000000	0.000000	0.000000	0.000000	0.000000
5.420000E-6	0.697656	2.777531E-8	8.424000E-6	0.289381	2.893137E-8	0.000000	0.000000	0.000000	0.000000	0.000000	0.000000
5.424000E-6	0.698129	2.794186E-8	8.424000E-6	0.289427	2.845268E-8	0.000000	0.000000	0.000000	0.000000	0.000000	0.000000
5.424000E-6	0.697192	2.831950E-8	8.424000E-6	0.287515	2.866526E-8	0.000000	0.000000	0.000000	0.000000	0.000000	0.000000
5.424000E-6	0.696972	2.850004E-8	8.424000E-6	0.288107	2.917972E-8	0.000000	0.000000	0.000000	0.000000	0.000000	0.000000
5.424000E-6	0.693040	2.810937E-8	8.424000E-6	0.288288	2.914357E-8	0.000000	0.000000	0.000000	0.000000	0.000000	0.000000
5.424000E-6	0.700919	2.789887E-8	8.424000E-6	0.288623	2.904243E-8	0.000000	0.000000	0.000000	0.000000	0.000000	0.000000
5.420000E-6	0.696495	2.777013E-8	8.424000E-6	0.290136	2.856517E-8	0.000000	0.000000	0.000000	0.000000	0.000000	0.000000
5.424000E-6	0.699046	2.790785E-8	8.424000E-6	0.290574	2.890559E-8	0.000000	0.000000	0.000000	0.000000	0.000000	0.000000
5.424000E-6	0.693100	2.814453E-8	8.424000E-6	0.289052	2.865173E-8	0.000000	0.000000	0.000000	0.000000	0.000000	0.000000
5.424000E-6	0.693940	2.846670E-8	8.424000E-6	0.289903	2.888476E-8	0.000000	0.000000	0.000000	0.000000	0.000000	0.000000
5.424000E-6	0.693557	2.825381E-8	8.424000E-6	0.285767	2.912621E-8	0.000000	0.000000	0.000000	0.000000	0.000000	0.000000
5.424000E-6	0.698198	2.778914E-8	8.424000E-6	0.289245	2.888281E-8	0.000000	0.000000	0.000000	0.000000	0.000000	0.000000
5.420000E-6	0.675068	2.857080E-8	8.424000E-6	0.292507	2.867405E-8	0.000000	0.000000	0.000000	0.000000	0.000000	0.000000
5.424000E-6	0.698852	2.809545E-8	8.424000E-6	0.279544	2.919697E-8	0.000000	0.000000	0.000000	0.000000	0.000000	0.000000
5.424000E-6	0.699842	2.835570E-8	8.424000E-6	0.290577	2.887728E-8	0.000000	0.000000	0.000000	0.000000	0.000000	0.000000
5.424000E-6	0.686289	2.834869E-8	8.424000E-6	0.287045	2.903759E-8	0.000000	0.000000	0.000000	0.000000	0.000000	0.000000
5.424000E-6	0.691519	2.822042E-8	8.424000E-6	0.288465	2.952959E-8	0.000000	0.000000	0.000000	0.000000	0.000000	0.000000
5.424000E-6	0.703169	2.799509E-8	8.424000E-6	0.291778	2.890969E-8	0.000000	0.000000	0.000000	0.000000	0.000000	0.000000
5.420000E-6	0.569651	3.116977E-8	8.424000E-6	0.290921	2.866240E-8	0.000000	0.000000	0.000000	0.000000	0.000000	0.000000
5.424000E-6	0.701215	2.794523E-8	8.424000E-6	0.277455	2.959297E-8	0.000000	0.000000	0.000000	0.000000	0.000000	0.000000
5.424000E-6	0.697174	2.808754E-8	8.424000E-6	0.289972	2.891848E-8	0.000000	0.000000	0.000000	0.000000	0.000000	0.000000
5.424000E-6	0.690749	2.844908E-8	8.424000E-6	0.287601	2.908581E-8	0.000000	0.000000	0.000000	0.000000	0.000000	0.000000
5.424000E-6	0.696889	2.834505E-8	8.424000E-6	0.286122	2.926189E-8	0.000000	0.000000	0.000000	0.000000	0.000000	0.000000
5.424000E-6	0.697616	2.784723E-8	8.424000E-6	0.288218	2.912161E-8	0.000000	0.000000	0.000000	0.000000	0.000000	0.000000
5.420000E-6	0.701217	2.766105E-8	8.424000E-6	0.294277	2.849367E-8	0.000000	0.000000	0.000000	0.000000	0.000000	0.000000
5.424000E-6	0.698402	2.791409E-8	8.424000E-6	0.277092	2.966976E-8	0.000000	0.000000	0.000000	0.000000	0.000000	0.000000
5.424000E-6	0.700193	2.802943E-8	8.424000E-6	0.287842	2.857531E-8	0.000000	0.000000	0.000000	0.000000	0.000000	0.000000
5.424000E-6	0.696609	2.840636E-8	8.424000E-6	0.287542	2.893652E-8	0.000000	0.000000	0.000000	0.000000	0.000000	0.000000
5.424000E-6	0.694754	2.846860E-8	8.424000E-6	0.288424	2.920264E-8	0.000000	0.000000	0.000000	0.000000	0.000000	0.000000
5.424000E-6	0.702849	2.824379E-8	8.424000E-6	0.286985	2.916539E-8	0.000000	0.000000	0.000000	0.000000	0.000000	0.000000
5.424000E-6	0.700867	2.789150E-8	8.424000E-6	0.293182	2.902213E-8	0.000000	0.000000	0.000000	0.000000	0.000000	0.000000
5.420000E-6	0.573227	3.121655E-8	8.424000E-6	0.288479	2.893092E-8	0.000000	0.000000	0.000000	0.000000	0.000000	0.000000
5.424000E-6	0.699317	2.780818E-8	8.424000E-6	0.278009	2.931648E-8	0.000000	0.000000	0.000000	0.000000	0.000000	0.000000
5.424000E-6	0.697520	2.815826E-8	8.424000E-6	0.289542	2.874302E-8	0.000000	0.000000	0.000000	0.000000	0.000000	0.000000
5.424000E-6	0.694915	2.852654E-8	8.424000E-6	0.287701	2.915944E-8	0.000000	0.000000	0.000000	0.000000	0.000000	0.000000
5.424000E-6	0.692257	2.821259E-8	8.424000E-6	0.290888	2.928443E-8	0.000000	0.000000	0.000000	0.000000	0.000000	0.000000
5.424000E-6	0.699492	2.817498E-8	8.424000E-6	0.286913	2.917637E-8	0.000000	0.000000	0.000000	0.000000	0.000000	0.000000
5.420000E-6	0.705808	2.794156E-8	8.424000E-6	0.290572	2.908322E-8	0.000000	0.000000	0.000000	0.000000	0.000000	0.000000
5.420000E-6	0.700995	2.767620E-8	8.424000E-6	0.276729	2.951514E-8	0.000000	0.000000	0.000000	0.000000	0.000000	0.000000
5.424000E-6	0.697657	2.789775E-8	8.424000E-6	0.285335	2.877883E-8	0.000000	0.000000	0.000000	0.000000	0.000000	0.000000
5.424000E-6	0.700874	2.834945E-8	8.424000E-6	0.292275	2.873943E-8	0.000000	0.000000	0.000000	0.000000	0.000000	0.000000
5.424000E-6	0.684678	2.837112E-8	8.424000E-6	0.288988	2.884630E-8	0.000000	0.000000	0.000000	0.000000	0.000000	0.000000
5.424000E-6	0.697715	2.839608E-8	8.424000E-6	0.285693	2.918001E-8	0.000000	0.000000	0.000000	0.000000	0.000000	0.000000
5.424000E-6	0.698970	2.793093E-8	8.424000E-6	0.290878	2.899483E-8	0.000000	0.000000	0.000000	0.000000	0.000000	0.000000
5.420000E-6	0.566517	3.115195E-8	8.424000E-6	0.287893	2.876160E-8	0.000000	0.000000	0.000000	0.000000	0.000000	0.000000
5.424000E-6	0.706514	2.790564E-8	8.424000E-6	0.278395	2.941006E-8	0.000000	0.000000	0.000000	0.000000	0.000000	0.000000
5.424000E-6	0.695903	2.797052E-8	8.424000E-6	0.292034	2.856834E-8	0.000000	0.000000	0.000000	0.000000	0.000000	0.000000
5.424000E-6	0.694983	2.845727E-8	8.424000E-6	0.290193	2.875915E-8	0.000000	0.000000	0.000000	0.000000	0.000000	0.000000
5.424000E-6	0.691968	2.841586E-8	8.424000E-6	0.287664	2.897728E-8	0.000000	0.000000	0.000000	0.000000	0.000000	0.000000
5.424000E-6	0.699386	2.816808E-8	8.424000E-6	0.287102	2.943805E-8	0.000000	0.000000	0.000000	0.000000	0.000000	0.000000
5.420000E-6	0.704605	2.790533E-8	8.424000E-6	0.290515	2.898263E-8	0.000000	0.000000	0.000000	0.000000	0.000000	0.000000
5.420000E-6	0.703152	2.789217E-8	8.420000E-6	0.275407	2.928657E-8	0.000000	0.000000	0.000000	0.000000	0.000000	0.000000
5.424000E-6	0.694552	2.802895E-8	8.424000E-6	0.291535	2.863382E-8	0.000000	0.000000	0.000000	0.000000	0.000000	0.000000
5.424000E-6	0.692716	2.840037E-8	8.424000E-6	0.289499	2.890320E-8	0.000000	0.000000	0.000000	0.000000	0.000000	0.000000
5.424000E-6	0.693077	2.833839E-8	8.424000E-6	0.285346	2.914552E-8	0.000000	0.000000	0.000000	0.000000	0.000000	0.000000
5.424000E-6	0.700587	2.820279E-8	8.424000E-6	0.288437	2.917444E-8	0.000000	0.000000	0.000000	0.000000	0.000000	0.000000
5.424000E-6	0.698695	2.776940E-8	8.424000E-6	0.288094	2.912890E-8	0.000000	0.000000	0.000000	0.000000	0.000000	0.000000
5.420000E-6	0.702761	2.797051E-8	8.424000E-6	0.292140	2.856323E-8	0.000000	0.000000	0.000000	0.000000	0.000000	0.000000
5.424000E-6	0.696608	2.793949E-8	8.424000E-6	0.290411	2.872193E-8	0.000000	0.000000	0.000000	0.000000	0.000000	0.000000
5.424000E-6	0.692386	2.810730E-8	8.424000E-6	0.294158	2.872762E-8	0.000000	0.000000	0.000000	0.000000	0.000000	0.000000
5.424000E-6	0.690469	2.840627E-8	8.424000E-6	0.288318	2.902706E-8	0.000000	0.000000	0.000000	0.000000	0.000000	0.000000
5.424000E-6	0.701824	2.832200E-8	8.424000E-6	0.287927	2.900893E-8	0.000000	0.000000	0.000000	0.000000	0.000000	0.000000
5.424000E-6	0.699781	2.783829E-8	8.424000E-6	0.286608	2.879559E-8	0.000000	0.000000	0.000000	0.000000	0.000000	0.000000
5.420000E-6	0.572688	3.121013E-8	8.424000E-6	0.290746	2.864263E-8	0.000000	0.000000	0.000000	0.000000	0.000000	0.000000
5.424000E-6	0.695669	2.786843E-8	8.424000E-6	0.288916	2.888996E-8	0.000000	0.000000	0.000000	0.000000	0.000000	0.000000
5.424000E-6	0.697317	2.824512E-8	8.424000E-6	0.290468	2.878986E-8	0.000000	0.000000	0.000000	0.000000	0.000000	0.000000
5.424000E-6	0.687749	2.847486E-8	8.424000E-6	0.286394	2.879062E-8	0.000000	0.000000	0.000000	0.000000	0.000000	0.000000
5.424000E-6	0.698229	2.828299E-8	8.424000E-6	0.285094	2.908704E-8	0.000000	0.000000	0.000000	0.000000	0.000000	0.000000
5.424000E-6	0.703023	2.810226E-8	8.424000E-6	0.288244	2.900312E-8	0.000000	0.000000	0.000000	0.000000	0.000000	0.000000
5.420000E-6	0.700476	2.770388E-8	8.424000E-6	0.291651	2.880948E-8	0.000000	0.000000	0.000000	0.000000	0.000000	0.000000
5.424000E-6	0.699449	2.783429E-8	8.424000E-6	0.276174	2.946322E-8	0.000000	0.000000	0.000000	0.000000	0.000000	0.000000
5.424000E-6	0.701215	2.824271E-8	8.424000E-6	0.288053	2.873304E-8	0.000000	0.000000	0.000000	0.000000	0.000000	0.000000
5.424000E-6	0.692588	2.828375E-8	8.424000E-6	0.288763	2.875548E-8	0.000000	0.000000	0.000000	0.000000	0.000000	0.000000
5.424000E-6	0.696209	2.835353E-8	8.424000E-6	0.284470	2.935627E-8	0.000000	0.000000	0.000000	0.000000	0.000000	0.000000
5.424000E-6	0.699480	2.799981E-8	8.424000E-6	0.289263	2.892958E-8	0.000000	0.000000	0.000000	0.000000	0.000000	0.000000
5.420000E-6	0.706366	2.792042E-8	8.424000E-6	0.288802	2.903693E-8	0.000000	0.000000	0.000000	0.000000	0.000000	0.000000
5.420000E-6	0.702968	2.776570E-8	8.420000E-6	0.277864	2.945323E-8	0.000000	0.000000	0.000000	0.000000	0.000000	0.000000
5.424000E-6	0.699212	2.804381E-8	8.424000E-6	0.291991	2.886419E-8	0.000000	0.000000	0.000000	0.000000	0.000000	0.000000
5.424000E-6	0.690508	2.818971E-8	8.424000E-6	0.291867	2.875223E-8	0.000000	0.000000	0.000000	0.000000	0.000000	0.000000
5.424000E-6	0.688935	2.832622E-8	8.424000E-6	0.289370	2.906105E-8	0.000000	0.000000	0.000000	0.000000	0.000000	0.000000
5.424000E-6	0.694525	2.802885E-8	8.424000E-6	0.288509	2.932076E-8	0.000000	0.000000	0.000000	0.000000	0.000000	0.000000
5.424000E-6	0.702415	2.788258E-8	8.424000E-6	0.288321	2.894951E-8	0.000000	0.000000	0.000000	0.000000	0.000000	0.000000
5.420000E-6	0.701402	2.775123E-8	8.424000E-6	0.288576	2.871468E-8	0.000000	0.000000	0.000000	0.000000	0.000000	0.000000
5.424000E-6	0.701010	2.809066E-8	8.424000E-6	0.290941	2.841413E-8	0.000000	0.000000	0.000000	0.000000	0.000000	0.000000
5.424000E-6	0.696199	2.815984E-8	8.424000E-6	0.293576	2.880816E-8	0.000000	0.000000	0.000000	0.000000	0.000000	0.000000
5.424000E-6	0.695260	2.847621E-8	8.424000E-6	0.286127	2.920701E-8	0.000000	0.000000	0.000000	0.000000	0.000000	0.000000
5.424000E-6	0.698896	2.815857E-8	8.424000E-6	0.288428	2.926265E-8	0.000000	0.000000	0.000000	0.000000	0.000000	0.000000
5.424000E-6	0.699638	2.783580E-8	8.424000E-6	0.291656	2.895249E-8	0.000000	0.000000	0.000000	0.000000	0.000000	0.000000
5.420000E-6	0.704743	2.781418E-8	8.424000E-6	0.289662	2.878479E-8	0.000000	0.000000	0.000000	0.000000	0.000000	0.000000
5.424000E-6	0.703894	2.794373E-8	8.424000E-6	0.289415	2.873662E-8	0.000000	0.000000	0.000000	0.000000	0.000000	0.000000
5.424000E-6	0.695665	2.814520E-8	8.424000E-6	0.290131	2.884778E-8	0.000000	0.000000	0.000000	0.000000	0.000000	0.000000
5.424000E-6	0.689520	2.831004E-8	8.424000E-6	0.286561	2.922542E-8	0.000000	0.000000	0.000000	0.000000	0.000000	0.000000
5.424000E-6	0.700007	2.816456E-8	8.424000E-6	0.290021	2.926402E-8	0.000000	0.000000	0.000000	0.000000	0.000000	0.000000
5.424000E-6	0.699273	2.779197E-8	8.424000E-6	0.289284	2.903472E-8	0.000000	0.000000	0.000000	0.000000	0.000000	0.000000
5.420000E-6	0.698625	2.775781E-8	8.424000E-6	0.290131	2.881347E-8	0.000000	0.000000	0.000000	0.000000	0.000000	0.000000
5.424000E-6	0.698656	2.787366E-8	8.424000E-6	0.290496	2.891778E-8	0.000000	0.000000	0.000000	0.000000	0.000000	0.000000
5.424000E-6	0.694272	2.833792E-8	8.424000E-6	0.289822	2.882210E-8	0.000000	0.000000	0.000000	0.000000	0.000000	0.000000
5.424000E-6	0.691634	2.829367E-8	8.424000E-6	0.288016	2.922012E-8	0.000000	0.000000	0.000000	0.000000	0.000000	0.000000
5.424000E-6	0.695931	2.810393E-8	8.424000E-6	0.287469	2.932586E-8	0.000000	0.000000	0.000000	0.000000	0.000000	0.000000
5.420000E-6	0.701999	2.793014E-8	8.424000E-6	0.289939	2.869442E-8	0.000000	0.000000	0.000000	0.000000	0.000000	0.000000
5.420000E-6	0.705125	2.781614E-8	8.420000E-6	0.278161	2.941838E-8	0.000000	0.000000	0.000000	0.000000	0.000000	0.000000
5.424000E-6	0.693532	2.803647E-8	8.424000E-6	0.292114	2.864956E-8	0.000000	0.000000	0.000000	0.000000	0.000000	0.000000
5.424000E-6	0.694725	2.834877E-8	8.424000E-6	0.286366	2.886537E-8	0.000000	0.000000	0.000000	0.000000	0.000000	0.000000
5.424000E-6	0.690313	2.827199E-8	8.424000E-6	0.287329	2.896579E-8	0.000000	0.000000	0.000000	0.000000	0.000000	0.000000
5.424000E-6	0.700977	2.812812E-8	8.424000E-6	0.288081	2.918912E-8	0.000000	0.000000	0.000000	0.000000	0.000000	0.000000
5.420000E-6	0.699429	2.780875E-8	8.424000E-6	0.288364	2.877973E-8	0.000000	0.000000	0.000000	0.000000	0.000000	0.000000
5.420000E-6	0.706391	2.778575E-8	8.420000E-6	0.278931	2.953337E-8	0.000000	0.000000	0.000000	0.000000	0.000000	0.000000
5.424000E-6	0.699429	2.796936E-8	8.424000E-6	0.290706	2.849798E-8	0.000000	0.000000	0.000000	0.000000	0.000000	0.000000
5.424000E-6	0.690140	2.824759E-8	8.424000E-6	0.291979	2.868168E-8	0.000000	0.000000	0.000000	0.000000	0.000000	0.000000
5.424000E-6	0.688561	2.834847E-8	8.424000E-6	0.289072	2.908583E-8	0.000000	0.000000	0.000000	0.000000	0.000000	0.000000
5.424000E-6	0.702809	2.816348E-8	8.424000E-6	0.288427	2.918444E-8	0.000000	0.000000	0.000000	0.000000	0.000000	0.000000
5.424000E-6	0.695616	2.785772E-8	8.424000E-6	0.287619	2.907684E-8	0.000000	0.000000	0.000000	0.000000	0.000000	0.000000
5.420000E-6	0.566969	3.112862E-8	8.424000E-6	0.287677	2.896234E-8	0.000000	0.000000	0.000000	0.000000	0.000000	0.000000
5.424000E-6	0.699260	2.799724E-8	8.424000E-6	0.289427	2.887698E-8	0.000000	0.000000	0.000000	0.000000	0.000000	0.000000
5.424000E-6	0.698454	2.825661E-8	8.424000E-6	0.290864	2.879454E-8	0.000000	0.000000	0.000000	0.000000	0.000000	0.000000
5.424000E-6	0.692952	2.854991E-8	8.424000E-6	0.288962	2.885929E-8	0.000000	0.000000	0.000000	0.000000	0.000000	0.000000
5.424000E-6	0.693012	2.812600E-8	8.424000E-6	0.287219	2.901301E-8	0.000000	0.000000	0.000000	0.000000	0.000000	0.000000
5.424000E-6	0.699532	2.784615E-8	8.424000E-6	0.289479	2.909404E-8	0.000000	0.000000	0.000000	0.000000	0.000000	0.000000
5.420000E-6	0.569787	3.107408E-8	8.424000E-6	0.287529	2.890903E-8	0.000000	0.000000	0.000000	0.000000	0.000000	0.000000
5.424000E-6	0.702795	2.781873E-8	8.424000E-6	0.278274	2.935476E-8	0.000000	0.000000	0.000000	0.000000	0.000000	0.000000
5.424000E-6	0.695695	2.804094E-8	8.424000E-6	0.288084	2.868847E-8	0.000000	0.000000	0.000000	0.000000	0.000000	0.000000
5.424000E-6	0.690446	2.829326E-8	8.424000E-6	0.287352	2.899622E-8	0.000000	0.000000	0.000000	0.000000	0.000000	0.000000
5.424000E-6	0.695704	2.830533E-8	8.424000E-6	0.287210	2.911038E-8	0.000000	0.000000	0.000000	0.000000	0.000000	0.000000
5.424000E-6	0.702904	2.806763E-8	8.424000E-6	0.287907	2.910337E-8	0.000000	0.000000	0.000000	0.000000	0.000000	0.000000
5.420000E-6	0.705111	2.789914E-8	8.424000E-6	0.288722	2.893943E-8	0.000000	0.000000	0.000000	0.000000	0.000000	0.000000
5.420000E-6	0.705325	2.790591E-8	8.420000E-6	0.275773	2.938467E-8	0.000000	0.000000	0.000000	0.000000	0.000000	0.000000
5.424000E-6	0.704363	2.801842E-8	8.424000E-6	0.289020	2.896078E-8	0.000000	0.000000	0.000000	0.000000	0.000000	0.000000
5.424000E-6	0.690393	2.820853E-8	8.424000E-6	0.289346	2.868393E-8	0.000000	0.000000	0.000000	0.000000	0.000000	0.000000
5.424000E-6	0.694824	2.840256E-8	8.424000E-6	0.285369	2.924893E-8	0.000000	0.000000	0.000000	0.000000	0.000000	0.000000
5.424000E-6	0.701132	2.821568E-8	8.424000E-6	0.286596	2.928922E-8	0.000000	0.000000	0.000000	0.000000	0.000000	0.000000
5.424000E-6	0.700208	2.783553E-8	8.424000E-6	0.289164	2.896821E-8	0.000000	0.000000	0.000000	0.000000	0.000000	0.000000
5.420000E-6	0.701044	2.781155E-8	8.424000E-6	0.293259	2.871726E-8	0.000000	0.000000	0.000000	0.000000	0.000000	0.000000
5.424000E-6	0.698312	2.794248E-8	8.424000E-6	0.286226	2.879463E-8	0.000000	0.000000	0.000000	0.000000	0.000000	0.000000
5.424000E-6	0.700372	2.835404E-8	8.424000E-6	0.287983	2.873450E-8	0.000000	0.000000	0.000000	0.000000	0.000000	0.000000
5.424000E-6	0.691032	2.856645E-8	8.424000E-6	0.288210	2.897763E-8	0.000000	0.000000	0.000000	0.000000	0.000000	0.000000
5.424000E-6	0.696484	2.836244E-8	8.424000E-6	0.286083	2.889314E-8	0.000000	0.000000	0.000000	0.000000	0.000000	0.000000
5.424000E-6	0.695481	2.787652E-8	8.424000E-6	0.290607	2.924457E-8	0.000000	0.000000	0.000000	0.000000	0.000000	0.000000
5.420000E-6	0.675243	2.872701E-8	8.424000E-6	0.290234	2.874229E-8	0.000000	0.000000	0.000000	0.000000	0.000000	0.000000
5.424000E-6	0.699877	2.781581E-8	8.424000E-6	0.279416	2.949510E-8	0.000000	0.000000	0.000000	0.000000	0.000000	0.000000
5.424000E-6	0.699206	2.813974E-8	8.424000E-6	0.290024	2.865653E-8	0.000000	0.000000	0.000000	0.000000	0.000000	0.000000
5.424000E-6	0.695857	2.851076E-8	8.424000E-6	0.288340	2.881674E-8	0.000000	0.000000	0.000000	0.000000	0.000000	0.000000
5.424000E-6	0.698363	2.822273E-8	8.424000E-6	0.286544	2.928962E-8	0.000000	0.000000	0.000000	0.000000	0.000000	0.000000
5.424000E-6	0.701655	2.808422E-8	8.424000E-6	0.287881	2.900898E-8	0.000000	0.000000	0.000000	0.000000	0.000000	0.000000
5.420000E-6	0.572203	3.111341E-8	8.424000E-6	0.287742	2.878086E-8	0.000000	0.000000	0.000000	0.000000	0.000000	0.000000
5.424000E-6	0.700647	2.785208E-8	8.424000E-6	0.277033	2.948536E-8	0.000000	0.000000	0.000000	0.000000	0.000000	0.000000
5.424000E-6	0.700856	2.813796E-8	8.424000E-6	0.286851	2.867873E-8	0.000000	0.000000	0.000000	0.000000	0.000000	0.000000
5.424000E-6	0.694434	2.844662E-8	8.424000E-6	0.287756	2.877634E-8	0.000000	0.000000	0.000000	0.000000	0.000000	0.000000
5.424000E-6	0.696858	2.829213E-8	8.424000E-6	0.284866	2.896815E-8	0.000000	0.000000	0.000000	0.000000	0.000000	0.000000
5.424000E-6	0.696976	2.789085E-8	8.424000E-6	0.287324	2.886481E-8	0.000000	0.000000	0.000000	0.000000	0.000000	0.000000
5.420000E-6	0.699855	2.775589E-8	8.424000E-6	0.290241	2.895773E-8	0.000000	0.000000	0.000000	0.000000	0.000000	0.000000
5.424000E-6	0.703882	2.787439E-8	8.424000E-6	0.277788	2.933415E-8	0.000000	0.000000	0.000000	0.000000	0.000000	0.000000
5.424000E-6	0.696645	2.807614E-8	8.424000E-6	0.291308	2.860902E-8	0.000000	0.000000	0.000000	0.000000	0.000000	0.000000
5.424000E-6	0.694350	2.842601E-8	8.424000E-6	0.290580	2.902229E-8	0.000000	0.000000	0.000000	0.000000	0.000000	0.000000
5.424000E-6	0.697623	2.836208E-8	8.424000E-6	0.285745	2.918564E-8	0.000000	0.000000	0.000000	0.000000	0.000000	0.000000
5.424000E-6	0.695851	2.796889E-8	8.424000E-6	0.288633	2.908547E-8	0.000000	0.000000	0.000000	0.000000	0.000000	0.000000
5.420000E-6	0.702278	2.778932E-8	8.424000E-6	0.288157	2.886928E-8	0.000000	0.000000	0.000000	0.000000	0.000000	0.000000
5.424000E-6	0.703485	2.798945E-8	8.424000E-6	0.280083	2.953623E-8	0.000000	0.000000	0.000000	0.000000	0.000000	0.000000
5.424000E-6	0.696489	2.799066E-8	8.424000E-6	0.290837	2.867043E-8	0.000000	0.000000	0.000000	0.000000	0.000000	0.000000
5.424000E-6	0.691766	2.833826E-8	8.424000E-6	0.286551	2.874047E-8	0.000000	0.000000	0.000000	0.000000	0.000000	0.000000
5.424000E-6	0.696406	2.831141E-8	8.424000E-6	0.287338	2.928788E-8	0.000000	0.000000	0.000000	0.000000	0.000000	0.000000
5.424000E-6	0.698165	2.801641E-8	8.424000E-6	0.291250	2.898373E-8	0.000000	0.000000	0.000000	0.000000	0.000000	0.000000
5.420000E-6	0.699074	2.781791E-8	8.424000E-6	0.288802	2.892343E-8	0.000000	0.000000	0.000000	0.000000	0.000000	0.000000
5.424000E-6	0.699434	2.776352E-8	8.424000E-6	0.278131	2.943417E-8	0.000000	0.000000	0.000000	0.000000	0.000000	0.000000
5.424000E-6	0.694535	2.795829E-8	8.424000E-6	0.291322	2.856794E-8	0.000000	0.000000	0.000000	0.000000	0.000000	0.000000
5.424000E-6	0.694191	2.842649E-8	8.424000E-6	0.284826	2.895631E-8	0.000000	0.000000	0.000000	0.000000	0.000000	0.000000
5.424000E-6	0.697028	2.846268E-8	8.424000E-6	0.286037	2.928824E-8	0.000000	0.000000	0.000000	0.000000	0.000000	0.000000
5.424000E-6	0.696254	2.809258E-8	8.424000E-6	0.289555	2.914134E-8	0.000000	0.000000	0.000000	0.000000	0.000000	0.000000
5.420000E-6	0.698983	2.774983E-8	8.424000E-6	0.290934	2.884898E-8	0.000000	0.000000	0.000000	0.000000	0.000000	0.000000
5.424000E-6	0.702373	2.782471E-8	8.424000E-6	0.277529	2.955432E-8	0.000000	0.000000	0.000000	0.000000	0.000000	0.000000
5.424000E-6	0.699312	2.798318E-8	8.424000E-6	0.287077	2.881592E-8	0.000000	0.000000	0.000000	0.000000	0.000000	0.000000
5.424000E-6	0.695544	2.842595E-8	8.424000E-6	0.289631	2.897964E-8	0.000000	0.000000	0.000000	0.000000	0.000000	0.000000
5.424000E-6	0.687402	2.829136E-8	8.424000E-6	0.286458	2.919181E-8	0.000000	0.000000	0.000000	0.000000	0.000000	0.000000
5.424000E-6	0.700213	2.787144E-8	8.424000E-6	0.290558	2.924121E-8	0.000000	0.000000	0.000000	0.000000	0.000000	0.000000
5.420000E-6	0.704925	2.794929E-8	8.424000E-6	0.291864	2.877013E-8	0.000000	0.000000	0.000000	0.000000	0.000000	0.000000
5.424000E-6	0.703084	2.787399E-8	8.424000E-6	0.277263	2.954970E-8	0.000000	0.000000	0.000000	0.000000	0.000000	0.000000
5.424000E-6	0.700652	2.822304E-8	8.424000E-6	0.291217	2.868396E-8	0.000000	0.000000	0.000000	0.000000	0.000000	0.000000
5.424000E-6	0.695868	2.850541E-8	8.424000E-6	0.289406	2.899293E-8	0.000000	0.000000	0.000000	0.000000	0.000000	0.000000
5.424000E-6	0.690423	2.834722E-8	8.424000E-6	0.286843	2.912975E-8	0.000000	0.000000	0.000000	0.000000	0.000000	0.000000
5.424000E-6	0.697256	2.799265E-8	8.424000E-6	0.289029	2.925491E-8	0.000000	0.000000	0.000000	0.000000	0.000000	0.000000
5.420000E-6	0.704300	2.788321E-8	8.424000E-6	0.293505	2.894430E-8	0.000000	0.000000	0.000000	0.000000	0.000000	0.000000
5.420000E-6	0.703792	2.803402E-8	8.420000E-6	0.289033	2.881867E-8	0.000000	0.000000	0.000000	0.000000	0.000000	0.000000
5.424000E-6	0.702371	2.807807E-8	8.424000E-6	0.291858	2.871516E-8	0.000000	0.000000	0.000000	0.000000	0.000000	0.000000
5.424000E-6	0.692150	2.826876E-8	8.424000E-6	0.286998	2.863995E-8	0.000000	0.000000	0.000000	0.000000	0.000000	0.000000
5.424000E-6	0.690398	2.820203E-8	8.424000E-6	0.287512	2.915501E-8	0.000000	0.000000	0.000000	0.000000	0.000000	0.000000
5.424000E-6	0.693035	2.803393E-8	8.424000E-6	0.288894	2.924461E-8	0.000000	0.000000	0.000000	0.000000	0.000000	0.000000
5.420000E-6	0.702909	2.775281E-8	8.424000E-6	0.289669	2.902468E-8	0.000000	0.000000	0.000000	0.000000	0.000000	0.000000
5.420000E-6	0.701169	2.785354E-8	8.424000E-6	0.288355	2.866464E-8	0.000000	0.000000	0.000000	0.000000	0.000000	0.000000
5.424000E-6	0.695865	2.796986E-8	8.424000E-6	0.289977	2.867964E-8	0.000000	0.000000	0.000000	0.000000	0.000000	0.000000
5.424000E-6	0.694945	2.839470E-8	8.424000E-6	0.292091	2.884056E-8	0.000000	0.000000	0.000000	0.000000	0.000000	0.000000
5.424000E-6	0.691304	2.830496E-8	8.424000E-6	0.287374	2.895391E-8	0.000000	0.000000	0.000000	0.000000	0.000000	0.000000
5.424000E-6	0.696306	2.805662E-8	8.424000E-6	0.289244	2.916246E-8	0.000000	0.000000	0.000000	0.000000	0.000000	0.000000
5.424000E-6	0.700443	2.780641E-8	8.424000E-6	0.289733	2.889524E-8	0.000000	0.000000	0.000000	0.000000	0.000000	0.000000
5.420000E-6	0.705070	2.784169E-8	8.424000E-6	0.288563	2.869459E-8	0.000000	0.000000	0.000000	0.000000	0.000000	0.000000
5.424000E-6	0.697840	2.790372E-8	8.424000E-6	0.288456	2.863464E-8	0.000000	0.000000	0.000000	0.000000	0.000000	0.000000
5.424000E-6	0.696815	2.817884E-8	8.424000E-6	0.292524	2.879064E-8	0.000000	0.000000	0.000000	0.000000	0.000000	0.000000
5.424000E-6	0.690950	2.854605E-8	8.424000E-6	0.287368	2.890690E-8	0.000000	0.000000	0.000000	0.000000	0.000000	0.000000
5.424000E-6	0.695936	2.833152E-8	8.424000E-6	0.284828	2.921430E-8	0.000000	0.000000	0.000000	0.000000	0.000000	0.000000
5.424000E-6	0.707229	2.803830E-8	8.424000E-6	0.288170	2.906487E-8	0.000000	0.000000	0.000000	0.000000	0.000000	0.000000
5.420000E-6	0.702244	2.778644E-8	8.424000E-6	0.289799	2.896762E-8	0.000000	0.000000	0.000000	0.000000	0.000000	0.000000
5.424000E-6	0.697645	2.780101E-8	8.424000E-6	0.277554	2.943780E-8	0.000000	0.000000	0.000000	0.000000	0.000000	0.000000
5.424000E-6	0.693967	2.804380E-8	8.424000E-6	0.289107	2.854858E-8	0.000000	0.000000	0.000000	0.000000	0.000000	0.000000
5.424000E-6	0.691640	2.842567E-8	8.424000E-6	0.286902	2.880772E-8	0.000000	0.000000	0.000000	0.000000	0.000000	0.000000
5.424000E-6	0.695538	2.838547E-8	8.424000E-6	0.287270	2.911466E-8	0.000000	0.000000	0.000000	0.000000	0.000000	0.000000
5.424000E-6	0.697420	2.798192E-8	8.424000E-6	0.288385	2.905860E-8	0.000000	0.000000	0.000000	0.000000	0.000000	0.000000
5.420000E-6	0.696303	2.774608E-8	8.424000E-6	0.289174	2.883859E-8	0.000000	0.000000	0.000000	0.000000	0.000000	0.000000
5.424000E-6	0.703424	2.792303E-8	8.424000E-6	0.277945	2.938455E-8	0.000000	0.000000	0.000000	0.000000	0.000000	0.000000
5.424000E-6	0.700812	2.811727E-8	8.424000E-6	0.291413	2.870090E-8	0.000000	0.000000	0.000000	0.000000	0.000000	0.000000
5.424000E-6	0.695983	2.836130E-8	8.424000E-6	0.291235	2.901818E-8	0.000000	0.000000	0.000000	0.000000	0.000000	0.000000
5.424000E-6	0.693444	2.844565E-8	8.424000E-6	0.287290	2.924395E-8	0.000000	0.000000	0.000000	0.000000	0.000000	0.000000
5.424000E-6	0.702434	2.821044E-8	8.424000E-6	0.286483	2.904311E-8	0.000000	0.000000	0.000000	0.000000	0.000000	0.000000
5.420000E-6	0.699632	2.788724E-8	8.424000E-6	0.291195	2.869410E-8	0.000000	0.000000	0.000000	0.000000	0.000000	0.000000
5.420000E-6	0.699757	2.779154E-8	8.420000E-6	0.278315	2.949981E-8	0.000000	0.000000	0.000000	0.000000	0.000000	0.000000
5.424000E-6	0.697605	2.796086E-8	8.424000E-6	0.290855	2.869796E-8	0.000000	0.000000	0.000000	0.000000	0.000000	0.000000
5.424000E-6	0.694786	2.834423E-8	8.424000E-6	0.291298	2.890007E-8	0.000000	0.000000	0.000000	0.000000	0.000000	0.000000
5.424000E-6	0.689544	2.832001E-8	8.424000E-6	0.286251	2.914712E-8	0.000000	0.000000	0.000000	0.000000	0.000000	0.000000
5.424000E-6	0.694604	2.806830E-8	8.424000E-6	0.286724	2.925997E-8	0.000000	0.000000	0.000000	0.000000	0.000000	0.000000
5.424000E-6	0.700317	2.790504E-8	8.424000E-6	0.290741	2.896484E-8	0.000000	0.000000	0.000000	0.000000	0.000000	0.000000
5.420000E-6	0.703677	2.778313E-8	8.424000E-6	0.289329	2.859568E-8	0.000000	0.000000	0.000000	0.000000	0.000000	0.000000
5.424000E-6	0.699923	2.782155E-8	8.424000E-6	0.290110	2.865007E-8	0.000000	0.000000	0.000000	0.000000	0.000000	0.000000
5.424000E-6	0.699092	2.824253E-8	8.424000E-6	0.287287	2.863877E-8	0.000000	0.000000	0.000000	0.000000	0.000000	0.000000
5.424000E-6	0.688932	2.821538E-8	8.424000E-6	0.287301	2.927182E-8	0.000000	0.000000	0.000000	0.000000	0.000000	0.000000
5.424000E-6	0.690916	2.814452E-8	8.424000E-6	0.288607	2.912158E-8	0.000000	0.000000	0.000000	0.000000	0.000000	0.000000
5.424000E-6	0.696447	2.787841E-8	8.424000E-6	0.286921	2.921618E-8	0.000000	0.000000	0.000000	0.000000	0.000000	0.000000
5.420000E-6	0.703892	2.776890E-8	8.424000E-6	0.290585	2.888638E-8	0.000000	0.000000	0.000000	0.000000	0.000000	0.000000
5.424000E-6	0.701894	2.786090E-8	8.424000E-6	0.277967	2.971897E-8	0.000000	0.000000	0.000000	0.000000	0.000000	0.000000
5.424000E-6	0.700406	2.816060E-8	8.424000E-6	0.288282	2.874923E-8	0.000000	0.000000	0.000000	0.000000	0.000000	0.000000
5.424000E-6	0.689567	2.824316E-8	8.424000E-6	0.289843	2.885943E-8	0.000000	0.000000	0.000000	0.000000	0.000000	0.000000
5.424000E-6	0.688140	2.824381E-8	8.424000E-6	0.285218	2.908730E-8	0.000000	0.000000	0.000000	0.000000	0.000000	0.000000
5.424000E-6	0.697338	2.808872E-8	8.424000E-6	0.287253	2.916310E-8	0.000000	0.000000	0.000000	0.000000	0.000000	0.000000
5.420000E-6	0.698949	2.782338E-8	8.424000E-6	0.291438	2.875803E-8	0.000000	0.000000	0.000000	0.000000	0.000000	0.000000
5.420000E-6	0.700434	2.782033E-8	8.424000E-6	0.290134	2.869563E-8	0.000000	0.000000	0.000000	0.000000	0.000000	0.000000
5.424000E-6	0.701369	2.804732E-8	8.424000E-6	0.292104	2.881026E-8	0.000000	0.000000	0.000000	0.000000	0.000000	0.000000
5.424000E-6	0.699245	2.833808E-8	8.424000E-6	0.289408	2.858069E-8	0.000000	0.000000	0.000000	0.000000	0.000000	0.000000
5.424000E-6	0.690843	2.842447E-8	8.424000E-6	0.288544	2.898945E-8	0.000000	0.000000	0.000000	0.000000	0.000000	0.000000
5.424000E-6	0.695136	2.805647E-8	8.424000E-6	0.285942	2.918006E-8	0.000000	0.000000	0.000000	0.000000	0.000000	0.000000
5.424000E-6	0.701499	2.790179E-8	8.424000E-6	0.289055	2.890476E-8	0.000000	0.000000	0.000000	0.000000	0.000000	0.000000
5.420000E-6	0.574834	3.120640E-8	8.424000E-6	0.290898	2.858377E-8	0.000000	0.000000	0.000000	0.000000	0.000000	0.000000
5.424000E-6	0.700937	2.791554E-8	8.424000E-6	0.290707	2.882622E-8	0.000000	0.000000	0.000000	0.000000	0.000000	0.000000
5.424000E-6	0.695122	2.812833E-8	8.424000E-6	0.290314	2.883485E-8	0.000000	0.000000	0.000000	0.000000	0.000000	0.000000
5.424000E-6	0.688803	2.844391E-8	8.424000E-6	0.288808	2.901652E-8	0.000000	0.000000	0.000000	0.000000	0.000000	0.000000
5.424000E-6	0.692151	2.822998E-8	8.424000E-6	0.285781	2.929889E-8	0.000000	0.000000	0.000000	0.000000	0.000000	0.000000
5.424000E-6	0.698650	2.793089E-8	8.424000E-6	0.289317	2.913688E-8	0.000000	0.000000	0.000000	0.000000	0.000000	0.000000
5.420000E-6	0.701251	2.768681E-8	8.424000E-6	0.290884	2.891192E-8	0.000000	0.000000	0.000000	0.000000	0.000000	0.000000
5.424000E-6	0.698790	2.777993E-8	8.424000E-6	0.277523	2.931007E-8	0.000000	0.000000	0.000000	0.000000	0.000000	0.000000
5.424000E-6	0.702298	2.809828E-8	8.424000E-6	0.290803	2.864529E-8	0.000000	0.000000	0.000000	0.000000	0.000000	0.000000
5.424000E-6	0.695713	2.831322E-8	8.424000E-6	0.288233	2.878413E-8	0.000000	0.000000	0.000000	0.000000	0.000000	0.000000
5.424000E-6	0.693210	2.839115E-8	8.424000E-6	0.288348	2.926521E-8	0.000000	0.000000	0.000000	0.000000	0.000000	0.000000
5.424000E-6	0.700234	2.811797E-8	8.424000E-6	0.288614	2.894916E-8	0.000000	0.000000	0.000000	0.000000	0.000000	0.000000
5.420000E-6	0.705656	2.793151E-8	8.424000E-6	0.291588	2.892954E-8	0.000000	0.000000	0.000000	0.000000	0.000000	0.000000
5.420000E-6	0.697806	2.782065E-8	8.424000E-6	0.290422	2.884422E-8	0.000000	0.000000	0.000000	0.000000	0.000000	0.000000
5.424000E-6	0.702784	2.791148E-8	8.424000E-6	0.289259	2.896268E-8	0.000000	0.000000	0.000000	0.000000	0.000000	0.000000
5.424000E-6	0.698734	2.824333E-8	8.424000E-6	0.292069	2.871280E-8	0.000000	0.000000	0.000000	0.000000	0.000000	0.000000
5.424000E-6	0.688158	2.838089E-8	8.424000E-6	0.287672	2.913948E-8	0.000000	0.000000	0.000000	0.000000	0.000000	0.000000
5.424000E-6	0.697115	2.817856E-8	8.424000E-6	0.290652	2.927899E-8	0.000000	0.000000	0.000000	0.000000	0.000000	0.000000
5.424000E-6	0.703767	2.803702E-8	8.424000E-6	0.292209	2.883396E-8	0.000000	0.000000	0.000000	0.000000	0.000000	0.000000
5.420000E-6	0.699033	2.781963E-8	8.424000E-6	0.291358	2.874009E-8	0.000000	0.000000	0.000000	0.000000	0.000000	0.000000
5.424000E-6	0.696103	2.785718E-8	8.424000E-6	0.289756	2.854575E-8	0.000000	0.000000	0.000000	0.000000	0.000000	0.000000
5.424000E-6	0.697964	2.821325E-8	8.424000E-6	0.288371	2.893497E-8	0.000000	0.000000	0.000000	0.000000	0.000000	0.000000
5.424000E-6	0.689341	2.853164E-8	8.424000E-6	0.290495	2.902848E-8	0.000000	0.000000	0.000000	0.000000	0.000000	0.000000
5.424000E-6	0.691776	2.814613E-8	8.424000E-6	0.285578	2.929520E-8	0.000000	0.000000	0.000000	0.000000	0.000000	0.000000
5.424000E-6	0.696481	2.800734E-8	8.424000E-6	0.287855	2.891440E-8	0.000000	0.000000	0.000000	0.000000	0.000000	0.000000
5.420000E-6	0.699418	2.772157E-8	8.424000E-6	0.292163	2.899567E-8	0.000000	0.000000	0.000000	0.000000	0.000000	0.000000
5.424000E-6	0.698649	2.780384E-8	8.424000E-6	0.279203	2.936428E-8	0.000000	0.000000	0.000000	0.000000	0.000000	0.000000
5.424000E-6	0.701122	2.813477E-8	8.424000E-6	0.288869	2.855170E-8	0.000000	0.000000	0.000000	0.000000	0.000000	0.000000
5.424000E-6	0.690865	2.816928E-8	8.424000E-6	0.290560	2.889846E-8	0.000000	0.000000	0.000000	0.000000	0.000000	0.000000
5.424000E-6	0.690424	2.833038E-8	8.424000E-6	0.286905	2.902158E-8	0.000000	0.000000	0.000000	0.000000	0.000000	0.000000
5.424000E-6	0.696318	2.795586E-8	8.424000E-6	0.288517	2.910146E-8	0.000000	0.000000	0.000000	0.000000	0.000000	0.000000
5.424000E-6	0.697462	2.782727E-8	8.424000E-6	0.288255	2.909724E-8	0.000000	0.000000	0.000000	0.000000	0.000000	0.000000
5.420000E-6	0.571029	3.108178E-8	8.424000E-6	0.289935	2.897731E-8	0.000000	0.000000	0.000000	0.000000	0.000000	0.000000
5.424000E-6	0.696781	2.789373E-8	8.424000E-6	0.290383	2.885990E-8	0.000000	0.000000	0.000000	0.000000	0.000000	0.000000
5.424000E-6	0.696473	2.804018E-8	8.424000E-6	0.288645	2.892457E-8	0.000000	0.000000	0.000000	0.000000	0.000000	0.000000
5.424000E-6	0.688007	2.839711E-8	8.424000E-6	0.287891	2.900051E-8	0.000000	0.000000	0.000000	0.000000	0.000000	0.000000
5.424000E-6	0.699038	2.834174E-8	8.424000E-6	0.286917	2.911381E-8	0.000000	0.000000	0.000000	0.000000	0.000000	0.000000
5.424000E-6	0.697063	2.794495E-8	8.424000E-6	0.289724	2.931207E-8	0.000000	0.000000	0.000000	0.000000	0.000000	0.000000
5.420000E-6	0.706329	2.787935E-8	8.424000E-6	0.295305	2.880546E-8	0.000000	0.000000	0.000000	0.000000	0.000000	0.000000
5.420000E-6	0.702370	2.779126E-8	8.420000E-6	0.279278	2.943303E-8	0.000000	0.000000	0.000000	0.000000	0.000000	0.000000
5.424000E-6	0.703593	2.807385E-8	8.424000E-6	0.288794	2.851228E-8	0.000000	0.000000	0.000000	0.000000	0.000000	0.000000
5.424000E-6	0.690967	2.818251E-8	8.424000E-6	0.285139	2.875780E-8	0.000000	0.000000	0.000000	0.000000	0.000000	0.000000
5.424000E-6	0.687369	2.838505E-8	8.424000E-6	0.287326	2.901662E-8	0.000000	0.000000	0.000000	0.000000	0.000000	0.000000
5.424000E-6	0.694062	2.814948E-8	8.424000E-6	0.285878	2.916314E-8	0.000000	0.000000	0.000000	0.000000	0.000000	0.000000
5.424000E-6	0.704245	2.783933E-8	8.424000E-6	0.286238	2.905003E-8	0.000000	0.000000	0.000000	0.000000	0.000000	0.000000
5.420000E-6	0.429087	3.524141E-8	8.424000E-6	0.288737	2.872910E-8	0.000000	0.000000	0.000000	0.000000	0.000000	0.000000
5.424000E-6	0.695604	2.789576E-8	8.424000E-6	0.280569	2.924824E-8	0.000000	0.000000	0.000000	0.000000	0.000000	0.000000
5.424000E-6	0.702264	2.827377E-8	8.424000E-6	0.286871	2.865872E-8	0.000000	0.000000	0.000000	0.000000	0.000000	0.000000
5.424000E-6	0.694295	2.855821E-8	8.424000E-6	0.286625	2.902107E-8	0.000000	0.000000	0.000000	0.000000	0.000000	0.000000
5.424000E-6	0.699828	2.829580E-8	8.424000E-6	0.285895	2.912338E-8	0.000000	0.000000	0.000000	0.000000	0.000000	0.000000
5.424000E-6	0.700335	2.797704E-8	8.424000E-6	0.291231	2.916872E-8	0.000000	0.000000	0.000000	0.000000	0.000000	0.000000
5.420000E-6	0.672699	2.847846E-8	8.424000E-6	0.289270	2.867064E-8	0.000000	0.000000	0.000000	0.000000	0.000000	0.000000
5.424000E-6	0.699778	2.781384E-8	8.424000E-6	0.276872	2.937199E-8	0.000000	0.000000	0.000000	0.000000	0.000000	0.000000
5.424000E-6	0.699252	2.806128E-8	8.424000E-6	0.292013	2.886962E-8	0.000000	0.000000	0.000000	0.000000	0.000000	0.000000
5.424000E-6	0.694804	2.858121E-8	8.424000E-6	0.286658	2.905740E-8	0.000000	0.000000	0.000000	0.000000	0.000000	0.000000
5.424000E-6	0.698215	2.839544E-8	8.424000E-6	0.287998	2.949122E-8	0.000000	0.000000	0.000000	0.000000	0.000000	0.000000
5.424000E-6	0.698372	2.803727E-8	8.424000E-6	0.287136	2.924841E-8	0.000000	0.000000	0.000000	0.000000	0.000000	0.000000
5.420000E-6	0.701663	2.781874E-8	8.424000E-6	0.287492	2.892699E-8	0.000000	0.000000	0.000000	0.000000	0.000000	0.000000
5.420000E-6	0.700824	2.770683E-8	8.424000E-6	0.274881	2.926930E-8	0.000000	0.000000	0.000000	0.000000	0.000000	0.000000
5.424000E-6	0.704955	2.811020E-8	8.424000E-6	0.289492	2.866874E-8	0.000000	0.000000	0.000000	0.000000	0.000000	0.000000
5.424000E-6	0.692857	2.811554E-8	8.424000E-6	0.292035	2.888502E-8	0.000000	0.000000	0.000000	0.000000	0.000000	0.000000
5.424000E-6	0.690647	2.824324E-8	8.424000E-6	0.286060	2.921415E-8	0.000000	0.000000	0.000000	0.000000	0.000000	0.000000
5.424000E-6	0.700269	2.818565E-8	8.424000E-6	0.289950	2.925723E-8	0.000000	0.000000	0.000000	0.000000	0.000000	0.000000
5.424000E-6	0.699383	2.780340E-8	8.424000E-6	0.289041	2.897525E-8	0.000000	0.000000	0.000000	0.000000	0.000000	0.000000
5.420000E-6	0.569090	3.109143E-8	8.424000E-6	0.292988	2.884265E-8	0.000000	0.000000	0.000000	0.000000	0.000000	0.000000
5.424000E-6	0.696695	2.784154E-8	8.424000E-6	0.289046	2.877925E-8	0.000000	0.000000	0.000000	0.000000	0.000000	0.000000
5.424000E-6	0.700458	2.828419E-8	8.424000E-6	0.290686	2.884772E-8	0.000000	0.000000	0.000000	0.000000	0.000000	0.000000
5.424000E-6	0.693007	2.844031E-8	8.424000E-6	0.288096	2.882890E-8	0.000000	0.000000	0.000000	0.000000	0.000000	0.000000
5.424000E-6	0.695446	2.839468E-8	8.424000E-6	0.287226	2.920569E-8	0.000000	0.000000	0.000000	0.000000	0.000000	0.000000
5.424000E-6	0.702000	2.791112E-8	8.424000E-6	0.288818	2.895711E-8	0.000000	0.000000	0.000000	0.000000	0.000000	0.000000
5.420000E-6	0.698827	2.776084E-8	8.424000E-6	0.290270	2.867237E-8	0.000000	0.000000	0.000000	0.000000	0.000000	0.000000
5.420000E-6	0.702042	2.776974E-8	8.420000E-6	0.280212	2.947019E-8	0.000000	0.000000	0.000000	0.000000	0.000000	0.000000
5.424000E-6	0.695239	2.789864E-8	8.424000E-6	0.290186	2.860540E-8	0.000000	0.000000	0.000000	0.000000	0.000000	0.000000
5.424000E-6	0.699159	2.838620E-8	8.424000E-6	0.289608	2.883771E-8	0.000000	0.000000	0.000000	0.000000	0.000000	0.000000
5.424000E-6	0.691356	2.842452E-8	8.424000E-6	0.283934	2.908514E-8	0.000000	0.000000	0.000000	0.000000	0.000000	0.000000
5.424000E-6	0.699908	2.832237E-8	8.424000E-6	0.288366	2.928487E-8	0.000000	0.000000	0.000000	0.000000	0.000000	0.000000
5.424000E-6	0.698808	2.787595E-8	8.424000E-6	0.288415	2.897299E-8	0.000000	0.000000	0.000000	0.000000	0.000000	0.000000
5.420000E-6	0.423199	3.507753E-8	8.424000E-6	0.289773	2.856156E-8	0.000000	0.000000	0.000000	0.000000	0.000000	0.000000
5.424000E-6	0.697967	2.784469E-8	8.424000E-6	0.291422	2.864066E-8	0.000000	0.000000	0.000000	0.000000	0.000000	0.000000
5.424000E-6	0.693481	2.811222E-8	8.424000E-6	0.289928	2.854108E-8	0.000000	0.000000	0.000000	0.000000	0.000000	0.000000
5.424000E-6	0.689646	2.853338E-8	8.424000E-6	0.284837	2.912649E-8	0.000000	0.000000	0.000000	0.000000	0.000000	0.000000
5.424000E-6	0.693816	2.818894E-8	8.424000E-6	0.285883	2.913027E-8	0.000000	0.000000	0.000000	0.000000	0.000000	0.000000
5.424000E-6	0.702580	2.799901E-8	8.424000E-6	0.290640	2.900471E-8	0.000000	0.000000	0.000000	0.000000	0.000000	0.000000
5.420000E-6	0.706728	2.779176E-8	8.424000E-6	0.290401	2.874344E-8	0.000000	0.000000	0.000000	0.000000	0.000000	0.000000
5.424000E-6	0.698102	2.777532E-8	8.424000E-6	0.288979	2.844475E-8	0.000000	0.000000	0.000000	0.000000	0.000000	0.000000
5.424000E-6	0.700028	2.817159E-8	8.424000E-6	0.286791	2.880268E-8	0.000000	0.000000	0.000000	0.000000	0.000000	0.000000
5.424000E-6	0.691046	2.834549E-8	8.424000E-6	0.288553	2.883162E-8	0.000000	0.000000	0.000000	0.000000	0.000000	0.000000
5.424000E-6	0.692573	2.822800E-8	8.424000E-6	0.287874	2.921117E-8	0.000000	0.000000	0.000000	0.000000	0.000000	0.000000
5.424000E-6	0.696599	2.796910E-8	8.424000E-6	0.289057	2.911487E-8	0.000000	0.000000	0.000000	0.000000	0.000000	0.000000
5.420000E-6	0.696177	2.768638E-8	8.424000E-6	0.288420	2.889294E-8	0.000000	0.000000	0.000000	0.000000	0.000000	0.000000
5.420000E-6	0.706283	2.785841E-8	8.420000E-6	0.277611	2.943025E-8	0.000000	0.000000	0.000000	0.000000	0.000000	0.000000
5.424000E-6	0.694827	2.797440E-8	8.424000E-6	0.290601	2.855147E-8	0.000000	0.000000	0.000000	0.000000	0.000000	0.000000
5.424000E-6	0.693256	2.820932E-8	8.424000E-6	0.289312	2.878467E-8	0.000000	0.000000	0.000000	0.000000	0.000000	0.000000
5.424000E-6	0.694497	2.846500E-8	8.424000E-6	0.285721	2.911641E-8	0.000000	0.000000	0.000000	0.000000	0.000000	0.000000
5.424000E-6	0.697075	2.812105E-8	8.424000E-6	0.290406	2.913434E-8	0.000000	0.000000	0.000000	0.000000	0.000000	0.000000
5.424000E-6	0.700132	2.776282E-8	8.424000E-6	0.293036	2.898409E-8	0.000000	0.000000	0.000000	0.000000	0.000000	0.000000
5.420000E-6	0.672450	2.849175E-8	8.424000E-6	0.287514	2.883629E-8	0.000000	0.000000	0.000000	0.000000	0.000000	0.000000
5.424000E-6	0.696736	2.789096E-8	8.424000E-6	0.280713	2.965428E-8	0.000000	0.000000	0.000000	0.000000	0.000000	0.000000
5.424000E-6	0.694805	2.801820E-8	8.424000E-6	0.289707	2.876912E-8	0.000000	0.000000	0.000000	0.000000	0.000000	0.000000
5.424000E-6	0.692791	2.850094E-8	8.424000E-6	0.286734	2.916302E-8	0.000000	0.000000	0.000000	0.000000	0.000000	0.000000
5.424000E-6	0.692889	2.820638E-8	8.424000E-6	0.287723	2.933577E-8	0.000000	0.000000	0.000000	0.000000	0.000000	0.000000
5.424000E-6	0.699364	2.799494E-8	8.424000E-6	0.288866	2.890566E-8	0.000000	0.000000	0.000000	0.000000	0.000000	0.000000
5.420000E-6	0.702454	2.777507E-8	8.424000E-6	0.288248	2.864688E-8	0.000000	0.000000	0.000000	0.000000	0.000000	0.000000
5.424000E-6	0.703783	2.790623E-8	8.424000E-6	0.277556	2.941087E-8	0.000000	0.000000	0.000000	0.000000	0.000000	0.000000
5.424000E-6	0.694081	2.811090E-8	8.424000E-6	0.288132	2.856737E-8	0.000000	0.000000	0.000000	0.000000	0.000000	0.000000
5.424000E-6	0.696353	2.841156E-8	8.424000E-6	0.285111	2.910011E-8	0.000000	0.000000	0.000000	0.000000	0.000000	0.000000
5.424000E-6	0.692930	2.820145E-8	8.424000E-6	0.286210	2.930101E-8	0.000000	0.000000	0.000000	0.000000	0.000000	0.000000
5.424000E-6	0.697483	2.801035E-8	8.424000E-6	0.290803	2.911825E-8	0.000000	0.000000	0.000000	0.000000	0.000000	0.000000
5.420000E-6	0.701295	2.792980E-8	8.424000E-6	0.291353	2.912080E-8	0.000000	0.000000	0.000000	0.000000	0.000000	0.000000
5.420000E-6	0.700843	2.767325E-8	8.420000E-6	0.282961	2.958716E-8	0.000000	0.000000	0.000000	0.000000	0.000000	0.000000
5.424000E-6	0.698206	2.793341E-8	8.424000E-6	0.288943	2.853995E-8	0.000000	0.000000	0.000000	0.000000	0.000000	0.000000
5.424000E-6	0.691386	2.818352E-8	8.424000E-6	0.285943	2.886359E-8	0.000000	0.000000	0.000000	0.000000	0.000000	0.000000
5.424000E-6	0.691271	2.822750E-8	8.424000E-6	0.286187	2.911148E-8	0.000000	0.000000	0.000000	0.000000	0.000000	0.000000
5.424000E-6	0.699132	2.809739E-8	8.424000E-6	0.289182	2.923473E-8	0.000000	0.000000	0.000000	0.000000	0.000000	0.000000
5.420000E-6	0.698636	2.778518E-8	8.424000E-6	0.292800	2.922128E-8	0.000000	0.000000	0.000000	0.000000	0.000000	0.000000
5.420000E-6	0.700230	2.772670E-8	8.420000E-6	0.281147	2.954718E-8	0.000000	0.000000	0.000000	0.000000	0.000000	0.000000
5.424000E-6	0.696607	2.803695E-8	8.424000E-6	0.292022	2.862430E-8	0.000000	0.000000	0.000000	0.000000	0.000000	0.000000
5.424000E-6	0.692286	2.820415E-8	8.424000E-6	0.290206	2.888360E-8	0.000000	0.000000	0.000000	0.000000	0.000000	0.000000
5.424000E-6	0.695640	2.843298E-8	8.424000E-6	0.286162	2.933277E-8	0.000000	0.000000	0.000000	0.000000	0.000000	0.000000
5.424000E-6	0.697178	2.807510E-8	8.424000E-6	0.286717	2.912922E-8	0.000000	0.000000	0.000000	0.000000	0.000000	0.000000
5.424000E-6	0.702127	2.797721E-8	8.424000E-6	0.289498	2.893835E-8	0.000000	0.000000	0.000000	0.000000	0.000000	0.000000
5.420000E-6	0.707480	2.793797E-8	8.424000E-6	0.277281	2.916289E-8	0.000000	0.000000	0.000000	0.000000	0.000000	0.000000
5.424000E-6	0.698252	2.787674E-8	8.424000E-6	0.289371	2.876558E-8	0.000000	0.000000	0.000000	0.000000	0.000000	0.000000
5.424000E-6	0.693343	2.829485E-8	8.424000E-6	0.287873	2.863888E-8	0.000000	0.000000	0.000000	0.000000	0.000000	0.000000
5.424000E-6	0.693958	2.853402E-8	8.424000E-6	0.287800	2.905261E-8	0.000000	0.000000	0.000000	0.000000	0.000000	0.000000
5.424000E-6	0.693708	2.816342E-8	8.424000E-6	0.289084	2.939388E-8	0.000000	0.000000	0.000000	0.000000	0.000000	0.000000
5.424000E-6	0.700726	2.786092E-8	8.424000E-6	0.289549	2.896512E-8	0.000000	0.000000	0.000000	0.000000	0.000000	0.000000
5.420000E-6	0.563736	3.112279E-8	8.424000E-6	0.291528	2.871202E-8	0.000000	0.000000	0.000000	0.000000	0.000000	0.000000
5.424000E-6	0.694971	2.785573E-8	8.424000E-6	0.290323	2.866165E-8	0.000000	0.000000	0.000000	0.000000	0.000000	0.000000
5.424000E-6	0.700898	2.827311E-8	8.424000E-6	0.288365	2.893503E-8	0.000000	0.000000	0.000000	0.000000	0.000000	0.000000
5.424000E-6	0.688720	2.831211E-8	8.424000E-6	0.286863	2.901274E-8	0.000000	0.000000	0.000000	0.000000	0.000000	0.000000
5.424000E-6	0.689813	2.817320E-8	8.424000E-6	0.285718	2.935136E-8	0.000000	0.000000	0.000000	0.000000	0.000000	0.000000
5.424000E-6	0.701340	2.812473E-8	8.424000E-6	0.290574	2.890234E-8	0.000000	0.000000	0.000000	0.000000	0.000000	0.000000
5.420000E-6	0.567546	3.118509E-8	8.424000E-6	0.289804	2.860495E-8	0.000000	0.000000	0.000000	0.000000	0.000000	0.000000
5.424000E-6	0.701835	2.782189E-8	8.424000E-6	0.280505	2.935439E-8	0.000000	0.000000	0.000000	0.000000	0.000000	0.000000
5.424000E-6	0.697859	2.814815E-8	8.424000E-6	0.290397	2.882765E-8	0.000000	0.000000	0.000000	0.000000	0.000000	0.000000
5.424000E-6	0.693070	2.832776E-8	8.424000E-6	0.288856	2.889293E-8	0.000000	0.000000	0.000000	0.000000	0.000000	0.000000
5.424000E-6	0.698476	2.836457E-8	8.424000E-6	0.289777	2.908554E-8	0.000000	0.000000	0.000000	0.000000	0.000000	0.000000
5.424000E-6	0.695219	2.795771E-8	8.424000E-6	0.289105	2.903773E-8	0.000000	0.000000	0.000000	0.000000	0.000000	0.000000
5.420000E-6	0.699866	2.772019E-8	8.424000E-6	0.291872	2.884736E-8	0.000000	0.000000	0.000000	0.000000	0.000000	0.000000
5.424000E-6	0.696238	2.777313E-8	8.424000E-6	0.278870	2.928171E-8	0.000000	0.000000	0.000000	0.000000	0.000000	0.000000
5.424000E-6	0.693393	2.808373E-8	8.424000E-6	0.290208	2.853595E-8	0.000000	0.000000	0.000000	0.000000	0.000000	0.000000
5.424000E-6	0.688743	2.833889E-8	8.424000E-6	0.288969	2.903934E-8	0.000000	0.000000	0.000000	0.000000	0.000000	0.000000
5.424000E-6	0.699376	2.831592E-8	8.424000E-6	0.288984	2.921456E-8	0.000000	0.000000	0.000000	0.000000	0.000000	0.000000
5.424000E-6	0.701164	2.800015E-8	8.424000E-6	0.290197	2.899583E-8	0.000000	0.000000	0.000000	0.000000	0.000000	0.000000
5.420000E-6	0.701258	2.774464E-8	8.424000E-6	0.289443	2.896651E-8	0.000000	0.000000	0.000000	0.000000	0.000000	0.000000
5.424000E-6	0.696576	2.780247E-8	8.424000E-6	0.277865	2.936931E-8	0.000000	0.000000	0.000000	0.000000	0.000000	0.000000
5.424000E-6	0.700264	2.815094E-8	8.424000E-6	0.290115	2.869470E-8	0.000000	0.000000	0.000000	0.000000	0.000000	0.000000
5.424000E-6	0.691538	2.828561E-8	8.424000E-6	0.287586	2.871977E-8	0.000000	0.000000	0.000000	0.000000	0.000000	0.000000
5.424000E-6	0.693739	2.818437E-8	8.424000E-6	0.291653	2.904494E-8	0.000000	0.000000	0.000000	0.000000	0.000000	0.000000
5.424000E-6	0.698398	2.798834E-8	8.424000E-6	0.288782	2.903875E-8	0.000000	0.000000	0.000000	0.000000	0.000000	0.000000
5.420000E-6	0.698325	2.772423E-8	8.424000E-6	0.289924	2.874077E-8	0.000000	0.000000	0.000000	0.000000	0.000000	0.000000
5.420000E-6	0.703779	2.781152E-8	8.420000E-6	0.279518	2.973025E-8	0.000000	0.000000	0.000000	0.000000	0.000000	0.000000
5.424000E-6	0.695345	2.797755E-8	8.424000E-6	0.289121	2.864384E-8	0.000000	0.000000	0.000000	0.000000	0.000000	0.000000
5.424000E-6	0.692714	2.829369E-8	8.424000E-6	0.288684	2.876365E-8	0.000000	0.000000	0.000000	0.000000	0.000000	0.000000
5.424000E-6	0.691613	2.827086E-8	8.424000E-6	0.287138	2.925391E-8	0.000000	0.000000	0.000000	0.000000	0.000000	0.000000
5.424000E-6	0.700172	2.810100E-8	8.424000E-6	0.286828	2.929987E-8	0.000000	0.000000	0.000000	0.000000	0.000000	0.000000
5.420000E-6	0.698208	2.781396E-8	8.424000E-6	0.291044	2.885293E-8	0.000000	0.000000	0.000000	0.000000	0.000000	0.000000
5.420000E-6	0.698813	2.770968E-8	8.424000E-6	0.288271	2.865924E-8	0.000000	0.000000	0.000000	0.000000	0.000000	0.000000
5.424000E-6	0.703913	2.802990E-8	8.424000E-6	0.290084	2.876009E-8	0.000000	0.000000	0.000000	0.000000	0.000000	0.000000
5.424000E-6	0.695295	2.829596E-8	8.424000E-6	0.288319	2.873554E-8	0.000000	0.000000	0.000000	0.000000	0.000000	0.000000
5.424000E-6	0.694952	2.850671E-8	8.424000E-6	0.288362	2.899709E-8	0.000000	0.000000	0.000000	0.000000	0.000000	0.000000
5.424000E-6	0.695320	2.798275E-8	8.424000E-6	0.287070	2.930143E-8	0.000000	0.000000	0.000000	0.000000	0.000000	0.000000
5.424000E-6	0.705732	2.800410E-8	8.424000E-6	0.294841	2.930319E-8	0.000000	0.000000	0.000000	0.000000	0.000000	0.000000
5.420000E-6	0.702069	2.759129E-8	8.424000E-6	0.292067	2.865562E-8	0.000000	0.000000	0.000000	0.000000	0.000000	0.000000
5.424000E-6	0.700962	2.798143E-8	8.424000E-6	0.291088	2.848576E-8	0.000000	0.000000	0.000000	0.000000	0.000000	0.000000
5.424000E-6	0.696860	2.799304E-8	8.424000E-6	0.293335	2.863058E-8	0.000000	0.000000	0.000000	0.000000	0.000000	0.000000
5.424000E-6	0.694827	2.846751E-8	8.424000E-6	0.289623	2.894099E-8	0.000000	0.000000	0.000000	0.000000	0.000000	0.000000
5.424000E-6	0.695241	2.842004E-8	8.424000E-6	0.285228	2.935290E-8	0.000000	0.000000	0.000000	0.000000	0.000000	0.000000
5.424000E-6	0.695653	2.804737E-8	8.424000E-6	0.289266	2.938586E-8	0.000000	0.000000	0.000000	0.000000	0.000000	0.000000
5.420000E-6	0.699956	2.775983E-8	8.424000E-6	0.292017	2.890389E-8	0.000000	0.000000	0.000000	0.000000	0.000000	0.000000
5.420000E-6	0.697321	2.773238E-8	8.420000E-6	0.282183	2.940176E-8	0.000000	0.000000	0.000000	0.000000	0.000000	0.000000
5.424000E-6	0.695282	2.798929E-8	8.424000E-6	0.290063	2.853177E-8	0.000000	0.000000	0.000000	0.000000	0.000000	0.000000
5.424000E-6	0.694291	2.826509E-8	8.424000E-6	0.289049	2.868797E-8	0.000000	0.000000	0.000000	0.000000	0.000000	0.000000
5.424000E-6	0.696568	2.840658E-8	8.424000E-6	0.285636	2.897376E-8	0.000000	0.000000	0.000000	0.000000	0.000000	0.000000
5.424000E-6	0.701758	2.805663E-8	8.424000E-6	0.289620	2.925825E-8	0.000000	0.000000	0.000000	0.000000	0.000000	0.000000
5.420000E-6	0.702694	2.797349E-8	8.424000E-6	0.289770	2.881643E-8	0.000000	0.000000	0.000000	0.000000	0.000000	0.000000
5.420000E-6	0.698324	2.782162E-8	8.420000E-6	0.280015	2.940996E-8	0.000000	0.000000	0.000000	0.000000	0.000000	0.000000
5.424000E-6	0.696681	2.806490E-8	8.424000E-6	0.289637	2.863979E-8	0.000000	0.000000	0.000000	0.000000	0.000000	0.000000
5.424000E-6	0.694603	2.838598E-8	8.424000E-6	0.288817	2.897571E-8	0.000000	0.000000	0.000000	0.000000	0.000000	0.000000
5.424000E-6	0.689498	2.833222E-8	8.424000E-6	0.286188	2.911794E-8	0.000000	0.000000	0.000000	0.000000	0.000000	0.000000
5.424000E-6	0.697114	2.794943E-8	8.424000E-6	0.286907	2.927495E-8	0.000000	0.000000	0.000000	0.000000	0.000000	0.000000
5.420000E-6	0.702881	2.785450E-8	8.424000E-6	0.286681	2.897418E-8	0.000000	0.000000	0.000000	0.000000	0.000000	0.000000
5.420000E-6	0.701281	2.778237E-8	8.420000E-6	0.277938	2.953915E-8	0.000000	0.000000	0.000000	0.000000	0.000000	0.000000
5.424000E-6	0.699045	2.804330E-8	8.424000E-6	0.291100	2.858071E-8	0.000000	0.000000	0.000000	0.000000	0.000000	0.000000
5.424000E-6	0.693605	2.838591E-8	8.424000E-6	0.290939	2.882913E-8	0.000000	0.000000	0.000000	0.000000	0.000000	0.000000
5.424000E-6	0.693916	2.829134E-8	8.424000E-6	0.288042	2.904135E-8	0.000000	0.000000	0.000000	0.000000	0.000000	0.000000
