Trigger Count=587	Output Count=587	Elapsed Time=05.864	Number of Pulses CH0=2	Number of Pulses CH1=0
ple rate (Hz)=2.50E+8	Min record length=11364	Trigger level (V)=0.1000	Channel 0 threshold (V)=0.0600	Channel 1 threshold (V)=0.0600	Range (microseconds)=40.0000	Pulse 2 delay (microseconds)=1.0000	Lower cut-off frequency (Hz)=3.00E+7
                             	                             
Ch0_time1 (s)	Ch0_amp1 (V)	Ch0_width1 (s)	Ch0_time2 (s)	Ch0_amp2 (V)	Ch0_width2 (s)	Ch1_time1 (s)	Ch1_amp1 (V)	Ch1_width1 (s)	Ch1_time2 (s)	Ch1_amp2 (V)	Ch1_width2 (s)
5.424000E-6	0.690515	2.826527E-8	8.424000E-6	0.204138	2.938634E-8	0.000000	0.000000	0.000000	0.000000	0.000000	0.000000
5.424000E-6	0.699159	2.796408E-8	8.424000E-6	0.205058	2.918778E-8	0.000000	0.000000	0.000000	0.000000	0.000000	0.000000
5.424000E-6	0.700471	2.785726E-8	8.428000E-6	0.199629	2.966760E-8	0.000000	0.000000	0.000000	0.000000	0.000000	0.000000
5.424000E-6	0.698878	2.814603E-8	8.424000E-6	0.208508	2.916174E-8	0.000000	0.000000	0.000000	0.000000	0.000000	0.000000
5.424000E-6	0.690462	2.843503E-8	8.424000E-6	0.207037	2.915760E-8	0.000000	0.000000	0.000000	0.000000	0.000000	0.000000
5.424000E-6	0.692407	2.822283E-8	8.424000E-6	0.206371	2.924894E-8	0.000000	0.000000	0.000000	0.000000	0.000000	0.000000
5.424000E-6	0.700602	2.799257E-8	8.424000E-6	0.205078	2.935412E-8	0.000000	0.000000	0.000000	0.000000	0.000000	0.000000
5.420000E-6	0.668220	2.853133E-8	8.424000E-6	0.206793	2.910401E-8	0.000000	0.000000	0.000000	0.000000	0.000000	0.000000
5.424000E-6	0.699191	2.779388E-8	8.428000E-6	0.198812	2.975670E-8	0.000000	0.000000	0.000000	0.000000	0.000000	0.000000
5.424000E-6	0.693877	2.805566E-8	8.424000E-6	0.209108	2.872159E-8	0.000000	0.000000	0.000000	0.000000	0.000000	0.000000
5.424000E-6	0.695449	2.844131E-8	8.424000E-6	0.205625	2.901084E-8	0.000000	0.000000	0.000000	0.000000	0.000000	0.000000
5.424000E-6	0.695205	2.846109E-8	8.424000E-6	0.207101	2.911523E-8	0.000000	0.000000	0.000000	0.000000	0.000000	0.000000
5.424000E-6	0.697997	2.797552E-8	8.424000E-6	0.207074	2.928337E-8	0.000000	0.000000	0.000000	0.000000	0.000000	0.000000
5.420000E-6	0.704222	2.791722E-8	8.424000E-6	0.206827	2.894685E-8	0.000000	0.000000	0.000000	0.000000	0.000000	0.000000
5.424000E-6	0.699682	2.772857E-8	8.428000E-6	0.199150	2.988619E-8	0.000000	0.000000	0.000000	0.000000	0.000000	0.000000
5.424000E-6	0.697826	2.803275E-8	8.424000E-6	0.207888	2.894054E-8	0.000000	0.000000	0.000000	0.000000	0.000000	0.000000
5.424000E-6	0.692481	2.845912E-8	8.424000E-6	0.205476	2.896431E-8	0.000000	0.000000	0.000000	0.000000	0.000000	0.000000
5.424000E-6	0.688207	2.820815E-8	8.424000E-6	0.203974	2.918985E-8	0.000000	0.000000	0.000000	0.000000	0.000000	0.000000
5.424000E-6	0.696120	2.794076E-8	8.424000E-6	0.206068	2.895376E-8	0.000000	0.000000	0.000000	0.000000	0.000000	0.000000
5.420000E-6	0.701533	2.778898E-8	8.424000E-6	0.208359	2.930279E-8	0.000000	0.000000	0.000000	0.000000	0.000000	0.000000
5.420000E-6	0.701516	2.782130E-8	8.424000E-6	0.199159	2.976363E-8	0.000000	0.000000	0.000000	0.000000	0.000000	0.000000
5.424000E-6	0.694508	2.792345E-8	8.424000E-6	0.206475	2.892088E-8	0.000000	0.000000	0.000000	0.000000	0.000000	0.000000
5.424000E-6	0.697186	2.838038E-8	8.424000E-6	0.207840	2.888935E-8	0.000000	0.000000	0.000000	0.000000	0.000000	0.000000
5.424000E-6	0.694055	2.843013E-8	8.424000E-6	0.204664	2.907931E-8	0.000000	0.000000	0.000000	0.000000	0.000000	0.000000
5.424000E-6	0.700083	2.827476E-8	8.424000E-6	0.206150	2.914052E-8	0.000000	0.000000	0.000000	0.000000	0.000000	0.000000
5.424000E-6	0.696219	2.784300E-8	8.424000E-6	0.205340	2.876500E-8	0.000000	0.000000	0.000000	0.000000	0.000000	0.000000
5.420000E-6	0.704921	2.791900E-8	8.424000E-6	0.206010	2.877714E-8	0.000000	0.000000	0.000000	0.000000	0.000000	0.000000
5.424000E-6	0.696702	2.791976E-8	8.424000E-6	0.205643	2.860741E-8	0.000000	0.000000	0.000000	0.000000	0.000000	0.000000
5.424000E-6	0.697095	2.817451E-8	8.424000E-6	0.206562	2.887620E-8	0.000000	0.000000	0.000000	0.000000	0.000000	0.000000
5.424000E-6	0.689851	2.840297E-8	8.424000E-6	0.205061	2.905128E-8	0.000000	0.000000	0.000000	0.000000	0.000000	0.000000
5.424000E-6	0.698158	2.832040E-8	8.424000E-6	0.203594	2.925989E-8	0.000000	0.000000	0.000000	0.000000	0.000000	0.000000
5.424000E-6	0.700977	2.795042E-8	8.424000E-6	0.208640	2.888516E-8	0.000000	0.000000	0.000000	0.000000	0.000000	0.000000
5.420000E-6	0.567963	3.114336E-8	8.424000E-6	0.205872	2.869720E-8	0.000000	0.000000	0.000000	0.000000	0.000000	0.000000
5.424000E-6	0.704321	2.794600E-8	8.428000E-6	0.198152	2.975528E-8	0.000000	0.000000	0.000000	0.000000	0.000000	0.000000
5.424000E-6	0.695241	2.800867E-8	8.424000E-6	0.207424	2.888541E-8	0.000000	0.000000	0.000000	0.000000	0.000000	0.000000
5.424000E-6	0.689769	2.825822E-8	8.424000E-6	0.206311	2.919229E-8	0.000000	0.000000	0.000000	0.000000	0.000000	0.000000
5.424000E-6	0.690788	2.831227E-8	8.424000E-6	0.205254	2.928881E-8	0.000000	0.000000	0.000000	0.000000	0.000000	0.000000
5.424000E-6	0.695177	2.803042E-8	8.424000E-6	0.207022	2.906530E-8	0.000000	0.000000	0.000000	0.000000	0.000000	0.000000
5.420000E-6	0.697721	2.776945E-8	8.424000E-6	0.208786	2.892536E-8	0.000000	0.000000	0.000000	0.000000	0.000000	0.000000
5.420000E-6	0.706150	2.788332E-8	8.424000E-6	0.197224	2.938642E-8	0.000000	0.000000	0.000000	0.000000	0.000000	0.000000
5.424000E-6	0.702296	2.803178E-8	8.424000E-6	0.208143	2.881510E-8	0.000000	0.000000	0.000000	0.000000	0.000000	0.000000
5.424000E-6	0.692395	2.815029E-8	8.424000E-6	0.205627	2.914526E-8	0.000000	0.000000	0.000000	0.000000	0.000000	0.000000
5.424000E-6	0.694169	2.844860E-8	8.424000E-6	0.207593	2.899584E-8	0.000000	0.000000	0.000000	0.000000	0.000000	0.000000
5.424000E-6	0.697586	2.824619E-8	8.424000E-6	0.205551	2.918124E-8	0.000000	0.000000	0.000000	0.000000	0.000000	0.000000
5.424000E-6	0.701044	2.801371E-8	8.424000E-6	0.206479	2.910609E-8	0.000000	0.000000	0.000000	0.000000	0.000000	0.000000
5.420000E-6	0.670239	2.852457E-8	8.424000E-6	0.206529	2.887447E-8	0.000000	0.000000	0.000000	0.000000	0.000000	0.000000
5.424000E-6	0.701404	2.774109E-8	8.428000E-6	0.198022	2.945303E-8	0.000000	0.000000	0.000000	0.000000	0.000000	0.000000
5.424000E-6	0.704608	2.822348E-8	8.424000E-6	0.204660	2.875205E-8	0.000000	0.000000	0.000000	0.000000	0.000000	0.000000
5.424000E-6	0.691627	2.845182E-8	8.424000E-6	0.207305	2.907283E-8	0.000000	0.000000	0.000000	0.000000	0.000000	0.000000
5.424000E-6	0.696284	2.847067E-8	8.424000E-6	0.204774	2.939840E-8	0.000000	0.000000	0.000000	0.000000	0.000000	0.000000
5.424000E-6	0.695897	2.797888E-8	8.424000E-6	0.204409	2.934387E-8	0.000000	0.000000	0.000000	0.000000	0.000000	0.000000
5.420000E-6	0.701804	2.776658E-8	8.424000E-6	0.208393	2.893854E-8	0.000000	0.000000	0.000000	0.000000	0.000000	0.000000
5.420000E-6	0.700597	2.775919E-8	8.424000E-6	0.200484	2.940667E-8	0.000000	0.000000	0.000000	0.000000	0.000000	0.000000
5.424000E-6	0.699238	2.812233E-8	8.424000E-6	0.202703	2.875834E-8	0.000000	0.000000	0.000000	0.000000	0.000000	0.000000
5.424000E-6	0.696712	2.828491E-8	8.424000E-6	0.206232	2.861896E-8	0.000000	0.000000	0.000000	0.000000	0.000000	0.000000
5.424000E-6	0.690470	2.848423E-8	8.424000E-6	0.206229	2.928721E-8	0.000000	0.000000	0.000000	0.000000	0.000000	0.000000
5.424000E-6	0.691758	2.803506E-8	8.424000E-6	0.208750	2.936713E-8	0.000000	0.000000	0.000000	0.000000	0.000000	0.000000
5.424000E-6	0.700092	2.778231E-8	8.424000E-6	0.205998	2.887692E-8	0.000000	0.000000	0.000000	0.000000	0.000000	0.000000
5.420000E-6	0.671371	2.853587E-8	8.424000E-6	0.206173	2.894437E-8	0.000000	0.000000	0.000000	0.000000	0.000000	0.000000
5.424000E-6	0.696005	2.781155E-8	8.424000E-6	0.206465	2.900222E-8	0.000000	0.000000	0.000000	0.000000	0.000000	0.000000
5.424000E-6	0.697700	2.821961E-8	8.424000E-6	0.203894	2.875608E-8	0.000000	0.000000	0.000000	0.000000	0.000000	0.000000
5.424000E-6	0.692194	2.828435E-8	8.424000E-6	0.206475	2.906482E-8	0.000000	0.000000	0.000000	0.000000	0.000000	0.000000
5.424000E-6	0.694599	2.836282E-8	8.424000E-6	0.202969	2.907620E-8	0.000000	0.000000	0.000000	0.000000	0.000000	0.000000
5.424000E-6	0.699729	2.822133E-8	8.424000E-6	0.206973	2.926728E-8	0.000000	0.000000	0.000000	0.000000	0.000000	0.000000
5.420000E-6	0.697575	2.779178E-8	8.424000E-6	0.206428	2.913482E-8	0.000000	0.000000	0.000000	0.000000	0.000000	0.000000
5.420000E-6	0.698645	2.771251E-8	8.424000E-6	0.208267	2.878086E-8	0.000000	0.000000	0.000000	0.000000	0.000000	0.000000
5.424000E-6	0.705327	2.808460E-8	8.424000E-6	0.197778	2.979227E-8	0.000000	0.000000	0.000000	0.000000	0.000000	0.000000
5.424000E-6	0.699402	2.834376E-8	8.424000E-6	0.206207	2.892074E-8	0.000000	0.000000	0.000000	0.000000	0.000000	0.000000
5.424000E-6	0.691016	2.838463E-8	8.424000E-6	0.205159	2.913010E-8	0.000000	0.000000	0.000000	0.000000	0.000000	0.000000
5.424000E-6	0.691721	2.814354E-8	8.424000E-6	0.206957	2.906335E-8	0.000000	0.000000	0.000000	0.000000	0.000000	0.000000
5.424000E-6	0.696318	2.785776E-8	8.424000E-6	0.206898	2.881742E-8	0.000000	0.000000	0.000000	0.000000	0.000000	0.000000
5.420000E-6	0.701113	2.772108E-8	8.424000E-6	0.206010	2.884872E-8	0.000000	0.000000	0.000000	0.000000	0.000000	0.000000
5.424000E-6	0.703475	2.802404E-8	8.424000E-6	0.196302	2.932809E-8	0.000000	0.000000	0.000000	0.000000	0.000000	0.000000
5.424000E-6	0.696368	2.794197E-8	8.424000E-6	0.206966	2.878870E-8	0.000000	0.000000	0.000000	0.000000	0.000000	0.000000
5.424000E-6	0.687203	2.829792E-8	8.424000E-6	0.203653	2.975456E-8	0.000000	0.000000	0.000000	0.000000	0.000000	0.000000
5.424000E-6	0.696992	2.841528E-8	8.424000E-6	0.205034	2.922854E-8	0.000000	0.000000	0.000000	0.000000	0.000000	0.000000
5.424000E-6	0.694989	2.793653E-8	8.424000E-6	0.205627	2.892909E-8	0.000000	0.000000	0.000000	0.000000	0.000000	0.000000
5.420000E-6	0.698160	2.783599E-8	8.424000E-6	0.209108	2.896438E-8	0.000000	0.000000	0.000000	0.000000	0.000000	0.000000
5.420000E-6	0.701869	2.780581E-8	8.424000E-6	0.198279	2.941862E-8	0.000000	0.000000	0.000000	0.000000	0.000000	0.000000
5.424000E-6	0.700043	2.810119E-8	8.424000E-6	0.205677	2.877428E-8	0.000000	0.000000	0.000000	0.000000	0.000000	0.000000
5.424000E-6	0.694987	2.826039E-8	8.424000E-6	0.205904	2.905009E-8	0.000000	0.000000	0.000000	0.000000	0.000000	0.000000
5.424000E-6	0.694588	2.861041E-8	8.424000E-6	0.207458	2.904805E-8	0.000000	0.000000	0.000000	0.000000	0.000000	0.000000
5.424000E-6	0.692696	2.816876E-8	8.424000E-6	0.204077	2.916839E-8	0.000000	0.000000	0.000000	0.000000	0.000000	0.000000
5.424000E-6	0.697006	2.784066E-8	8.424000E-6	0.204382	2.880585E-8	0.000000	0.000000	0.000000	0.000000	0.000000	0.000000
5.420000E-6	0.567847	3.107191E-8	8.424000E-6	0.211176	2.895260E-8	0.000000	0.000000	0.000000	0.000000	0.000000	0.000000
5.424000E-6	0.697976	2.776297E-8	8.424000E-6	0.207029	2.873772E-8	0.000000	0.000000	0.000000	0.000000	0.000000	0.000000
5.424000E-6	0.699276	2.824092E-8	8.424000E-6	0.204588	2.902222E-8	0.000000	0.000000	0.000000	0.000000	0.000000	0.000000
5.424000E-6	0.693263	2.856792E-8	8.424000E-6	0.205956	2.912893E-8	0.000000	0.000000	0.000000	0.000000	0.000000	0.000000
5.424000E-6	0.692941	2.822931E-8	8.424000E-6	0.205201	2.930072E-8	0.000000	0.000000	0.000000	0.000000	0.000000	0.000000
5.424000E-6	0.703934	2.811514E-8	8.424000E-6	0.205240	2.910966E-8	0.000000	0.000000	0.000000	0.000000	0.000000	0.000000
5.420000E-6	0.698448	2.769844E-8	8.424000E-6	0.207562	2.917945E-8	0.000000	0.000000	0.000000	0.000000	0.000000	0.000000
5.420000E-6	0.697969	2.773010E-8	8.424000E-6	0.206170	2.891082E-8	0.000000	0.000000	0.000000	0.000000	0.000000	0.000000
5.424000E-6	0.694665	2.791646E-8	8.424000E-6	0.203498	2.864194E-8	0.000000	0.000000	0.000000	0.000000	0.000000	0.000000
5.424000E-6	0.689409	2.820399E-8	8.424000E-6	0.205934	2.866984E-8	0.000000	0.000000	0.000000	0.000000	0.000000	0.000000
5.424000E-6	0.693027	2.857233E-8	8.424000E-6	0.206571	2.923556E-8	0.000000	0.000000	0.000000	0.000000	0.000000	0.000000
5.424000E-6	0.694627	2.819946E-8	8.424000E-6	0.205163	2.900758E-8	0.000000	0.000000	0.000000	0.000000	0.000000	0.000000
5.424000E-6	0.698211	2.787846E-8	8.424000E-6	0.207892	2.920003E-8	0.000000	0.000000	0.000000	0.000000	0.000000	0.000000
5.420000E-6	0.667881	2.841741E-8	8.424000E-6	0.207221	2.884949E-8	0.000000	0.000000	0.000000	0.000000	0.000000	0.000000
5.424000E-6	0.701185	2.774063E-8	8.428000E-6	0.197449	2.930545E-8	0.000000	0.000000	0.000000	0.000000	0.000000	0.000000
5.424000E-6	0.697771	2.797819E-8	8.424000E-6	0.207454	2.887214E-8	0.000000	0.000000	0.000000	0.000000	0.000000	0.000000
5.424000E-6	0.693738	2.836887E-8	8.424000E-6	0.203082	2.884930E-8	0.000000	0.000000	0.000000	0.000000	0.000000	0.000000
5.424000E-6	0.689906	2.837168E-8	8.424000E-6	0.204988	2.903610E-8	0.000000	0.000000	0.000000	0.000000	0.000000	0.000000
5.424000E-6	0.701480	2.833121E-8	8.424000E-6	0.199163	2.933058E-8	0.000000	0.000000	0.000000	0.000000	0.000000	0.000000
5.424000E-6	0.698375	2.790906E-8	8.424000E-6	0.205534	2.908366E-8	0.000000	0.000000	0.000000	0.000000	0.000000	0.000000
5.420000E-6	0.565977	3.114018E-8	8.424000E-6	0.198841	2.983929E-8	0.000000	0.000000	0.000000	0.000000	0.000000	0.000000
5.424000E-6	0.698874	2.792948E-8	8.428000E-6	0.200924	2.909469E-8	0.000000	0.000000	0.000000	0.000000	0.000000	0.000000
5.424000E-6	0.700892	2.815787E-8	8.424000E-6	0.205541	2.883312E-8	0.000000	0.000000	0.000000	0.000000	0.000000	0.000000
5.424000E-6	0.693662	2.842730E-8	8.424000E-6	0.205715	2.899939E-8	0.000000	0.000000	0.000000	0.000000	0.000000	0.000000
5.424000E-6	0.694367	2.845479E-8	8.424000E-6	0.204669	2.908249E-8	0.000000	0.000000	0.000000	0.000000	0.000000	0.000000
5.424000E-6	0.695849	2.808520E-8	8.424000E-6	0.204342	2.916723E-8	0.000000	0.000000	0.000000	0.000000	0.000000	0.000000
5.420000E-6	0.699659	2.780801E-8	8.424000E-6	0.207275	2.903763E-8	0.000000	0.000000	0.000000	0.000000	0.000000	0.000000
5.420000E-6	0.702343	2.782266E-8	8.424000E-6	0.201007	2.950903E-8	0.000000	0.000000	0.000000	0.000000	0.000000	0.000000
5.424000E-6	0.696482	2.787359E-8	8.424000E-6	0.199009	2.943563E-8	0.000000	0.000000	0.000000	0.000000	0.000000	0.000000
5.424000E-6	0.687756	2.822593E-8	8.424000E-6	0.206369	2.920728E-8	0.000000	0.000000	0.000000	0.000000	0.000000	0.000000
5.424000E-6	0.691499	2.850450E-8	8.424000E-6	0.204859	2.922923E-8	0.000000	0.000000	0.000000	0.000000	0.000000	0.000000
5.424000E-6	0.696669	2.808320E-8	8.424000E-6	0.209822	2.893749E-8	0.000000	0.000000	0.000000	0.000000	0.000000	0.000000
5.424000E-6	0.705083	2.787170E-8	8.424000E-6	0.208292	2.895606E-8	0.000000	0.000000	0.000000	0.000000	0.000000	0.000000
5.420000E-6	0.703250	2.775656E-8	8.424000E-6	0.203970	2.879914E-8	0.000000	0.000000	0.000000	0.000000	0.000000	0.000000
5.424000E-6	0.702789	2.794691E-8	8.424000E-6	0.206167	2.878425E-8	0.000000	0.000000	0.000000	0.000000	0.000000	0.000000
5.424000E-6	0.696885	2.828937E-8	8.424000E-6	0.205763	2.877478E-8	0.000000	0.000000	0.000000	0.000000	0.000000	0.000000
5.424000E-6	0.688298	2.830800E-8	8.424000E-6	0.205205	2.904034E-8	0.000000	0.000000	0.000000	0.000000	0.000000	0.000000
5.424000E-6	0.695312	2.839175E-8	8.424000E-6	0.206124	2.909550E-8	0.000000	0.000000	0.000000	0.000000	0.000000	0.000000
5.424000E-6	0.697058	2.797567E-8	8.424000E-6	0.205299	2.903959E-8	0.000000	0.000000	0.000000	0.000000	0.000000	0.000000
5.420000E-6	0.704891	2.777576E-8	8.424000E-6	0.207455	2.902355E-8	0.000000	0.000000	0.000000	0.000000	0.000000	0.000000
5.424000E-6	0.697830	2.777818E-8	8.428000E-6	0.198854	2.971649E-8	0.000000	0.000000	0.000000	0.000000	0.000000	0.000000
5.424000E-6	0.700517	2.813783E-8	8.424000E-6	0.210644	2.868807E-8	0.000000	0.000000	0.000000	0.000000	0.000000	0.000000
5.424000E-6	0.695957	2.846365E-8	8.424000E-6	0.206061	2.920700E-8	0.000000	0.000000	0.000000	0.000000	0.000000	0.000000
5.424000E-6	0.692991	2.841595E-8	8.424000E-6	0.205257	2.913040E-8	0.000000	0.000000	0.000000	0.000000	0.000000	0.000000
5.424000E-6	0.694639	2.808990E-8	8.424000E-6	0.205933	2.930090E-8	0.000000	0.000000	0.000000	0.000000	0.000000	0.000000
5.420000E-6	0.696559	2.778594E-8	8.424000E-6	0.205701	2.894369E-8	0.000000	0.000000	0.000000	0.000000	0.000000	0.000000
5.420000E-6	0.695995	2.773929E-8	8.424000E-6	0.197121	2.954852E-8	0.000000	0.000000	0.000000	0.000000	0.000000	0.000000
5.424000E-6	0.702519	2.813178E-8	8.424000E-6	0.207059	2.886988E-8	0.000000	0.000000	0.000000	0.000000	0.000000	0.000000
5.424000E-6	0.696954	2.851047E-8	8.424000E-6	0.206524	2.917993E-8	0.000000	0.000000	0.000000	0.000000	0.000000	0.000000
5.424000E-6	0.695443	2.834783E-8	8.424000E-6	0.206612	2.933028E-8	0.000000	0.000000	0.000000	0.000000	0.000000	0.000000
5.424000E-6	0.699744	2.818064E-8	8.424000E-6	0.207744	2.905329E-8	0.000000	0.000000	0.000000	0.000000	0.000000	0.000000
5.424000E-6	0.697656	2.778688E-8	8.424000E-6	0.208908	2.879546E-8	0.000000	0.000000	0.000000	0.000000	0.000000	0.000000
5.420000E-6	0.698064	2.778722E-8	8.424000E-6	0.199363	2.925402E-8	0.000000	0.000000	0.000000	0.000000	0.000000	0.000000
5.424000E-6	0.697134	2.792308E-8	8.424000E-6	0.206452	2.896610E-8	0.000000	0.000000	0.000000	0.000000	0.000000	0.000000
5.424000E-6	0.692158	2.816439E-8	8.424000E-6	0.207600	2.859718E-8	0.000000	0.000000	0.000000	0.000000	0.000000	0.000000
5.424000E-6	0.694686	2.848835E-8	8.424000E-6	0.202164	2.936861E-8	0.000000	0.000000	0.000000	0.000000	0.000000	0.000000
5.424000E-6	0.700283	2.819721E-8	8.424000E-6	0.206638	2.936949E-8	0.000000	0.000000	0.000000	0.000000	0.000000	0.000000
5.424000E-6	0.700140	2.793400E-8	8.424000E-6	0.207426	2.948461E-8	0.000000	0.000000	0.000000	0.000000	0.000000	0.000000
5.420000E-6	0.698712	2.782840E-8	8.424000E-6	0.207085	2.924127E-8	0.000000	0.000000	0.000000	0.000000	0.000000	0.000000
5.424000E-6	0.696200	2.781663E-8	8.424000E-6	0.207646	2.898210E-8	0.000000	0.000000	0.000000	0.000000	0.000000	0.000000
5.424000E-6	0.698647	2.828465E-8	8.424000E-6	0.205068	2.916787E-8	0.000000	0.000000	0.000000	0.000000	0.000000	0.000000
5.424000E-6	0.691495	2.843193E-8	8.424000E-6	0.206005	2.939579E-8	0.000000	0.000000	0.000000	0.000000	0.000000	0.000000
5.424000E-6	0.696142	2.815174E-8	8.424000E-6	0.205167	2.937383E-8	0.000000	0.000000	0.000000	0.000000	0.000000	0.000000
5.424000E-6	0.704351	2.798326E-8	8.424000E-6	0.204986	2.918997E-8	0.000000	0.000000	0.000000	0.000000	0.000000	0.000000
5.420000E-6	0.672843	2.848567E-8	8.424000E-6	0.206653	2.854912E-8	0.000000	0.000000	0.000000	0.000000	0.000000	0.000000
5.424000E-6	0.701456	2.794092E-8	8.424000E-6	0.197801	2.962964E-8	0.000000	0.000000	0.000000	0.000000	0.000000	0.000000
5.424000E-6	0.694471	2.801077E-8	8.424000E-6	0.205622	2.920742E-8	0.000000	0.000000	0.000000	0.000000	0.000000	0.000000
5.424000E-6	0.695879	2.852445E-8	8.424000E-6	0.211826	2.894064E-8	0.000000	0.000000	0.000000	0.000000	0.000000	0.000000
5.424000E-6	0.691965	2.832753E-8	8.424000E-6	0.205696	2.923729E-8	0.000000	0.000000	0.000000	0.000000	0.000000	0.000000
5.424000E-6	0.694996	2.796870E-8	8.424000E-6	0.206636	2.941017E-8	0.000000	0.000000	0.000000	0.000000	0.000000	0.000000
5.420000E-6	0.703243	2.800344E-8	8.424000E-6	0.207709	2.907790E-8	0.000000	0.000000	0.000000	0.000000	0.000000	0.000000
5.420000E-6	0.700595	2.766877E-8	8.424000E-6	0.198323	2.968149E-8	0.000000	0.000000	0.000000	0.000000	0.000000	0.000000
5.424000E-6	0.698948	2.800388E-8	8.424000E-6	0.206727	2.906232E-8	0.000000	0.000000	0.000000	0.000000	0.000000	0.000000
5.424000E-6	0.698628	2.825380E-8	8.424000E-6	0.206042	2.917556E-8	0.000000	0.000000	0.000000	0.000000	0.000000	0.000000
5.424000E-6	0.691121	2.834308E-8	8.424000E-6	0.206911	2.934620E-8	0.000000	0.000000	0.000000	0.000000	0.000000	0.000000
5.424000E-6	0.694219	2.817462E-8	8.424000E-6	0.203572	2.924686E-8	0.000000	0.000000	0.000000	0.000000	0.000000	0.000000
5.424000E-6	0.698761	2.804186E-8	8.424000E-6	0.204861	2.956631E-8	0.000000	0.000000	0.000000	0.000000	0.000000	0.000000
5.420000E-6	0.674228	2.865171E-8	8.424000E-6	0.207922	2.860703E-8	0.000000	0.000000	0.000000	0.000000	0.000000	0.000000
5.424000E-6	0.702787	2.791640E-8	8.428000E-6	0.206434	2.900234E-8	0.000000	0.000000	0.000000	0.000000	0.000000	0.000000
5.424000E-6	0.694201	2.802994E-8	8.424000E-6	0.206564	2.875481E-8	0.000000	0.000000	0.000000	0.000000	0.000000	0.000000
5.424000E-6	0.693095	2.843429E-8	8.424000E-6	0.204679	2.892850E-8	0.000000	0.000000	0.000000	0.000000	0.000000	0.000000
5.424000E-6	0.690733	2.831699E-8	8.424000E-6	0.204822	2.943418E-8	0.000000	0.000000	0.000000	0.000000	0.000000	0.000000
5.424000E-6	0.692567	2.800456E-8	8.424000E-6	0.205723	2.923152E-8	0.000000	0.000000	0.000000	0.000000	0.000000	0.000000
5.424000E-6	0.699865	2.779919E-8	8.424000E-6	0.206908	2.876075E-8	0.000000	0.000000	0.000000	0.000000	0.000000	0.000000
5.420000E-6	0.698738	2.787358E-8	8.424000E-6	0.206732	2.898298E-8	0.000000	0.000000	0.000000	0.000000	0.000000	0.000000
5.424000E-6	0.698354	2.788717E-8	8.424000E-6	0.205130	2.888077E-8	0.000000	0.000000	0.000000	0.000000	0.000000	0.000000
5.424000E-6	0.696514	2.822417E-8	8.424000E-6	0.204515	2.869525E-8	0.000000	0.000000	0.000000	0.000000	0.000000	0.000000
5.424000E-6	0.691678	2.854940E-8	8.424000E-6	0.206755	2.889434E-8	0.000000	0.000000	0.000000	0.000000	0.000000	0.000000
5.424000E-6	0.691310	2.821616E-8	8.424000E-6	0.204904	2.946948E-8	0.000000	0.000000	0.000000	0.000000	0.000000	0.000000
5.424000E-6	0.696396	2.793656E-8	8.424000E-6	0.206262	2.914567E-8	0.000000	0.000000	0.000000	0.000000	0.000000	0.000000
5.420000E-6	0.704520	2.786987E-8	8.424000E-6	0.206130	2.895210E-8	0.000000	0.000000	0.000000	0.000000	0.000000	0.000000
5.424000E-6	0.701901	2.800469E-8	8.428000E-6	0.209567	2.880541E-8	0.000000	0.000000	0.000000	0.000000	0.000000	0.000000
5.424000E-6	0.700960	2.805768E-8	8.424000E-6	0.207221	2.870090E-8	0.000000	0.000000	0.000000	0.000000	0.000000	0.000000
5.424000E-6	0.693709	2.838694E-8	8.424000E-6	0.208105	2.872481E-8	0.000000	0.000000	0.000000	0.000000	0.000000	0.000000
5.424000E-6	0.691925	2.826900E-8	8.424000E-6	0.204625	2.929172E-8	0.000000	0.000000	0.000000	0.000000	0.000000	0.000000
5.424000E-6	0.700360	2.819812E-8	8.424000E-6	0.204964	2.914253E-8	0.000000	0.000000	0.000000	0.000000	0.000000	0.000000
5.424000E-6	0.699839	2.773796E-8	8.424000E-6	0.207834	2.890466E-8	0.000000	0.000000	0.000000	0.000000	0.000000	0.000000
5.420000E-6	0.704048	2.781998E-8	8.424000E-6	0.207470	2.875498E-8	0.000000	0.000000	0.000000	0.000000	0.000000	0.000000
5.424000E-6	0.695454	2.788695E-8	8.424000E-6	0.196676	2.940580E-8	0.000000	0.000000	0.000000	0.000000	0.000000	0.000000
5.424000E-6	0.692253	2.811857E-8	8.424000E-6	0.205688	2.881245E-8	0.000000	0.000000	0.000000	0.000000	0.000000	0.000000
5.424000E-6	0.694331	2.835718E-8	8.424000E-6	0.206545	2.876194E-8	0.000000	0.000000	0.000000	0.000000	0.000000	0.000000
5.424000E-6	0.692660	2.827232E-8	8.424000E-6	0.204986	2.912791E-8	0.000000	0.000000	0.000000	0.000000	0.000000	0.000000
5.424000E-6	0.702489	2.813887E-8	8.424000E-6	0.205429	2.918250E-8	0.000000	0.000000	0.000000	0.000000	0.000000	0.000000
5.420000E-6	0.707183	2.788396E-8	8.424000E-6	0.207900	2.912350E-8	0.000000	0.000000	0.000000	0.000000	0.000000	0.000000
5.420000E-6	0.702361	2.785372E-8	8.424000E-6	0.197587	2.941833E-8	0.000000	0.000000	0.000000	0.000000	0.000000	0.000000
5.424000E-6	0.693068	2.794236E-8	8.424000E-6	0.208233	2.872119E-8	0.000000	0.000000	0.000000	0.000000	0.000000	0.000000
5.424000E-6	0.691129	2.817616E-8	8.424000E-6	0.206106	2.891397E-8	0.000000	0.000000	0.000000	0.000000	0.000000	0.000000
5.424000E-6	0.694592	2.842772E-8	8.424000E-6	0.203685	2.913231E-8	0.000000	0.000000	0.000000	0.000000	0.000000	0.000000
5.424000E-6	0.696437	2.821455E-8	8.424000E-6	0.206507	2.903708E-8	0.000000	0.000000	0.000000	0.000000	0.000000	0.000000
5.424000E-6	0.695697	2.768875E-8	8.424000E-6	0.207036	2.891688E-8	0.000000	0.000000	0.000000	0.000000	0.000000	0.000000
5.420000E-6	0.700253	2.788775E-8	8.424000E-6	0.199362	2.960143E-8	0.000000	0.000000	0.000000	0.000000	0.000000	0.000000
5.424000E-6	0.695850	2.786406E-8	8.424000E-6	0.204656	2.841773E-8	0.000000	0.000000	0.000000	0.000000	0.000000	0.000000
5.424000E-6	0.689879	2.812830E-8	8.424000E-6	0.207021	2.883345E-8	0.000000	0.000000	0.000000	0.000000	0.000000	0.000000
5.424000E-6	0.693740	2.860191E-8	8.424000E-6	0.205149	2.903548E-8	0.000000	0.000000	0.000000	0.000000	0.000000	0.000000
5.424000E-6	0.696360	2.828455E-8	8.424000E-6	0.201417	2.930266E-8	0.000000	0.000000	0.000000	0.000000	0.000000	0.000000
5.424000E-6	0.703408	2.804647E-8	8.424000E-6	0.206903	2.893231E-8	0.000000	0.000000	0.000000	0.000000	0.000000	0.000000
5.420000E-6	0.696891	2.775338E-8	8.424000E-6	0.207616	2.928681E-8	0.000000	0.000000	0.000000	0.000000	0.000000	0.000000
5.424000E-6	0.701543	2.788109E-8	8.428000E-6	0.198451	2.955940E-8	0.000000	0.000000	0.000000	0.000000	0.000000	0.000000
5.424000E-6	0.696122	2.801547E-8	8.424000E-6	0.206561	2.875226E-8	0.000000	0.000000	0.000000	0.000000	0.000000	0.000000
5.424000E-6	0.689739	2.815812E-8	8.424000E-6	0.206746	2.886884E-8	0.000000	0.000000	0.000000	0.000000	0.000000	0.000000
5.424000E-6	0.694636	2.838854E-8	8.424000E-6	0.206011	2.932543E-8	0.000000	0.000000	0.000000	0.000000	0.000000	0.000000
5.424000E-6	0.693964	2.813769E-8	8.424000E-6	0.205574	2.935390E-8	0.000000	0.000000	0.000000	0.000000	0.000000	0.000000
5.424000E-6	0.703161	2.782484E-8	8.424000E-6	0.207381	2.904502E-8	0.000000	0.000000	0.000000	0.000000	0.000000	0.000000
5.420000E-6	0.567963	3.103055E-8	8.424000E-6	0.208988	2.891407E-8	0.000000	0.000000	0.000000	0.000000	0.000000	0.000000
5.424000E-6	0.704286	2.789242E-8	8.424000E-6	0.196026	2.949951E-8	0.000000	0.000000	0.000000	0.000000	0.000000	0.000000
5.424000E-6	0.696647	2.822220E-8	8.424000E-6	0.207216	2.908775E-8	0.000000	0.000000	0.000000	0.000000	0.000000	0.000000
5.424000E-6	0.695420	2.844627E-8	8.424000E-6	0.209346	2.924538E-8	0.000000	0.000000	0.000000	0.000000	0.000000	0.000000
5.424000E-6	0.697670	2.832705E-8	8.424000E-6	0.205994	2.919089E-8	0.000000	0.000000	0.000000	0.000000	0.000000	0.000000
5.424000E-6	0.695071	2.797546E-8	8.424000E-6	0.208188	2.871397E-8	0.000000	0.000000	0.000000	0.000000	0.000000	0.000000
5.420000E-6	0.699305	2.793066E-8	8.424000E-6	0.203918	2.929651E-8	0.000000	0.000000	0.000000	0.000000	0.000000	0.000000
5.424000E-6	0.699864	2.775697E-8	8.428000E-6	0.206972	2.903346E-8	0.000000	0.000000	0.000000	0.000000	0.000000	0.000000
5.424000E-6	0.697777	2.814883E-8	8.424000E-6	0.208627	2.886620E-8	0.000000	0.000000	0.000000	0.000000	0.000000	0.000000
5.424000E-6	0.697239	2.839456E-8	8.424000E-6	0.206046	2.868724E-8	0.000000	0.000000	0.000000	0.000000	0.000000	0.000000
5.424000E-6	0.692924	2.835731E-8	8.424000E-6	0.206875	2.913915E-8	0.000000	0.000000	0.000000	0.000000	0.000000	0.000000
5.424000E-6	0.701102	2.814682E-8	8.424000E-6	0.205223	2.912311E-8	0.000000	0.000000	0.000000	0.000000	0.000000	0.000000
5.424000E-6	0.697704	2.776243E-8	8.424000E-6	0.207022	2.900741E-8	0.000000	0.000000	0.000000	0.000000	0.000000	0.000000
5.420000E-6	0.699224	2.777212E-8	8.424000E-6	0.206026	2.872248E-8	0.000000	0.000000	0.000000	0.000000	0.000000	0.000000
5.424000E-6	0.697674	2.798634E-8	8.424000E-6	0.207970	2.889642E-8	0.000000	0.000000	0.000000	0.000000	0.000000	0.000000
5.424000E-6	0.697452	2.825753E-8	8.424000E-6	0.204132	2.903885E-8	0.000000	0.000000	0.000000	0.000000	0.000000	0.000000
5.424000E-6	0.687619	2.854259E-8	8.424000E-6	0.206140	2.917613E-8	0.000000	0.000000	0.000000	0.000000	0.000000	0.000000
5.424000E-6	0.693103	2.825780E-8	8.424000E-6	0.201879	2.949754E-8	0.000000	0.000000	0.000000	0.000000	0.000000	0.000000
5.424000E-6	0.703764	2.803946E-8	8.424000E-6	0.207472	2.899368E-8	0.000000	0.000000	0.000000	0.000000	0.000000	0.000000
5.420000E-6	0.672616	2.850816E-8	8.424000E-6	0.207451	2.891525E-8	0.000000	0.000000	0.000000	0.000000	0.000000	0.000000
5.424000E-6	0.699584	2.778770E-8	8.424000E-6	0.198845	2.965638E-8	0.000000	0.000000	0.000000	0.000000	0.000000	0.000000
5.424000E-6	0.694730	2.818359E-8	8.424000E-6	0.207215	2.885981E-8	0.000000	0.000000	0.000000	0.000000	0.000000	0.000000
5.424000E-6	0.692917	2.851751E-8	8.424000E-6	0.206244	2.906039E-8	0.000000	0.000000	0.000000	0.000000	0.000000	0.000000
5.424000E-6	0.695883	2.836624E-8	8.424000E-6	0.204064	2.919580E-8	0.000000	0.000000	0.000000	0.000000	0.000000	0.000000
5.424000E-6	0.702423	2.812103E-8	8.424000E-6	0.205567	2.881184E-8	0.000000	0.000000	0.000000	0.000000	0.000000	0.000000
5.420000E-6	0.700613	2.780111E-8	8.424000E-6	0.205803	2.898867E-8	0.000000	0.000000	0.000000	0.000000	0.000000	0.000000
5.424000E-6	0.698676	2.781952E-8	8.428000E-6	0.200729	2.949972E-8	0.000000	0.000000	0.000000	0.000000	0.000000	0.000000
5.424000E-6	0.701317	2.796155E-8	8.424000E-6	0.205908	2.884332E-8	0.000000	0.000000	0.000000	0.000000	0.000000	0.000000
5.424000E-6	0.691974	2.818581E-8	8.424000E-6	0.207272	2.888274E-8	0.000000	0.000000	0.000000	0.000000	0.000000	0.000000
5.424000E-6	0.689551	2.826588E-8	8.424000E-6	0.207774	2.900483E-8	0.000000	0.000000	0.000000	0.000000	0.000000	0.000000
5.424000E-6	0.696029	2.807696E-8	8.424000E-6	0.208856	2.876493E-8	0.000000	0.000000	0.000000	0.000000	0.000000	0.000000
5.420000E-6	0.701599	2.789413E-8	8.424000E-6	0.207077	2.892166E-8	0.000000	0.000000	0.000000	0.000000	0.000000	0.000000
5.420000E-6	0.699150	2.768386E-8	8.424000E-6	0.199152	2.960990E-8	0.000000	0.000000	0.000000	0.000000	0.000000	0.000000
5.424000E-6	0.700920	2.806548E-8	8.424000E-6	0.207878	2.880277E-8	0.000000	0.000000	0.000000	0.000000	0.000000	0.000000
5.424000E-6	0.699140	2.833053E-8	8.424000E-6	0.204013	2.863915E-8	0.000000	0.000000	0.000000	0.000000	0.000000	0.000000
5.424000E-6	0.692679	2.848936E-8	8.424000E-6	0.206017	2.929997E-8	0.000000	0.000000	0.000000	0.000000	0.000000	0.000000
5.424000E-6	0.695162	2.801299E-8	8.424000E-6	0.205066	2.901700E-8	0.000000	0.000000	0.000000	0.000000	0.000000	0.000000
5.424000E-6	0.702173	2.788539E-8	8.424000E-6	0.208554	2.871459E-8	0.000000	0.000000	0.000000	0.000000	0.000000	0.000000
5.420000E-6	0.699024	2.771005E-8	8.424000E-6	0.205769	2.880233E-8	0.000000	0.000000	0.000000	0.000000	0.000000	0.000000
5.424000E-6	0.703266	2.814786E-8	8.424000E-6	0.206134	2.901402E-8	0.000000	0.000000	0.000000	0.000000	0.000000	0.000000
5.424000E-6	0.694634	2.827104E-8	8.424000E-6	0.204168	2.872689E-8	0.000000	0.000000	0.000000	0.000000	0.000000	0.000000
5.424000E-6	0.691536	2.847974E-8	8.424000E-6	0.205449	2.925738E-8	0.000000	0.000000	0.000000	0.000000	0.000000	0.000000
5.424000E-6	0.700730	2.823461E-8	8.424000E-6	0.206882	2.889252E-8	0.000000	0.000000	0.000000	0.000000	0.000000	0.000000
5.424000E-6	0.700035	2.772821E-8	8.424000E-6	0.207361	2.866482E-8	0.000000	0.000000	0.000000	0.000000	0.000000	0.000000
5.420000E-6	0.571325	3.103913E-8	8.424000E-6	0.207053	2.884650E-8	0.000000	0.000000	0.000000	0.000000	0.000000	0.000000
5.424000E-6	0.704797	2.801969E-8	8.424000E-6	0.208173	2.868834E-8	0.000000	0.000000	0.000000	0.000000	0.000000	0.000000
5.424000E-6	0.695833	2.829810E-8	8.424000E-6	0.208189	2.889333E-8	0.000000	0.000000	0.000000	0.000000	0.000000	0.000000
5.424000E-6	0.694470	2.843223E-8	8.424000E-6	0.205365	2.904059E-8	0.000000	0.000000	0.000000	0.000000	0.000000	0.000000
5.424000E-6	0.697193	2.840170E-8	8.424000E-6	0.201970	2.935505E-8	0.000000	0.000000	0.000000	0.000000	0.000000	0.000000
5.424000E-6	0.699188	2.795743E-8	8.424000E-6	0.208432	2.911975E-8	0.000000	0.000000	0.000000	0.000000	0.000000	0.000000
5.420000E-6	0.699721	2.774571E-8	8.424000E-6	0.205930	2.910023E-8	0.000000	0.000000	0.000000	0.000000	0.000000	0.000000
5.424000E-6	0.699789	2.780342E-8	8.428000E-6	0.198023	2.942674E-8	0.000000	0.000000	0.000000	0.000000	0.000000	0.000000
5.424000E-6	0.702222	2.814187E-8	8.424000E-6	0.207671	2.867607E-8	0.000000	0.000000	0.000000	0.000000	0.000000	0.000000
5.424000E-6	0.691260	2.828037E-8	8.424000E-6	0.204747	2.933977E-8	0.000000	0.000000	0.000000	0.000000	0.000000	0.000000
5.424000E-6	0.697055	2.837976E-8	8.424000E-6	0.206440	2.919298E-8	0.000000	0.000000	0.000000	0.000000	0.000000	0.000000
5.424000E-6	0.697828	2.815146E-8	8.424000E-6	0.206368	2.902504E-8	0.000000	0.000000	0.000000	0.000000	0.000000	0.000000
5.424000E-6	0.696969	2.770900E-8	8.424000E-6	0.207510	2.925530E-8	0.000000	0.000000	0.000000	0.000000	0.000000	0.000000
5.420000E-6	0.708006	2.784124E-8	8.424000E-6	0.210329	2.865059E-8	0.000000	0.000000	0.000000	0.000000	0.000000	0.000000
5.424000E-6	0.703663	2.795734E-8	8.424000E-6	0.199235	2.943325E-8	0.000000	0.000000	0.000000	0.000000	0.000000	0.000000
5.424000E-6	0.699772	2.826231E-8	8.424000E-6	0.206097	2.873315E-8	0.000000	0.000000	0.000000	0.000000	0.000000	0.000000
5.424000E-6	0.695086	2.846187E-8	8.424000E-6	0.205741	2.889165E-8	0.000000	0.000000	0.000000	0.000000	0.000000	0.000000
5.424000E-6	0.695792	2.846820E-8	8.424000E-6	0.205380	2.946278E-8	0.000000	0.000000	0.000000	0.000000	0.000000	0.000000
5.424000E-6	0.700729	2.819248E-8	8.424000E-6	0.207910	2.921297E-8	0.000000	0.000000	0.000000	0.000000	0.000000	0.000000
5.424000E-6	0.702261	2.789437E-8	8.424000E-6	0.207243	2.876508E-8	0.000000	0.000000	0.000000	0.000000	0.000000	0.000000
5.420000E-6	0.675076	2.863699E-8	8.424000E-6	0.208618	2.907659E-8	0.000000	0.000000	0.000000	0.000000	0.000000	0.000000
5.424000E-6	0.697059	2.788319E-8	8.428000E-6	0.199207	2.962434E-8	0.000000	0.000000	0.000000	0.000000	0.000000	0.000000
5.424000E-6	0.698669	2.817162E-8	8.424000E-6	0.207065	2.851782E-8	0.000000	0.000000	0.000000	0.000000	0.000000	0.000000
5.424000E-6	0.693370	2.820013E-8	8.424000E-6	0.204501	2.900274E-8	0.000000	0.000000	0.000000	0.000000	0.000000	0.000000
5.424000E-6	0.691065	2.853478E-8	8.424000E-6	0.205518	2.885630E-8	0.000000	0.000000	0.000000	0.000000	0.000000	0.000000
5.424000E-6	0.695091	2.805964E-8	8.424000E-6	0.205045	2.919491E-8	0.000000	0.000000	0.000000	0.000000	0.000000	0.000000
5.424000E-6	0.700191	2.802195E-8	8.424000E-6	0.209121	2.906152E-8	0.000000	0.000000	0.000000	0.000000	0.000000	0.000000
5.420000E-6	0.700939	2.779948E-8	8.424000E-6	0.208360	2.900920E-8	0.000000	0.000000	0.000000	0.000000	0.000000	0.000000
5.424000E-6	0.705828	2.794146E-8	8.428000E-6	0.199012	2.943149E-8	0.000000	0.000000	0.000000	0.000000	0.000000	0.000000
5.424000E-6	0.701396	2.815032E-8	8.424000E-6	0.204843	2.920070E-8	0.000000	0.000000	0.000000	0.000000	0.000000	0.000000
5.424000E-6	0.694995	2.831051E-8	8.424000E-6	0.206560	2.914120E-8	0.000000	0.000000	0.000000	0.000000	0.000000	0.000000
5.424000E-6	0.690513	2.837254E-8	8.424000E-6	0.204626	2.923859E-8	0.000000	0.000000	0.000000	0.000000	0.000000	0.000000
5.424000E-6	0.694069	2.808812E-8	8.424000E-6	0.208282	2.897266E-8	0.000000	0.000000	0.000000	0.000000	0.000000	0.000000
5.424000E-6	0.696076	2.776263E-8	8.424000E-6	0.202200	2.924665E-8	0.000000	0.000000	0.000000	0.000000	0.000000	0.000000
5.420000E-6	0.698391	2.766345E-8	8.424000E-6	0.199568	2.943452E-8	0.000000	0.000000	0.000000	0.000000	0.000000	0.000000
5.424000E-6	0.695286	2.791801E-8	8.424000E-6	0.206089	2.903417E-8	0.000000	0.000000	0.000000	0.000000	0.000000	0.000000
5.424000E-6	0.693345	2.801147E-8	8.424000E-6	0.207909	2.896605E-8	0.000000	0.000000	0.000000	0.000000	0.000000	0.000000
5.424000E-6	0.690602	2.847627E-8	8.424000E-6	0.210175	2.896017E-8	0.000000	0.000000	0.000000	0.000000	0.000000	0.000000
5.424000E-6	0.689414	2.812760E-8	8.424000E-6	0.207151	2.917465E-8	0.000000	0.000000	0.000000	0.000000	0.000000	0.000000
5.424000E-6	0.701727	2.808993E-8	8.424000E-6	0.203316	2.906781E-8	0.000000	0.000000	0.000000	0.000000	0.000000	0.000000
5.420000E-6	0.695826	2.775943E-8	8.424000E-6	0.208974	2.876250E-8	0.000000	0.000000	0.000000	0.000000	0.000000	0.000000
5.420000E-6	0.700420	2.773767E-8	8.424000E-6	0.207582	2.900541E-8	0.000000	0.000000	0.000000	0.000000	0.000000	0.000000
5.424000E-6	0.699176	2.802899E-8	8.424000E-6	0.205270	2.897623E-8	0.000000	0.000000	0.000000	0.000000	0.000000	0.000000
5.424000E-6	0.694475	2.821482E-8	8.424000E-6	0.207686	2.877068E-8	0.000000	0.000000	0.000000	0.000000	0.000000	0.000000
5.424000E-6	0.694210	2.845964E-8	8.424000E-6	0.206776	2.931031E-8	0.000000	0.000000	0.000000	0.000000	0.000000	0.000000
5.424000E-6	0.693468	2.820676E-8	8.424000E-6	0.205563	2.906361E-8	0.000000	0.000000	0.000000	0.000000	0.000000	0.000000
5.424000E-6	0.703084	2.798388E-8	8.424000E-6	0.204808	2.924535E-8	0.000000	0.000000	0.000000	0.000000	0.000000	0.000000
5.420000E-6	0.673635	2.861498E-8	8.424000E-6	0.206962	2.887521E-8	0.000000	0.000000	0.000000	0.000000	0.000000	0.000000
5.424000E-6	0.695195	2.782619E-8	8.428000E-6	0.197980	2.946729E-8	0.000000	0.000000	0.000000	0.000000	0.000000	0.000000
5.424000E-6	0.694821	2.795239E-8	8.424000E-6	0.206943	2.898964E-8	0.000000	0.000000	0.000000	0.000000	0.000000	0.000000
5.424000E-6	0.691712	2.826328E-8	8.424000E-6	0.206397	2.893941E-8	0.000000	0.000000	0.000000	0.000000	0.000000	0.000000
5.424000E-6	0.690945	2.835904E-8	8.424000E-6	0.204320	2.912344E-8	0.000000	0.000000	0.000000	0.000000	0.000000	0.000000
5.424000E-6	0.701737	2.819258E-8	8.424000E-6	0.204432	2.920244E-8	0.000000	0.000000	0.000000	0.000000	0.000000	0.000000
5.424000E-6	0.703947	2.799778E-8	8.424000E-6	0.205501	2.894985E-8	0.000000	0.000000	0.000000	0.000000	0.000000	0.000000
5.420000E-6	0.671829	2.846235E-8	8.424000E-6	0.206876	2.867319E-8	0.000000	0.000000	0.000000	0.000000	0.000000	0.000000
5.424000E-6	0.699254	2.778202E-8	8.428000E-6	0.209410	2.869678E-8	0.000000	0.000000	0.000000	0.000000	0.000000	0.000000
5.424000E-6	0.701777	2.821790E-8	8.424000E-6	0.205276	2.881232E-8	0.000000	0.000000	0.000000	0.000000	0.000000	0.000000
5.424000E-6	0.691135	2.835430E-8	8.424000E-6	0.205074	2.917085E-8	0.000000	0.000000	0.000000	0.000000	0.000000	0.000000
5.424000E-6	0.694515	2.833433E-8	8.424000E-6	0.207809	2.901936E-8	0.000000	0.000000	0.000000	0.000000	0.000000	0.000000
5.424000E-6	0.701189	2.805496E-8	8.424000E-6	0.206038	2.915814E-8	0.000000	0.000000	0.000000	0.000000	0.000000	0.000000
5.420000E-6	0.697807	2.778192E-8	8.424000E-6	0.206110	2.902080E-8	0.000000	0.000000	0.000000	0.000000	0.000000	0.000000
5.420000E-6	0.699683	2.782675E-8	8.424000E-6	0.198012	2.920045E-8	0.000000	0.000000	0.000000	0.000000	0.000000	0.000000
5.424000E-6	0.701150	2.799104E-8	8.424000E-6	0.205859	2.873482E-8	0.000000	0.000000	0.000000	0.000000	0.000000	0.000000
5.424000E-6	0.695443	2.830119E-8	8.424000E-6	0.207613	2.890554E-8	0.000000	0.000000	0.000000	0.000000	0.000000	0.000000
5.424000E-6	0.689114	2.821879E-8	8.424000E-6	0.204187	2.926580E-8	0.000000	0.000000	0.000000	0.000000	0.000000	0.000000
5.424000E-6	0.696359	2.817984E-8	8.424000E-6	0.205260	2.906014E-8	0.000000	0.000000	0.000000	0.000000	0.000000	0.000000
5.424000E-6	0.705823	2.792958E-8	8.424000E-6	0.205261	2.921898E-8	0.000000	0.000000	0.000000	0.000000	0.000000	0.000000
5.420000E-6	0.669520	2.847962E-8	8.424000E-6	0.207423	2.872941E-8	0.000000	0.000000	0.000000	0.000000	0.000000	0.000000
5.424000E-6	0.697603	2.782256E-8	8.428000E-6	0.199298	2.903940E-8	0.000000	0.000000	0.000000	0.000000	0.000000	0.000000
5.424000E-6	0.695769	2.799231E-8	8.424000E-6	0.206541	2.877053E-8	0.000000	0.000000	0.000000	0.000000	0.000000	0.000000
5.424000E-6	0.692394	2.838341E-8	8.424000E-6	0.205203	2.879958E-8	0.000000	0.000000	0.000000	0.000000	0.000000	0.000000
5.424000E-6	0.696690	2.852060E-8	8.424000E-6	0.202582	2.895680E-8	0.000000	0.000000	0.000000	0.000000	0.000000	0.000000
5.424000E-6	0.699981	2.814192E-8	8.424000E-6	0.206239	2.918681E-8	0.000000	0.000000	0.000000	0.000000	0.000000	0.000000
5.424000E-6	0.704368	2.797347E-8	8.424000E-6	0.204951	2.896706E-8	0.000000	0.000000	0.000000	0.000000	0.000000	0.000000
5.420000E-6	0.423653	3.512298E-8	8.424000E-6	0.205491	2.874734E-8	0.000000	0.000000	0.000000	0.000000	0.000000	0.000000
5.424000E-6	0.695061	2.780439E-8	8.424000E-6	0.207658	2.865302E-8	0.000000	0.000000	0.000000	0.000000	0.000000	0.000000
5.424000E-6	0.695757	2.811181E-8	8.424000E-6	0.206600	2.888520E-8	0.000000	0.000000	0.000000	0.000000	0.000000	0.000000
5.424000E-6	0.688037	2.840234E-8	8.424000E-6	0.204390	2.882365E-8	0.000000	0.000000	0.000000	0.000000	0.000000	0.000000
5.424000E-6	0.696071	2.836695E-8	8.424000E-6	0.205432	2.912694E-8	0.000000	0.000000	0.000000	0.000000	0.000000	0.000000
5.424000E-6	0.700203	2.816469E-8	8.424000E-6	0.205099	2.904468E-8	0.000000	0.000000	0.000000	0.000000	0.000000	0.000000
5.420000E-6	0.701556	2.780495E-8	8.424000E-6	0.206880	2.906352E-8	0.000000	0.000000	0.000000	0.000000	0.000000	0.000000
5.420000E-6	0.700291	2.782922E-8	8.424000E-6	0.200350	2.956448E-8	0.000000	0.000000	0.000000	0.000000	0.000000	0.000000
5.424000E-6	0.697219	2.794602E-8	8.424000E-6	0.204278	2.867570E-8	0.000000	0.000000	0.000000	0.000000	0.000000	0.000000
5.424000E-6	0.698365	2.830614E-8	8.424000E-6	0.209364	2.869757E-8	0.000000	0.000000	0.000000	0.000000	0.000000	0.000000
5.424000E-6	0.695295	2.852488E-8	8.424000E-6	0.204398	2.895450E-8	0.000000	0.000000	0.000000	0.000000	0.000000	0.000000
5.424000E-6	0.693381	2.825907E-8	8.424000E-6	0.206091	2.922312E-8	0.000000	0.000000	0.000000	0.000000	0.000000	0.000000
5.424000E-6	0.696376	2.797365E-8	8.424000E-6	0.208334	2.916367E-8	0.000000	0.000000	0.000000	0.000000	0.000000	0.000000
5.420000E-6	0.702076	2.792484E-8	8.424000E-6	0.206156	2.892019E-8	0.000000	0.000000	0.000000	0.000000	0.000000	0.000000
5.420000E-6	0.699908	2.782052E-8	8.424000E-6	0.199207	2.960534E-8	0.000000	0.000000	0.000000	0.000000	0.000000	0.000000
5.424000E-6	0.698868	2.792919E-8	8.424000E-6	0.207635	2.866551E-8	0.000000	0.000000	0.000000	0.000000	0.000000	0.000000
5.424000E-6	0.694326	2.817699E-8	8.424000E-6	0.210182	2.912639E-8	0.000000	0.000000	0.000000	0.000000	0.000000	0.000000
5.424000E-6	0.691305	2.850923E-8	8.424000E-6	0.208099	2.897920E-8	0.000000	0.000000	0.000000	0.000000	0.000000	0.000000
5.424000E-6	0.694253	2.818826E-8	8.424000E-6	0.205669	2.913852E-8	0.000000	0.000000	0.000000	0.000000	0.000000	0.000000
5.424000E-6	0.695560	2.786969E-8	8.424000E-6	0.204352	2.938799E-8	0.000000	0.000000	0.000000	0.000000	0.000000	0.000000
5.420000E-6	0.706630	2.783536E-8	8.424000E-6	0.205704	2.883202E-8	0.000000	0.000000	0.000000	0.000000	0.000000	0.000000
5.424000E-6	0.700392	2.780513E-8	8.428000E-6	0.196876	2.979068E-8	0.000000	0.000000	0.000000	0.000000	0.000000	0.000000
5.424000E-6	0.696356	2.795415E-8	8.424000E-6	0.209397	2.875256E-8	0.000000	0.000000	0.000000	0.000000	0.000000	0.000000
5.424000E-6	0.694586	2.834446E-8	8.424000E-6	0.204815	2.861665E-8	0.000000	0.000000	0.000000	0.000000	0.000000	0.000000
5.424000E-6	0.693985	2.858342E-8	8.424000E-6	0.206193	2.933493E-8	0.000000	0.000000	0.000000	0.000000	0.000000	0.000000
5.424000E-6	0.699030	2.823936E-8	8.424000E-6	0.204767	2.931280E-8	0.000000	0.000000	0.000000	0.000000	0.000000	0.000000
5.424000E-6	0.699561	2.780283E-8	8.424000E-6	0.205624	2.929104E-8	0.000000	0.000000	0.000000	0.000000	0.000000	0.000000
5.420000E-6	0.672124	2.845946E-8	8.424000E-6	0.207127	2.881308E-8	0.000000	0.000000	0.000000	0.000000	0.000000	0.000000
5.424000E-6	0.700826	2.789872E-8	8.428000E-6	0.204587	2.881766E-8	0.000000	0.000000	0.000000	0.000000	0.000000	0.000000
5.424000E-6	0.693229	2.803800E-8	8.424000E-6	0.208745	2.872629E-8	0.000000	0.000000	0.000000	0.000000	0.000000	0.000000
5.424000E-6	0.691250	2.832425E-8	8.424000E-6	0.207184	2.899310E-8	0.000000	0.000000	0.000000	0.000000	0.000000	0.000000
5.424000E-6	0.695607	2.850314E-8	8.424000E-6	0.208523	2.907899E-8	0.000000	0.000000	0.000000	0.000000	0.000000	0.000000
5.424000E-6	0.699186	2.824113E-8	8.424000E-6	0.205465	2.915288E-8	0.000000	0.000000	0.000000	0.000000	0.000000	0.000000
5.424000E-6	0.704014	2.785175E-8	8.424000E-6	0.209927	2.862628E-8	0.000000	0.000000	0.000000	0.000000	0.000000	0.000000
5.420000E-6	0.672403	2.840647E-8	8.424000E-6	0.206940	2.918846E-8	0.000000	0.000000	0.000000	0.000000	0.000000	0.000000
5.424000E-6	0.696660	2.792094E-8	8.428000E-6	0.200538	2.941948E-8	0.000000	0.000000	0.000000	0.000000	0.000000	0.000000
5.424000E-6	0.701422	2.817597E-8	8.424000E-6	0.210392	2.882262E-8	0.000000	0.000000	0.000000	0.000000	0.000000	0.000000
5.424000E-6	0.696879	2.840007E-8	8.424000E-6	0.205578	2.904124E-8	0.000000	0.000000	0.000000	0.000000	0.000000	0.000000
5.424000E-6	0.692773	2.846345E-8	8.424000E-6	0.205657	2.923251E-8	0.000000	0.000000	0.000000	0.000000	0.000000	0.000000
5.424000E-6	0.693815	2.813534E-8	8.424000E-6	0.205301	2.917454E-8	0.000000	0.000000	0.000000	0.000000	0.000000	0.000000
5.424000E-6	0.701017	2.797365E-8	8.424000E-6	0.206391	2.940378E-8	0.000000	0.000000	0.000000	0.000000	0.000000	0.000000
5.420000E-6	0.703930	2.788658E-8	8.424000E-6	0.207680	2.908130E-8	0.000000	0.000000	0.000000	0.000000	0.000000	0.000000
5.420000E-6	0.703503	2.788319E-8	8.424000E-6	0.199343	2.961982E-8	0.000000	0.000000	0.000000	0.000000	0.000000	0.000000
5.424000E-6	0.696991	2.779337E-8	8.424000E-6	0.206210	2.866422E-8	0.000000	0.000000	0.000000	0.000000	0.000000	0.000000
5.424000E-6	0.699489	2.825002E-8	8.424000E-6	0.206516	2.894833E-8	0.000000	0.000000	0.000000	0.000000	0.000000	0.000000
5.424000E-6	0.692435	2.850834E-8	8.424000E-6	0.203898	2.908302E-8	0.000000	0.000000	0.000000	0.000000	0.000000	0.000000
5.424000E-6	0.694553	2.835028E-8	8.424000E-6	0.205073	2.913352E-8	0.000000	0.000000	0.000000	0.000000	0.000000	0.000000
5.424000E-6	0.697978	2.797139E-8	8.424000E-6	0.208796	2.899504E-8	0.000000	0.000000	0.000000	0.000000	0.000000	0.000000
5.420000E-6	0.699273	2.775786E-8	8.424000E-6	0.205812	2.901368E-8	0.000000	0.000000	0.000000	0.000000	0.000000	0.000000
5.420000E-6	0.700052	2.780486E-8	8.424000E-6	0.206996	2.877194E-8	0.000000	0.000000	0.000000	0.000000	0.000000	0.000000
5.424000E-6	0.699772	2.807848E-8	8.424000E-6	0.206646	2.862241E-8	0.000000	0.000000	0.000000	0.000000	0.000000	0.000000
5.424000E-6	0.692870	2.813840E-8	8.424000E-6	0.206196	2.884752E-8	0.000000	0.000000	0.000000	0.000000	0.000000	0.000000
5.424000E-6	0.688378	2.837200E-8	8.424000E-6	0.205154	2.915880E-8	0.000000	0.000000	0.000000	0.000000	0.000000	0.000000
5.424000E-6	0.697773	2.819753E-8	8.424000E-6	0.206069	2.907609E-8	0.000000	0.000000	0.000000	0.000000	0.000000	0.000000
5.424000E-6	0.701287	2.779633E-8	8.424000E-6	0.208361	2.929335E-8	0.000000	0.000000	0.000000	0.000000	0.000000	0.000000
5.420000E-6	0.704479	2.791535E-8	8.424000E-6	0.207166	2.886171E-8	0.000000	0.000000	0.000000	0.000000	0.000000	0.000000
5.424000E-6	0.698620	2.778252E-8	8.428000E-6	0.197469	2.946780E-8	0.000000	0.000000	0.000000	0.000000	0.000000	0.000000
5.424000E-6	0.696602	2.799868E-8	8.424000E-6	0.206075	2.871542E-8	0.000000	0.000000	0.000000	0.000000	0.000000	0.000000
5.424000E-6	0.694682	2.837860E-8	8.424000E-6	0.208584	2.886887E-8	0.000000	0.000000	0.000000	0.000000	0.000000	0.000000
5.424000E-6	0.692252	2.845562E-8	8.424000E-6	0.208058	2.930924E-8	0.000000	0.000000	0.000000	0.000000	0.000000	0.000000
5.424000E-6	0.698001	2.811873E-8	8.424000E-6	0.204376	2.910051E-8	0.000000	0.000000	0.000000	0.000000	0.000000	0.000000
5.424000E-6	0.701906	2.782054E-8	8.424000E-6	0.204356	2.917843E-8	0.000000	0.000000	0.000000	0.000000	0.000000	0.000000
5.420000E-6	0.570996	3.100038E-8	8.424000E-6	0.205173	2.907090E-8	0.000000	0.000000	0.000000	0.000000	0.000000	0.000000
5.424000E-6	0.699483	2.787231E-8	8.428000E-6	0.209386	2.873941E-8	0.000000	0.000000	0.000000	0.000000	0.000000	0.000000
5.424000E-6	0.695678	2.803333E-8	8.424000E-6	0.206607	2.869056E-8	0.000000	0.000000	0.000000	0.000000	0.000000	0.000000
5.424000E-6	0.697662	2.849890E-8	8.424000E-6	0.203359	2.904549E-8	0.000000	0.000000	0.000000	0.000000	0.000000	0.000000
5.424000E-6	0.692806	2.833518E-8	8.424000E-6	0.204013	2.950274E-8	0.000000	0.000000	0.000000	0.000000	0.000000	0.000000
5.424000E-6	0.696431	2.806592E-8	8.424000E-6	0.206311	2.903528E-8	0.000000	0.000000	0.000000	0.000000	0.000000	0.000000
5.424000E-6	0.699278	2.783353E-8	8.424000E-6	0.205046	2.906230E-8	0.000000	0.000000	0.000000	0.000000	0.000000	0.000000
5.420000E-6	0.672691	2.865649E-8	8.424000E-6	0.207902	2.911072E-8	0.000000	0.000000	0.000000	0.000000	0.000000	0.000000
5.424000E-6	0.704850	2.792677E-8	8.424000E-6	0.199873	2.945809E-8	0.000000	0.000000	0.000000	0.000000	0.000000	0.000000
5.424000E-6	0.702096	2.824258E-8	8.424000E-6	0.206017	2.871820E-8	0.000000	0.000000	0.000000	0.000000	0.000000	0.000000
5.424000E-6	0.690747	2.848108E-8	8.424000E-6	0.205541	2.878785E-8	0.000000	0.000000	0.000000	0.000000	0.000000	0.000000
5.424000E-6	0.692125	2.824438E-8	8.424000E-6	0.204919	2.910546E-8	0.000000	0.000000	0.000000	0.000000	0.000000	0.000000
5.424000E-6	0.701448	2.802809E-8	8.424000E-6	0.209100	2.905393E-8	0.000000	0.000000	0.000000	0.000000	0.000000	0.000000
5.420000E-6	0.699470	2.782184E-8	8.424000E-6	0.207510	2.913207E-8	0.000000	0.000000	0.000000	0.000000	0.000000	0.000000
5.420000E-6	0.707119	2.786198E-8	8.424000E-6	0.209247	2.895066E-8	0.000000	0.000000	0.000000	0.000000	0.000000	0.000000
5.424000E-6	0.697984	2.787760E-8	8.424000E-6	0.199034	2.962992E-8	0.000000	0.000000	0.000000	0.000000	0.000000	0.000000
5.424000E-6	0.693589	2.819132E-8	8.424000E-6	0.208403	2.876382E-8	0.000000	0.000000	0.000000	0.000000	0.000000	0.000000
5.424000E-6	0.695383	2.853332E-8	8.424000E-6	0.210297	2.895679E-8	0.000000	0.000000	0.000000	0.000000	0.000000	0.000000
5.424000E-6	0.698936	2.820953E-8	8.424000E-6	0.205071	2.921551E-8	0.000000	0.000000	0.000000	0.000000	0.000000	0.000000
5.424000E-6	0.704957	2.803917E-8	8.424000E-6	0.206831	2.931925E-8	0.000000	0.000000	0.000000	0.000000	0.000000	0.000000
5.420000E-6	0.702291	2.770354E-8	8.424000E-6	0.209126	2.899105E-8	0.000000	0.000000	0.000000	0.000000	0.000000	0.000000
5.424000E-6	0.698191	2.785448E-8	8.428000E-6	0.208731	2.903462E-8	0.000000	0.000000	0.000000	0.000000	0.000000	0.000000
5.424000E-6	0.695054	2.802360E-8	8.424000E-6	0.207116	2.930205E-8	0.000000	0.000000	0.000000	0.000000	0.000000	0.000000
5.424000E-6	0.696503	2.844251E-8	8.424000E-6	0.205794	2.905455E-8	0.000000	0.000000	0.000000	0.000000	0.000000	0.000000
5.424000E-6	0.689101	2.831028E-8	8.424000E-6	0.202895	2.933987E-8	0.000000	0.000000	0.000000	0.000000	0.000000	0.000000
5.424000E-6	0.695139	2.804483E-8	8.424000E-6	0.206754	2.888456E-8	0.000000	0.000000	0.000000	0.000000	0.000000	0.000000
5.420000E-6	0.702029	2.780930E-8	8.424000E-6	0.207271	2.872491E-8	0.000000	0.000000	0.000000	0.000000	0.000000	0.000000
5.420000E-6	0.698898	2.784545E-8	8.424000E-6	0.206078	2.871929E-8	0.000000	0.000000	0.000000	0.000000	0.000000	0.000000
5.424000E-6	0.699914	2.796600E-8	8.424000E-6	0.208126	2.868875E-8	0.000000	0.000000	0.000000	0.000000	0.000000	0.000000
5.424000E-6	0.694666	2.831034E-8	8.424000E-6	0.205848	2.898131E-8	0.000000	0.000000	0.000000	0.000000	0.000000	0.000000
5.424000E-6	0.694457	2.852568E-8	8.424000E-6	0.205920	2.937813E-8	0.000000	0.000000	0.000000	0.000000	0.000000	0.000000
5.424000E-6	0.700463	2.824509E-8	8.424000E-6	0.206906	2.962541E-8	0.000000	0.000000	0.000000	0.000000	0.000000	0.000000
5.424000E-6	0.703828	2.795199E-8	8.424000E-6	0.207920	2.897496E-8	0.000000	0.000000	0.000000	0.000000	0.000000	0.000000
5.420000E-6	0.672141	2.856479E-8	8.424000E-6	0.205856	2.899224E-8	0.000000	0.000000	0.000000	0.000000	0.000000	0.000000
5.424000E-6	0.697597	2.781010E-8	8.424000E-6	0.207569	2.873420E-8	0.000000	0.000000	0.000000	0.000000	0.000000	0.000000
5.424000E-6	0.698745	2.826830E-8	8.424000E-6	0.206968	2.901601E-8	0.000000	0.000000	0.000000	0.000000	0.000000	0.000000
5.424000E-6	0.691089	2.849626E-8	8.424000E-6	0.205331	2.905234E-8	0.000000	0.000000	0.000000	0.000000	0.000000	0.000000
5.424000E-6	0.697247	2.827811E-8	8.424000E-6	0.204956	2.939503E-8	0.000000	0.000000	0.000000	0.000000	0.000000	0.000000
5.424000E-6	0.697335	2.790541E-8	8.424000E-6	0.204023	2.899885E-8	0.000000	0.000000	0.000000	0.000000	0.000000	0.000000
5.420000E-6	0.701742	2.771836E-8	8.424000E-6	0.209043	2.867984E-8	0.000000	0.000000	0.000000	0.000000	0.000000	0.000000
5.424000E-6	0.701414	2.780075E-8	8.428000E-6	0.200043	2.983006E-8	0.000000	0.000000	0.000000	0.000000	0.000000	0.000000
5.424000E-6	0.696056	2.805451E-8	8.424000E-6	0.206979	2.881180E-8	0.000000	0.000000	0.000000	0.000000	0.000000	0.000000
5.424000E-6	0.692768	2.844387E-8	8.424000E-6	0.206816	2.911306E-8	0.000000	0.000000	0.000000	0.000000	0.000000	0.000000
5.424000E-6	0.697861	2.830798E-8	8.424000E-6	0.204874	2.940640E-8	0.000000	0.000000	0.000000	0.000000	0.000000	0.000000
5.424000E-6	0.696596	2.799831E-8	8.424000E-6	0.208150	2.941544E-8	0.000000	0.000000	0.000000	0.000000	0.000000	0.000000
5.420000E-6	0.699022	2.776798E-8	8.424000E-6	0.208313	2.883147E-8	0.000000	0.000000	0.000000	0.000000	0.000000	0.000000
5.420000E-6	0.697085	2.781772E-8	8.424000E-6	0.195513	2.973511E-8	0.000000	0.000000	0.000000	0.000000	0.000000	0.000000
5.424000E-6	0.694827	2.798633E-8	8.424000E-6	0.204173	2.883706E-8	0.000000	0.000000	0.000000	0.000000	0.000000	0.000000
5.424000E-6	0.695003	2.837127E-8	8.424000E-6	0.208131	2.908506E-8	0.000000	0.000000	0.000000	0.000000	0.000000	0.000000
5.424000E-6	0.690358	2.837695E-8	8.424000E-6	0.204370	2.930858E-8	0.000000	0.000000	0.000000	0.000000	0.000000	0.000000
5.424000E-6	0.694219	2.806453E-8	8.424000E-6	0.206338	2.908653E-8	0.000000	0.000000	0.000000	0.000000	0.000000	0.000000
5.420000E-6	0.698154	2.788761E-8	8.424000E-6	0.207082	2.903291E-8	0.000000	0.000000	0.000000	0.000000	0.000000	0.000000
5.420000E-6	0.700019	2.773800E-8	8.424000E-6	0.206184	2.886753E-8	0.000000	0.000000	0.000000	0.000000	0.000000	0.000000
5.424000E-6	0.694915	2.797455E-8	8.424000E-6	0.205153	2.864288E-8	0.000000	0.000000	0.000000	0.000000	0.000000	0.000000
5.424000E-6	0.697121	2.825660E-8	8.424000E-6	0.205896	2.885323E-8	0.000000	0.000000	0.000000	0.000000	0.000000	0.000000
5.424000E-6	0.694267	2.846786E-8	8.424000E-6	0.208255	2.896594E-8	0.000000	0.000000	0.000000	0.000000	0.000000	0.000000
5.424000E-6	0.700142	2.827171E-8	8.424000E-6	0.204482	2.919328E-8	0.000000	0.000000	0.000000	0.000000	0.000000	0.000000
5.424000E-6	0.702948	2.795664E-8	8.424000E-6	0.206369	2.921835E-8	0.000000	0.000000	0.000000	0.000000	0.000000	0.000000
5.420000E-6	0.697780	2.766182E-8	8.424000E-6	0.206662	2.897186E-8	0.000000	0.000000	0.000000	0.000000	0.000000	0.000000
5.424000E-6	0.701513	2.801582E-8	8.424000E-6	0.205785	2.881852E-8	0.000000	0.000000	0.000000	0.000000	0.000000	0.000000
5.424000E-6	0.699088	2.833345E-8	8.424000E-6	0.204867	2.917085E-8	0.000000	0.000000	0.000000	0.000000	0.000000	0.000000
5.424000E-6	0.693307	2.860454E-8	8.424000E-6	0.204865	2.916743E-8	0.000000	0.000000	0.000000	0.000000	0.000000	0.000000
5.424000E-6	0.692841	2.826662E-8	8.424000E-6	0.207017	2.933364E-8	0.000000	0.000000	0.000000	0.000000	0.000000	0.000000
5.424000E-6	0.703517	2.795083E-8	8.424000E-6	0.206841	2.901714E-8	0.000000	0.000000	0.000000	0.000000	0.000000	0.000000
5.420000E-6	0.666985	2.848979E-8	8.424000E-6	0.207309	2.898000E-8	0.000000	0.000000	0.000000	0.000000	0.000000	0.000000
5.424000E-6	0.700501	2.784016E-8	8.428000E-6	0.198780	2.959130E-8	0.000000	0.000000	0.000000	0.000000	0.000000	0.000000
5.424000E-6	0.700604	2.819672E-8	8.424000E-6	0.207065	2.892767E-8	0.000000	0.000000	0.000000	0.000000	0.000000	0.000000
5.424000E-6	0.693633	2.844746E-8	8.424000E-6	0.205245	2.881510E-8	0.000000	0.000000	0.000000	0.000000	0.000000	0.000000
5.424000E-6	0.690464	2.833737E-8	8.424000E-6	0.204122	2.944135E-8	0.000000	0.000000	0.000000	0.000000	0.000000	0.000000
5.424000E-6	0.696161	2.801061E-8	8.424000E-6	0.206332	2.899995E-8	0.000000	0.000000	0.000000	0.000000	0.000000	0.000000
5.420000E-6	0.701538	2.777193E-8	8.424000E-6	0.206797	2.851605E-8	0.000000	0.000000	0.000000	0.000000	0.000000	0.000000
5.420000E-6	0.697108	2.781056E-8	8.424000E-6	0.207179	2.882744E-8	0.000000	0.000000	0.000000	0.000000	0.000000	0.000000
5.424000E-6	0.699933	2.788890E-8	8.424000E-6	0.209101	2.862287E-8	0.000000	0.000000	0.000000	0.000000	0.000000	0.000000
5.424000E-6	0.696620	2.819839E-8	8.424000E-6	0.207669	2.900198E-8	0.000000	0.000000	0.000000	0.000000	0.000000	0.000000
5.424000E-6	0.686100	2.833148E-8	8.424000E-6	0.204659	2.915351E-8	0.000000	0.000000	0.000000	0.000000	0.000000	0.000000
5.424000E-6	0.692671	2.816152E-8	8.424000E-6	0.205269	2.943557E-8	0.000000	0.000000	0.000000	0.000000	0.000000	0.000000
5.424000E-6	0.698562	2.793170E-8	8.424000E-6	0.203262	2.894154E-8	0.000000	0.000000	0.000000	0.000000	0.000000	0.000000
5.420000E-6	0.697961	2.784187E-8	8.424000E-6	0.207710	2.888628E-8	0.000000	0.000000	0.000000	0.000000	0.000000	0.000000
5.424000E-6	0.698040	2.779257E-8	8.428000E-6	0.196963	2.944724E-8	0.000000	0.000000	0.000000	0.000000	0.000000	0.000000
5.424000E-6	0.698230	2.819401E-8	8.424000E-6	0.207897	2.861769E-8	0.000000	0.000000	0.000000	0.000000	0.000000	0.000000
5.424000E-6	0.687579	2.829831E-8	8.424000E-6	0.204682	2.884575E-8	0.000000	0.000000	0.000000	0.000000	0.000000	0.000000
5.424000E-6	0.694312	2.846148E-8	8.424000E-6	0.207848	2.935447E-8	0.000000	0.000000	0.000000	0.000000	0.000000	0.000000
5.424000E-6	0.697218	2.806246E-8	8.424000E-6	0.204418	2.932349E-8	0.000000	0.000000	0.000000	0.000000	0.000000	0.000000
5.420000E-6	0.696411	2.780410E-8	8.424000E-6	0.207218	2.907046E-8	0.000000	0.000000	0.000000	0.000000	0.000000	0.000000
5.420000E-6	0.700895	2.784792E-8	8.424000E-6	0.207635	2.868630E-8	0.000000	0.000000	0.000000	0.000000	0.000000	0.000000
5.424000E-6	0.704393	2.805616E-8	8.424000E-6	0.208410	2.873233E-8	0.000000	0.000000	0.000000	0.000000	0.000000	0.000000
5.424000E-6	0.700404	2.837990E-8	8.424000E-6	0.207717	2.918906E-8	0.000000	0.000000	0.000000	0.000000	0.000000	0.000000
5.424000E-6	0.691457	2.843306E-8	8.424000E-6	0.204269	2.937559E-8	0.000000	0.000000	0.000000	0.000000	0.000000	0.000000
5.424000E-6	0.697244	2.820309E-8	8.424000E-6	0.208957	2.895450E-8	0.000000	0.000000	0.000000	0.000000	0.000000	0.000000
5.424000E-6	0.696102	2.787792E-8	8.424000E-6	0.207338	2.917722E-8	0.000000	0.000000	0.000000	0.000000	0.000000	0.000000
5.420000E-6	0.671123	2.839633E-8	8.424000E-6	0.204754	2.890343E-8	0.000000	0.000000	0.000000	0.000000	0.000000	0.000000
5.424000E-6	0.694559	2.794344E-8	8.424000E-6	0.200532	2.942077E-8	0.000000	0.000000	0.000000	0.000000	0.000000	0.000000
5.424000E-6	0.695274	2.815794E-8	8.424000E-6	0.205173	2.874918E-8	0.000000	0.000000	0.000000	0.000000	0.000000	0.000000
5.424000E-6	0.691613	2.853395E-8	8.424000E-6	0.204521	2.910782E-8	0.000000	0.000000	0.000000	0.000000	0.000000	0.000000
5.424000E-6	0.697202	2.836116E-8	8.424000E-6	0.204405	2.928752E-8	0.000000	0.000000	0.000000	0.000000	0.000000	0.000000
5.424000E-6	0.703472	2.806557E-8	8.424000E-6	0.205382	2.907972E-8	0.000000	0.000000	0.000000	0.000000	0.000000	0.000000
5.420000E-6	0.422796	3.508878E-8	8.424000E-6	0.209643	2.889050E-8	0.000000	0.000000	0.000000	0.000000	0.000000	0.000000
5.424000E-6	0.698771	2.785099E-8	8.428000E-6	0.198185	2.959741E-8	0.000000	0.000000	0.000000	0.000000	0.000000	0.000000
5.424000E-6	0.692665	2.802248E-8	8.424000E-6	0.207039	2.879836E-8	0.000000	0.000000	0.000000	0.000000	0.000000	0.000000
5.424000E-6	0.689911	2.833218E-8	8.424000E-6	0.207052	2.890228E-8	0.000000	0.000000	0.000000	0.000000	0.000000	0.000000
5.424000E-6	0.689604	2.819050E-8	8.424000E-6	0.206468	2.914128E-8	0.000000	0.000000	0.000000	0.000000	0.000000	0.000000
5.424000E-6	0.697789	2.797438E-8	8.424000E-6	0.207994	2.931263E-8	0.000000	0.000000	0.000000	0.000000	0.000000	0.000000
5.420000E-6	0.699550	2.784081E-8	8.424000E-6	0.208377	2.875292E-8	0.000000	0.000000	0.000000	0.000000	0.000000	0.000000
5.420000E-6	0.700274	2.767360E-8	8.424000E-6	0.196013	2.999094E-8	0.000000	0.000000	0.000000	0.000000	0.000000	0.000000
5.424000E-6	0.702259	2.799898E-8	8.424000E-6	0.206458	2.893534E-8	0.000000	0.000000	0.000000	0.000000	0.000000	0.000000
5.424000E-6	0.695081	2.833498E-8	8.424000E-6	0.206391	2.880326E-8	0.000000	0.000000	0.000000	0.000000	0.000000	0.000000
5.424000E-6	0.688112	2.843319E-8	8.424000E-6	0.204909	2.898590E-8	0.000000	0.000000	0.000000	0.000000	0.000000	0.000000
5.424000E-6	0.694484	2.819716E-8	8.424000E-6	0.208120	2.936495E-8	0.000000	0.000000	0.000000	0.000000	0.000000	0.000000
5.424000E-6	0.698666	2.790791E-8	8.424000E-6	0.204633	2.940090E-8	0.000000	0.000000	0.000000	0.000000	0.000000	0.000000
5.420000E-6	0.674907	2.859077E-8	8.424000E-6	0.205991	2.909932E-8	0.000000	0.000000	0.000000	0.000000	0.000000	0.000000
5.424000E-6	0.698921	2.783730E-8	8.428000E-6	0.199270	2.944035E-8	0.000000	0.000000	0.000000	0.000000	0.000000	0.000000
5.424000E-6	0.694558	2.794103E-8	8.424000E-6	0.205766	2.860797E-8	0.000000	0.000000	0.000000	0.000000	0.000000	0.000000
5.424000E-6	0.693139	2.854391E-8	8.424000E-6	0.207014	2.900270E-8	0.000000	0.000000	0.000000	0.000000	0.000000	0.000000
5.424000E-6	0.692924	2.825668E-8	8.424000E-6	0.204481	2.909440E-8	0.000000	0.000000	0.000000	0.000000	0.000000	0.000000
5.424000E-6	0.697860	2.782911E-8	8.424000E-6	0.206611	2.932342E-8	0.000000	0.000000	0.000000	0.000000	0.000000	0.000000
5.420000E-6	0.700623	2.769516E-8	8.424000E-6	0.206084	2.886104E-8	0.000000	0.000000	0.000000	0.000000	0.000000	0.000000
5.424000E-6	0.703169	2.794597E-8	8.428000E-6	0.198032	2.979295E-8	0.000000	0.000000	0.000000	0.000000	0.000000	0.000000
5.424000E-6	0.699299	2.805704E-8	8.424000E-6	0.207554	2.873076E-8	0.000000	0.000000	0.000000	0.000000	0.000000	0.000000
5.424000E-6	0.698705	2.836426E-8	8.424000E-6	0.208376	2.884956E-8	0.000000	0.000000	0.000000	0.000000	0.000000	0.000000
5.424000E-6	0.694144	2.847134E-8	8.424000E-6	0.208984	2.904266E-8	0.000000	0.000000	0.000000	0.000000	0.000000	0.000000
5.424000E-6	0.702761	2.819081E-8	8.424000E-6	0.205054	2.932494E-8	0.000000	0.000000	0.000000	0.000000	0.000000	0.000000
5.424000E-6	0.705499	2.799061E-8	8.424000E-6	0.203458	2.909410E-8	0.000000	0.000000	0.000000	0.000000	0.000000	0.000000
5.420000E-6	0.572278	3.119930E-8	8.424000E-6	0.198280	2.975571E-8	0.000000	0.000000	0.000000	0.000000	0.000000	0.000000
5.424000E-6	0.697943	2.795022E-8	8.424000E-6	0.196564	2.965044E-8	0.000000	0.000000	0.000000	0.000000	0.000000	0.000000
5.424000E-6	0.700865	2.823167E-8	8.424000E-6	0.204889	2.873907E-8	0.000000	0.000000	0.000000	0.000000	0.000000	0.000000
5.424000E-6	0.691345	2.837714E-8	8.424000E-6	0.204882	2.895790E-8	0.000000	0.000000	0.000000	0.000000	0.000000	0.000000
5.424000E-6	0.690128	2.812849E-8	8.424000E-6	0.202890	2.915736E-8	0.000000	0.000000	0.000000	0.000000	0.000000	0.000000
5.424000E-6	0.697980	2.794740E-8	8.424000E-6	0.205513	2.941569E-8	0.000000	0.000000	0.000000	0.000000	0.000000	0.000000
5.420000E-6	0.704974	2.794993E-8	8.424000E-6	0.206240	2.907845E-8	0.000000	0.000000	0.000000	0.000000	0.000000	0.000000
5.420000E-6	0.698348	2.782128E-8	8.424000E-6	0.199037	2.957289E-8	0.000000	0.000000	0.000000	0.000000	0.000000	0.000000
5.424000E-6	0.698991	2.806894E-8	8.424000E-6	0.207771	2.860402E-8	0.000000	0.000000	0.000000	0.000000	0.000000	0.000000
5.424000E-6	0.694229	2.820669E-8	8.424000E-6	0.208948	2.884345E-8	0.000000	0.000000	0.000000	0.000000	0.000000	0.000000
5.424000E-6	0.694488	2.845980E-8	8.424000E-6	0.205662	2.906166E-8	0.000000	0.000000	0.000000	0.000000	0.000000	0.000000
5.424000E-6	0.692740	2.829814E-8	8.424000E-6	0.205857	2.942543E-8	0.000000	0.000000	0.000000	0.000000	0.000000	0.000000
5.424000E-6	0.695670	2.802364E-8	8.424000E-6	0.204859	2.940445E-8	0.000000	0.000000	0.000000	0.000000	0.000000	0.000000
5.420000E-6	0.701442	2.793195E-8	8.424000E-6	0.206184	2.877412E-8	0.000000	0.000000	0.000000	0.000000	0.000000	0.000000
5.424000E-6	0.697709	2.790697E-8	8.428000E-6	0.198704	2.934078E-8	0.000000	0.000000	0.000000	0.000000	0.000000	0.000000
5.424000E-6	0.703563	2.811848E-8	8.424000E-6	0.204789	2.877944E-8	0.000000	0.000000	0.000000	0.000000	0.000000	0.000000
5.424000E-6	0.696690	2.831541E-8	8.424000E-6	0.207826	2.878184E-8	0.000000	0.000000	0.000000	0.000000	0.000000	0.000000
5.424000E-6	0.688086	2.822887E-8	8.424000E-6	0.204581	2.914925E-8	0.000000	0.000000	0.000000	0.000000	0.000000	0.000000
5.424000E-6	0.700643	2.827106E-8	8.424000E-6	0.206629	2.920642E-8	0.000000	0.000000	0.000000	0.000000	0.000000	0.000000
5.424000E-6	0.700278	2.781390E-8	8.424000E-6	0.207542	2.903391E-8	0.000000	0.000000	0.000000	0.000000	0.000000	0.000000
5.420000E-6	0.567331	3.098619E-8	8.424000E-6	0.206948	2.891113E-8	0.000000	0.000000	0.000000	0.000000	0.000000	0.000000
5.424000E-6	0.704568	2.806368E-8	8.424000E-6	0.209552	2.864730E-8	0.000000	0.000000	0.000000	0.000000	0.000000	0.000000
5.424000E-6	0.691328	2.805557E-8	8.424000E-6	0.205162	2.864098E-8	0.000000	0.000000	0.000000	0.000000	0.000000	0.000000
5.424000E-6	0.694074	2.839791E-8	8.424000E-6	0.204410	2.896383E-8	0.000000	0.000000	0.000000	0.000000	0.000000	0.000000
5.424000E-6	0.699832	2.843966E-8	8.424000E-6	0.205206	2.928893E-8	0.000000	0.000000	0.000000	0.000000	0.000000	0.000000
5.424000E-6	0.696261	2.797398E-8	8.424000E-6	0.203684	2.920948E-8	0.000000	0.000000	0.000000	0.000000	0.000000	0.000000
5.420000E-6	0.700433	2.781617E-8	8.424000E-6	0.207266	2.900070E-8	0.000000	0.000000	0.000000	0.000000	0.000000	0.000000
5.424000E-6	0.702257	2.793530E-8	8.428000E-6	0.197380	2.967768E-8	0.000000	0.000000	0.000000	0.000000	0.000000	0.000000
5.424000E-6	0.696080	2.803142E-8	8.424000E-6	0.206861	2.896484E-8	0.000000	0.000000	0.000000	0.000000	0.000000	0.000000
5.424000E-6	0.695654	2.840630E-8	8.424000E-6	0.205233	2.870827E-8	0.000000	0.000000	0.000000	0.000000	0.000000	0.000000
5.424000E-6	0.697285	2.841445E-8	8.424000E-6	0.203189	2.934765E-8	0.000000	0.000000	0.000000	0.000000	0.000000	0.000000
5.424000E-6	0.693041	2.816275E-8	8.424000E-6	0.204006	2.932059E-8	0.000000	0.000000	0.000000	0.000000	0.000000	0.000000
5.424000E-6	0.703104	2.797290E-8	8.424000E-6	0.205319	2.892952E-8	0.000000	0.000000	0.000000	0.000000	0.000000	0.000000
5.420000E-6	0.575101	3.125716E-8	8.424000E-6	0.205622	2.907233E-8	0.000000	0.000000	0.000000	0.000000	0.000000	0.000000
5.424000E-6	0.703718	2.786863E-8	8.428000E-6	0.198303	2.940157E-8	0.000000	0.000000	0.000000	0.000000	0.000000	0.000000
5.424000E-6	0.699187	2.816362E-8	8.424000E-6	0.208843	2.854316E-8	0.000000	0.000000	0.000000	0.000000	0.000000	0.000000
5.424000E-6	0.697714	2.848025E-8	8.424000E-6	0.203561	2.913660E-8	0.000000	0.000000	0.000000	0.000000	0.000000	0.000000
5.424000E-6	0.696568	2.843040E-8	8.424000E-6	0.203952	2.929856E-8	0.000000	0.000000	0.000000	0.000000	0.000000	0.000000
5.424000E-6	0.695910	2.810254E-8	8.424000E-6	0.204593	2.927145E-8	0.000000	0.000000	0.000000	0.000000	0.000000	0.000000
5.424000E-6	0.699527	2.793361E-8	8.424000E-6	0.207190	2.919210E-8	0.000000	0.000000	0.000000	0.000000	0.000000	0.000000
5.420000E-6	0.672007	2.844085E-8	8.424000E-6	0.207664	2.900637E-8	0.000000	0.000000	0.000000	0.000000	0.000000	0.000000
5.424000E-6	0.696648	2.792868E-8	8.424000E-6	0.207230	2.875118E-8	0.000000	0.000000	0.000000	0.000000	0.000000	0.000000
5.424000E-6	0.697572	2.824310E-8	8.424000E-6	0.209015	2.909637E-8	0.000000	0.000000	0.000000	0.000000	0.000000	0.000000
5.424000E-6	0.696426	2.837516E-8	8.424000E-6	0.207421	2.899249E-8	0.000000	0.000000	0.000000	0.000000	0.000000	0.000000
5.424000E-6	0.688286	2.819431E-8	8.424000E-6	0.203353	2.944829E-8	0.000000	0.000000	0.000000	0.000000	0.000000	0.000000
5.424000E-6	0.696218	2.801104E-8	8.424000E-6	0.206311	2.913176E-8	0.000000	0.000000	0.000000	0.000000	0.000000	0.000000
5.420000E-6	0.700161	2.785176E-8	8.424000E-6	0.208179	2.904088E-8	0.000000	0.000000	0.000000	0.000000	0.000000	0.000000
5.420000E-6	0.705088	2.793744E-8	8.424000E-6	0.196941	2.951718E-8	0.000000	0.000000	0.000000	0.000000	0.000000	0.000000
5.424000E-6	0.702490	2.803506E-8	8.424000E-6	0.207098	2.901992E-8	0.000000	0.000000	0.000000	0.000000	0.000000	0.000000
5.424000E-6	0.689383	2.821469E-8	8.424000E-6	0.206411	2.894570E-8	0.000000	0.000000	0.000000	0.000000	0.000000	0.000000
5.424000E-6	0.690721	2.845085E-8	8.424000E-6	0.204228	2.930950E-8	0.000000	0.000000	0.000000	0.000000	0.000000	0.000000
5.424000E-6	0.692773	2.821192E-8	8.424000E-6	0.205788	2.926431E-8	0.000000	0.000000	0.000000	0.000000	0.000000	0.000000
5.424000E-6	0.703935	2.808789E-8	8.424000E-6	0.206662	2.893183E-8	0.000000	0.000000	0.000000	0.000000	0.000000	0.000000
5.420000E-6	0.698980	2.770170E-8	8.424000E-6	0.209868	2.845438E-8	0.000000	0.000000	0.000000	0.000000	0.000000	0.000000
5.424000E-6	0.694927	2.775142E-8	8.428000E-6	0.200368	2.955225E-8	0.000000	0.000000	0.000000	0.000000	0.000000	0.000000
5.424000E-6	0.694533	2.807881E-8	8.424000E-6	0.207824	2.888569E-8	0.000000	0.000000	0.000000	0.000000	0.000000	0.000000
5.424000E-6	0.691322	2.840059E-8	8.424000E-6	0.203969	2.899690E-8	0.000000	0.000000	0.000000	0.000000	0.000000	0.000000
5.424000E-6	0.691382	2.846457E-8	8.424000E-6	0.204285	2.925653E-8	0.000000	0.000000	0.000000	0.000000	0.000000	0.000000
5.424000E-6	0.699566	2.813956E-8	8.424000E-6	0.208016	2.922058E-8	0.000000	0.000000	0.000000	0.000000	0.000000	0.000000
5.424000E-6	0.702627	2.798533E-8	8.424000E-6	0.205810	2.895780E-8	0.000000	0.000000	0.000000	0.000000	0.000000	0.000000
5.420000E-6	0.702018	2.780179E-8	8.424000E-6	0.205785	2.880899E-8	0.000000	0.000000	0.000000	0.000000	0.000000	0.000000
5.424000E-6	0.699142	2.795376E-8	8.424000E-6	0.206548	2.893144E-8	0.000000	0.000000	0.000000	0.000000	0.000000	0.000000
5.424000E-6	0.698011	2.837423E-8	8.424000E-6	0.205358	2.899546E-8	0.000000	0.000000	0.000000	0.000000	0.000000	0.000000
5.424000E-6	0.690019	2.834844E-8	8.424000E-6	0.205276	2.889894E-8	0.000000	0.000000	0.000000	0.000000	0.000000	0.000000
5.424000E-6	0.694342	2.821595E-8	8.424000E-6	0.205491	2.944869E-8	0.000000	0.000000	0.000000	0.000000	0.000000	0.000000
5.424000E-6	0.704419	2.799347E-8	8.424000E-6	0.206432	2.896250E-8	0.000000	0.000000	0.000000	0.000000	0.000000	0.000000
5.420000E-6	0.670336	2.862305E-8	8.424000E-6	0.206824	2.880675E-8	0.000000	0.000000	0.000000	0.000000	0.000000	0.000000
5.424000E-6	0.695643	2.780818E-8	8.428000E-6	0.198853	2.934457E-8	0.000000	0.000000	0.000000	0.000000	0.000000	0.000000
5.424000E-6	0.692821	2.806583E-8	8.424000E-6	0.209017	2.874339E-8	0.000000	0.000000	0.000000	0.000000	0.000000	0.000000
5.424000E-6	0.692460	2.837845E-8	8.424000E-6	0.205058	2.913702E-8	0.000000	0.000000	0.000000	0.000000	0.000000	0.000000
5.424000E-6	0.694072	2.836980E-8	8.424000E-6	0.204468	2.922565E-8	0.000000	0.000000	0.000000	0.000000	0.000000	0.000000
5.424000E-6	0.696660	2.804951E-8	8.424000E-6	0.207942	2.900459E-8	0.000000	0.000000	0.000000	0.000000	0.000000	0.000000
5.420000E-6	0.695232	2.783933E-8	8.424000E-6	0.207472	2.905915E-8	0.000000	0.000000	0.000000	0.000000	0.000000	0.000000
5.424000E-6	0.699009	2.774371E-8	8.428000E-6	0.198937	2.948778E-8	0.000000	0.000000	0.000000	0.000000	0.000000	0.000000
5.424000E-6	0.696468	2.802776E-8	8.424000E-6	0.204865	2.895629E-8	0.000000	0.000000	0.000000	0.000000	0.000000	0.000000
5.424000E-6	0.695767	2.836382E-8	8.424000E-6	0.205233	2.926102E-8	0.000000	0.000000	0.000000	0.000000	0.000000	0.000000
5.424000E-6	0.694268	2.847499E-8	8.424000E-6	0.204054	2.935884E-8	0.000000	0.000000	0.000000	0.000000	0.000000	0.000000
5.424000E-6	0.695035	2.808321E-8	8.424000E-6	0.207844	2.922990E-8	0.000000	0.000000	0.000000	0.000000	0.000000	0.000000
