Trigger Count=594	Output Count=594	Elapsed Time=05.935	Number of Pulses CH0=2	Number of Pulses CH1=0
ple rate (Hz)=2.50E+8	Min record length=11364	Trigger level (V)=0.1000	Channel 0 threshold (V)=0.0600	Channel 1 threshold (V)=0.0600	Range (microseconds)=40.0000	Pulse 2 delay (microseconds)=1.0000	Lower cut-off frequency (Hz)=3.00E+7
                             	                             
Ch0_time1 (s)	Ch0_amp1 (V)	Ch0_width1 (s)	Ch0_time2 (s)	Ch0_amp2 (V)	Ch0_width2 (s)	Ch1_time1 (s)	Ch1_amp1 (V)	Ch1_width1 (s)	Ch1_time2 (s)	Ch1_amp2 (V)	Ch1_width2 (s)
5.424000E-6	0.696589	2.802672E-8	8.424000E-6	0.700904	2.898059E-8	0.000000	0.000000	0.000000	0.000000	0.000000	0.000000
5.424000E-6	0.689870	2.838202E-8	8.424000E-6	0.699633	2.908574E-8	0.000000	0.000000	0.000000	0.000000	0.000000	0.000000
5.424000E-6	0.692766	2.838880E-8	8.424000E-6	0.692851	2.952556E-8	0.000000	0.000000	0.000000	0.000000	0.000000	0.000000
5.424000E-6	0.701411	2.819224E-8	8.424000E-6	0.695110	2.940226E-8	0.000000	0.000000	0.000000	0.000000	0.000000	0.000000
5.420000E-6	0.697987	2.775534E-8	8.420000E-6	0.701159	2.927168E-8	0.000000	0.000000	0.000000	0.000000	0.000000	0.000000
5.424000E-6	0.703199	2.790268E-8	8.424000E-6	0.669953	2.969478E-8	0.000000	0.000000	0.000000	0.000000	0.000000	0.000000
5.424000E-6	0.697117	2.815118E-8	8.424000E-6	0.698681	2.895219E-8	0.000000	0.000000	0.000000	0.000000	0.000000	0.000000
5.424000E-6	0.693217	2.848807E-8	8.424000E-6	0.697441	2.921186E-8	0.000000	0.000000	0.000000	0.000000	0.000000	0.000000
5.424000E-6	0.693388	2.815495E-8	8.424000E-6	0.692681	2.957254E-8	0.000000	0.000000	0.000000	0.000000	0.000000	0.000000
5.424000E-6	0.699022	2.782468E-8	8.424000E-6	0.699736	2.935530E-8	0.000000	0.000000	0.000000	0.000000	0.000000	0.000000
5.420000E-6	0.703621	2.782478E-8	8.420000E-6	0.701241	2.907422E-8	0.000000	0.000000	0.000000	0.000000	0.000000	0.000000
5.424000E-6	0.698542	2.784537E-8	8.424000E-6	0.671767	2.968550E-8	0.000000	0.000000	0.000000	0.000000	0.000000	0.000000
5.424000E-6	0.690268	2.820703E-8	8.424000E-6	0.695719	2.896868E-8	0.000000	0.000000	0.000000	0.000000	0.000000	0.000000
5.424000E-6	0.701057	2.853148E-8	8.424000E-6	0.695592	2.925070E-8	0.000000	0.000000	0.000000	0.000000	0.000000	0.000000
5.424000E-6	0.694687	2.813605E-8	8.424000E-6	0.697343	2.950601E-8	0.000000	0.000000	0.000000	0.000000	0.000000	0.000000
5.420000E-6	0.703578	2.796268E-8	8.424000E-6	0.699978	2.933935E-8	0.000000	0.000000	0.000000	0.000000	0.000000	0.000000
5.420000E-6	0.703122	2.777318E-8	8.420000E-6	0.700391	2.896705E-8	0.000000	0.000000	0.000000	0.000000	0.000000	0.000000
5.424000E-6	0.695251	2.797064E-8	8.424000E-6	0.702301	2.895889E-8	0.000000	0.000000	0.000000	0.000000	0.000000	0.000000
5.424000E-6	0.694094	2.844556E-8	8.424000E-6	0.701389	2.918513E-8	0.000000	0.000000	0.000000	0.000000	0.000000	0.000000
5.424000E-6	0.698558	2.835563E-8	8.424000E-6	0.693020	2.941001E-8	0.000000	0.000000	0.000000	0.000000	0.000000	0.000000
5.424000E-6	0.696697	2.801512E-8	8.424000E-6	0.693764	2.939848E-8	0.000000	0.000000	0.000000	0.000000	0.000000	0.000000
5.420000E-6	0.703588	2.790611E-8	8.420000E-6	0.698212	2.908826E-8	0.000000	0.000000	0.000000	0.000000	0.000000	0.000000
5.424000E-6	0.698242	2.779643E-8	8.424000E-6	0.671432	2.974188E-8	0.000000	0.000000	0.000000	0.000000	0.000000	0.000000
5.424000E-6	0.696560	2.808632E-8	8.424000E-6	0.698946	2.896021E-8	0.000000	0.000000	0.000000	0.000000	0.000000	0.000000
5.424000E-6	0.691597	2.863521E-8	8.424000E-6	0.698270	2.919083E-8	0.000000	0.000000	0.000000	0.000000	0.000000	0.000000
5.424000E-6	0.692483	2.809396E-8	8.424000E-6	0.693508	2.946218E-8	0.000000	0.000000	0.000000	0.000000	0.000000	0.000000
5.424000E-6	0.699835	2.781837E-8	8.424000E-6	0.699277	2.941434E-8	0.000000	0.000000	0.000000	0.000000	0.000000	0.000000
5.420000E-6	0.700015	2.775685E-8	8.420000E-6	0.701458	2.902995E-8	0.000000	0.000000	0.000000	0.000000	0.000000	0.000000
5.424000E-6	0.700664	2.817657E-8	8.424000E-6	0.672791	2.962291E-8	0.000000	0.000000	0.000000	0.000000	0.000000	0.000000
5.424000E-6	0.692602	2.826212E-8	8.424000E-6	0.694964	2.906832E-8	0.000000	0.000000	0.000000	0.000000	0.000000	0.000000
5.424000E-6	0.698164	2.842874E-8	8.424000E-6	0.695233	2.952225E-8	0.000000	0.000000	0.000000	0.000000	0.000000	0.000000
5.424000E-6	0.699342	2.794297E-8	8.424000E-6	0.692474	2.937279E-8	0.000000	0.000000	0.000000	0.000000	0.000000	0.000000
5.420000E-6	0.707485	2.779010E-8	8.420000E-6	0.700529	2.908547E-8	0.000000	0.000000	0.000000	0.000000	0.000000	0.000000
5.424000E-6	0.701457	2.790203E-8	8.424000E-6	0.671934	2.963901E-8	0.000000	0.000000	0.000000	0.000000	0.000000	0.000000
5.424000E-6	0.699738	2.825116E-8	8.424000E-6	0.694742	2.899620E-8	0.000000	0.000000	0.000000	0.000000	0.000000	0.000000
5.424000E-6	0.689815	2.826940E-8	8.424000E-6	0.695012	2.924475E-8	0.000000	0.000000	0.000000	0.000000	0.000000	0.000000
5.424000E-6	0.700468	2.823109E-8	8.424000E-6	0.693218	2.954436E-8	0.000000	0.000000	0.000000	0.000000	0.000000	0.000000
5.420000E-6	0.697302	2.789294E-8	8.424000E-6	0.698349	2.939008E-8	0.000000	0.000000	0.000000	0.000000	0.000000	0.000000
5.420000E-6	0.703199	2.772100E-8	8.420000E-6	0.702933	2.897380E-8	0.000000	0.000000	0.000000	0.000000	0.000000	0.000000
5.424000E-6	0.697676	2.790727E-8	8.424000E-6	0.699214	2.892043E-8	0.000000	0.000000	0.000000	0.000000	0.000000	0.000000
5.424000E-6	0.697041	2.847518E-8	8.424000E-6	0.699039	2.903731E-8	0.000000	0.000000	0.000000	0.000000	0.000000	0.000000
5.424000E-6	0.696369	2.827420E-8	8.424000E-6	0.692582	2.937874E-8	0.000000	0.000000	0.000000	0.000000	0.000000	0.000000
5.424000E-6	0.699175	2.792273E-8	8.424000E-6	0.697598	2.937302E-8	0.000000	0.000000	0.000000	0.000000	0.000000	0.000000
5.420000E-6	0.571760	3.115167E-8	8.420000E-6	0.698930	2.913638E-8	0.000000	0.000000	0.000000	0.000000	0.000000	0.000000
5.424000E-6	0.708214	2.783254E-8	8.424000E-6	0.669811	2.966039E-8	0.000000	0.000000	0.000000	0.000000	0.000000	0.000000
5.424000E-6	0.704418	2.825824E-8	8.424000E-6	0.698439	2.898648E-8	0.000000	0.000000	0.000000	0.000000	0.000000	0.000000
5.424000E-6	0.686431	2.849464E-8	8.424000E-6	0.695434	2.930014E-8	0.000000	0.000000	0.000000	0.000000	0.000000	0.000000
5.424000E-6	0.698674	2.830701E-8	8.424000E-6	0.694445	2.960025E-8	0.000000	0.000000	0.000000	0.000000	0.000000	0.000000
5.424000E-6	0.703824	2.773482E-8	8.424000E-6	0.696705	2.937648E-8	0.000000	0.000000	0.000000	0.000000	0.000000	0.000000
5.420000E-6	0.708573	2.786405E-8	8.420000E-6	0.701791	2.910843E-8	0.000000	0.000000	0.000000	0.000000	0.000000	0.000000
5.424000E-6	0.703340	2.795895E-8	8.424000E-6	0.667682	2.957842E-8	0.000000	0.000000	0.000000	0.000000	0.000000	0.000000
5.424000E-6	0.699425	2.838185E-8	8.424000E-6	0.697222	2.903294E-8	0.000000	0.000000	0.000000	0.000000	0.000000	0.000000
5.424000E-6	0.698229	2.846983E-8	8.424000E-6	0.696539	2.931601E-8	0.000000	0.000000	0.000000	0.000000	0.000000	0.000000
5.424000E-6	0.699092	2.811801E-8	8.424000E-6	0.696526	2.938654E-8	0.000000	0.000000	0.000000	0.000000	0.000000	0.000000
5.420000E-6	0.706319	2.788256E-8	8.420000E-6	0.700011	2.911463E-8	0.000000	0.000000	0.000000	0.000000	0.000000	0.000000
5.424000E-6	0.706956	2.798074E-8	8.424000E-6	0.670858	2.979136E-8	0.000000	0.000000	0.000000	0.000000	0.000000	0.000000
5.424000E-6	0.702002	2.800302E-8	8.424000E-6	0.698575	2.897964E-8	0.000000	0.000000	0.000000	0.000000	0.000000	0.000000
5.424000E-6	0.693127	2.842471E-8	8.424000E-6	0.696187	2.916828E-8	0.000000	0.000000	0.000000	0.000000	0.000000	0.000000
5.424000E-6	0.695544	2.831422E-8	8.424000E-6	0.692537	2.947680E-8	0.000000	0.000000	0.000000	0.000000	0.000000	0.000000
5.424000E-6	0.701333	2.790220E-8	8.424000E-6	0.701230	2.944770E-8	0.000000	0.000000	0.000000	0.000000	0.000000	0.000000
5.420000E-6	0.673093	2.853836E-8	8.420000E-6	0.698431	2.904174E-8	0.000000	0.000000	0.000000	0.000000	0.000000	0.000000
5.424000E-6	0.701698	2.786850E-8	8.424000E-6	0.672633	2.966959E-8	0.000000	0.000000	0.000000	0.000000	0.000000	0.000000
5.424000E-6	0.700372	2.828846E-8	8.424000E-6	0.697702	2.905430E-8	0.000000	0.000000	0.000000	0.000000	0.000000	0.000000
5.424000E-6	0.692837	2.846165E-8	8.424000E-6	0.699793	2.936818E-8	0.000000	0.000000	0.000000	0.000000	0.000000	0.000000
5.424000E-6	0.702073	2.820471E-8	8.424000E-6	0.693166	2.946411E-8	0.000000	0.000000	0.000000	0.000000	0.000000	0.000000
5.424000E-6	0.708700	2.798625E-8	8.424000E-6	0.701211	2.919090E-8	0.000000	0.000000	0.000000	0.000000	0.000000	0.000000
5.420000E-6	0.699539	2.764482E-8	8.420000E-6	0.699315	2.897712E-8	0.000000	0.000000	0.000000	0.000000	0.000000	0.000000
5.424000E-6	0.696014	2.784490E-8	8.424000E-6	0.671010	2.964840E-8	0.000000	0.000000	0.000000	0.000000	0.000000	0.000000
5.424000E-6	0.695677	2.832900E-8	8.424000E-6	0.696383	2.904734E-8	0.000000	0.000000	0.000000	0.000000	0.000000	0.000000
5.424000E-6	0.692133	2.839925E-8	8.424000E-6	0.692426	2.929646E-8	0.000000	0.000000	0.000000	0.000000	0.000000	0.000000
5.424000E-6	0.699033	2.800921E-8	8.424000E-6	0.701047	2.951419E-8	0.000000	0.000000	0.000000	0.000000	0.000000	0.000000
5.420000E-6	0.700318	2.784789E-8	8.420000E-6	0.699942	2.924768E-8	0.000000	0.000000	0.000000	0.000000	0.000000	0.000000
5.424000E-6	0.707410	2.794808E-8	8.424000E-6	0.699878	2.895943E-8	0.000000	0.000000	0.000000	0.000000	0.000000	0.000000
5.424000E-6	0.698346	2.815225E-8	8.424000E-6	0.700949	2.889879E-8	0.000000	0.000000	0.000000	0.000000	0.000000	0.000000
5.424000E-6	0.694002	2.829283E-8	8.424000E-6	0.696416	2.911722E-8	0.000000	0.000000	0.000000	0.000000	0.000000	0.000000
5.424000E-6	0.696467	2.832452E-8	8.424000E-6	0.695210	2.936687E-8	0.000000	0.000000	0.000000	0.000000	0.000000	0.000000
5.424000E-6	0.698565	2.789880E-8	8.424000E-6	0.695719	2.940794E-8	0.000000	0.000000	0.000000	0.000000	0.000000	0.000000
5.420000E-6	0.671332	2.858135E-8	8.420000E-6	0.702115	2.903939E-8	0.000000	0.000000	0.000000	0.000000	0.000000	0.000000
5.424000E-6	0.696375	2.786183E-8	8.424000E-6	0.672184	2.970961E-8	0.000000	0.000000	0.000000	0.000000	0.000000	0.000000
5.424000E-6	0.697633	2.809526E-8	8.424000E-6	0.698850	2.896239E-8	0.000000	0.000000	0.000000	0.000000	0.000000	0.000000
5.424000E-6	0.689480	2.850408E-8	8.424000E-6	0.695942	2.921980E-8	0.000000	0.000000	0.000000	0.000000	0.000000	0.000000
5.424000E-6	0.697673	2.825137E-8	8.424000E-6	0.693755	2.947566E-8	0.000000	0.000000	0.000000	0.000000	0.000000	0.000000
5.424000E-6	0.699940	2.783434E-8	8.424000E-6	0.698792	2.927756E-8	0.000000	0.000000	0.000000	0.000000	0.000000	0.000000
5.420000E-6	0.707887	2.786256E-8	8.420000E-6	0.699369	2.906376E-8	0.000000	0.000000	0.000000	0.000000	0.000000	0.000000
5.424000E-6	0.701317	2.797844E-8	8.424000E-6	0.670691	2.960669E-8	0.000000	0.000000	0.000000	0.000000	0.000000	0.000000
5.424000E-6	0.692461	2.821241E-8	8.424000E-6	0.699230	2.901793E-8	0.000000	0.000000	0.000000	0.000000	0.000000	0.000000
5.424000E-6	0.697236	2.840986E-8	8.424000E-6	0.693287	2.932557E-8	0.000000	0.000000	0.000000	0.000000	0.000000	0.000000
5.424000E-6	0.697804	2.800307E-8	8.424000E-6	0.694216	2.939028E-8	0.000000	0.000000	0.000000	0.000000	0.000000	0.000000
5.420000E-6	0.707111	2.787516E-8	8.420000E-6	0.698561	2.926557E-8	0.000000	0.000000	0.000000	0.000000	0.000000	0.000000
5.424000E-6	0.700510	2.780593E-8	8.424000E-6	0.698706	2.896324E-8	0.000000	0.000000	0.000000	0.000000	0.000000	0.000000
5.424000E-6	0.697411	2.806782E-8	8.424000E-6	0.698406	2.887349E-8	0.000000	0.000000	0.000000	0.000000	0.000000	0.000000
5.424000E-6	0.691595	2.846469E-8	8.424000E-6	0.696558	2.911431E-8	0.000000	0.000000	0.000000	0.000000	0.000000	0.000000
5.424000E-6	0.694881	2.819475E-8	8.424000E-6	0.691850	2.948525E-8	0.000000	0.000000	0.000000	0.000000	0.000000	0.000000
5.424000E-6	0.701010	2.780098E-8	8.424000E-6	0.698725	2.937604E-8	0.000000	0.000000	0.000000	0.000000	0.000000	0.000000
5.420000E-6	0.672705	2.847840E-8	8.420000E-6	0.703161	2.910525E-8	0.000000	0.000000	0.000000	0.000000	0.000000	0.000000
5.424000E-6	0.701613	2.792149E-8	8.424000E-6	0.669673	2.963442E-8	0.000000	0.000000	0.000000	0.000000	0.000000	0.000000
5.424000E-6	0.695846	2.815085E-8	8.424000E-6	0.699000	2.897795E-8	0.000000	0.000000	0.000000	0.000000	0.000000	0.000000
5.424000E-6	0.695599	2.801914E-8	8.424000E-6	0.696542	2.945432E-8	0.000000	0.000000	0.000000	0.000000	0.000000	0.000000
5.424000E-6	0.707051	2.786121E-8	8.424000E-6	0.697808	2.931422E-8	0.000000	0.000000	0.000000	0.000000	0.000000	0.000000
5.420000E-6	0.701491	2.773137E-8	8.420000E-6	0.701773	2.902970E-8	0.000000	0.000000	0.000000	0.000000	0.000000	0.000000
5.424000E-6	0.698478	2.802992E-8	8.424000E-6	0.670224	2.966545E-8	0.000000	0.000000	0.000000	0.000000	0.000000	0.000000
5.424000E-6	0.693948	2.817693E-8	8.424000E-6	0.699419	2.906514E-8	0.000000	0.000000	0.000000	0.000000	0.000000	0.000000
5.424000E-6	0.688706	2.826113E-8	8.424000E-6	0.694313	2.925302E-8	0.000000	0.000000	0.000000	0.000000	0.000000	0.000000
5.424000E-6	0.695771	2.809475E-8	8.424000E-6	0.691528	2.942822E-8	0.000000	0.000000	0.000000	0.000000	0.000000	0.000000
5.420000E-6	0.699469	2.779912E-8	8.420000E-6	0.698589	2.921058E-8	0.000000	0.000000	0.000000	0.000000	0.000000	0.000000
5.424000E-6	0.700350	2.780049E-8	8.424000E-6	0.700805	2.892321E-8	0.000000	0.000000	0.000000	0.000000	0.000000	0.000000
5.424000E-6	0.695340	2.815154E-8	8.424000E-6	0.699638	2.895771E-8	0.000000	0.000000	0.000000	0.000000	0.000000	0.000000
5.424000E-6	0.688806	2.839182E-8	8.424000E-6	0.696122	2.907325E-8	0.000000	0.000000	0.000000	0.000000	0.000000	0.000000
5.424000E-6	0.697600	2.839224E-8	8.424000E-6	0.692219	2.943219E-8	0.000000	0.000000	0.000000	0.000000	0.000000	0.000000
5.424000E-6	0.698810	2.790817E-8	8.424000E-6	0.697367	2.933353E-8	0.000000	0.000000	0.000000	0.000000	0.000000	0.000000
5.420000E-6	0.672640	2.845361E-8	8.420000E-6	0.701391	2.900212E-8	0.000000	0.000000	0.000000	0.000000	0.000000	0.000000
5.424000E-6	0.705159	2.795600E-8	8.424000E-6	0.669732	2.969956E-8	0.000000	0.000000	0.000000	0.000000	0.000000	0.000000
5.424000E-6	0.699666	2.833367E-8	8.424000E-6	0.695404	2.907459E-8	0.000000	0.000000	0.000000	0.000000	0.000000	0.000000
5.424000E-6	0.696725	2.840709E-8	8.424000E-6	0.693712	2.935669E-8	0.000000	0.000000	0.000000	0.000000	0.000000	0.000000
5.424000E-6	0.698368	2.820781E-8	8.424000E-6	0.695807	2.951072E-8	0.000000	0.000000	0.000000	0.000000	0.000000	0.000000
5.420000E-6	0.701366	2.778241E-8	8.420000E-6	0.696616	2.926382E-8	0.000000	0.000000	0.000000	0.000000	0.000000	0.000000
5.420000E-6	0.701082	2.773349E-8	8.420000E-6	0.700557	2.890598E-8	0.000000	0.000000	0.000000	0.000000	0.000000	0.000000
5.424000E-6	0.702871	2.814605E-8	8.424000E-6	0.699055	2.887547E-8	0.000000	0.000000	0.000000	0.000000	0.000000	0.000000
5.424000E-6	0.691132	2.837633E-8	8.424000E-6	0.695274	2.915922E-8	0.000000	0.000000	0.000000	0.000000	0.000000	0.000000
5.424000E-6	0.698816	2.842499E-8	8.424000E-6	0.691165	2.946077E-8	0.000000	0.000000	0.000000	0.000000	0.000000	0.000000
5.424000E-6	0.701435	2.795381E-8	8.424000E-6	0.698468	2.938047E-8	0.000000	0.000000	0.000000	0.000000	0.000000	0.000000
5.420000E-6	0.573764	3.110728E-8	8.420000E-6	0.701263	2.911418E-8	0.000000	0.000000	0.000000	0.000000	0.000000	0.000000
5.424000E-6	0.703122	2.801279E-8	8.424000E-6	0.670290	2.965006E-8	0.000000	0.000000	0.000000	0.000000	0.000000	0.000000
5.424000E-6	0.697647	2.818520E-8	8.424000E-6	0.696691	2.894088E-8	0.000000	0.000000	0.000000	0.000000	0.000000	0.000000
5.424000E-6	0.694738	2.850684E-8	8.424000E-6	0.698693	2.923502E-8	0.000000	0.000000	0.000000	0.000000	0.000000	0.000000
5.424000E-6	0.693271	2.804311E-8	8.424000E-6	0.689933	2.939730E-8	0.000000	0.000000	0.000000	0.000000	0.000000	0.000000
5.424000E-6	0.699557	2.784059E-8	8.424000E-6	0.695785	2.936564E-8	0.000000	0.000000	0.000000	0.000000	0.000000	0.000000
5.420000E-6	0.701835	2.767731E-8	8.420000E-6	0.700894	2.902618E-8	0.000000	0.000000	0.000000	0.000000	0.000000	0.000000
5.424000E-6	0.701992	2.792975E-8	8.424000E-6	0.672470	2.963839E-8	0.000000	0.000000	0.000000	0.000000	0.000000	0.000000
5.424000E-6	0.696285	2.839928E-8	8.424000E-6	0.699097	2.906071E-8	0.000000	0.000000	0.000000	0.000000	0.000000	0.000000
5.424000E-6	0.697399	2.838478E-8	8.424000E-6	0.695200	2.937664E-8	0.000000	0.000000	0.000000	0.000000	0.000000	0.000000
5.424000E-6	0.698341	2.809183E-8	8.424000E-6	0.695640	2.946958E-8	0.000000	0.000000	0.000000	0.000000	0.000000	0.000000
5.420000E-6	0.697644	2.782803E-8	8.420000E-6	0.695001	2.917523E-8	0.000000	0.000000	0.000000	0.000000	0.000000	0.000000
5.424000E-6	0.701454	2.780566E-8	8.424000E-6	0.700363	2.896558E-8	0.000000	0.000000	0.000000	0.000000	0.000000	0.000000
5.424000E-6	0.697867	2.808404E-8	8.424000E-6	0.697185	2.886703E-8	0.000000	0.000000	0.000000	0.000000	0.000000	0.000000
5.424000E-6	0.698412	2.845064E-8	8.424000E-6	0.696607	2.906099E-8	0.000000	0.000000	0.000000	0.000000	0.000000	0.000000
5.424000E-6	0.700218	2.837008E-8	8.424000E-6	0.691338	2.948969E-8	0.000000	0.000000	0.000000	0.000000	0.000000	0.000000
5.424000E-6	0.702046	2.808981E-8	8.424000E-6	0.692762	2.939749E-8	0.000000	0.000000	0.000000	0.000000	0.000000	0.000000
5.420000E-6	0.701956	2.776741E-8	8.420000E-6	0.699956	2.912842E-8	0.000000	0.000000	0.000000	0.000000	0.000000	0.000000
5.424000E-6	0.703028	2.795099E-8	8.424000E-6	0.668427	2.970926E-8	0.000000	0.000000	0.000000	0.000000	0.000000	0.000000
5.424000E-6	0.697678	2.806884E-8	8.424000E-6	0.700832	2.902749E-8	0.000000	0.000000	0.000000	0.000000	0.000000	0.000000
5.424000E-6	0.692555	2.847483E-8	8.424000E-6	0.696102	2.919300E-8	0.000000	0.000000	0.000000	0.000000	0.000000	0.000000
5.424000E-6	0.694450	2.822797E-8	8.424000E-6	0.692006	2.954149E-8	0.000000	0.000000	0.000000	0.000000	0.000000	0.000000
5.424000E-6	0.705132	2.800712E-8	8.424000E-6	0.695683	2.931801E-8	0.000000	0.000000	0.000000	0.000000	0.000000	0.000000
5.420000E-6	0.704318	2.778554E-8	8.420000E-6	0.701946	2.899231E-8	0.000000	0.000000	0.000000	0.000000	0.000000	0.000000
5.424000E-6	0.705027	2.796555E-8	8.424000E-6	0.671170	2.955671E-8	0.000000	0.000000	0.000000	0.000000	0.000000	0.000000
5.424000E-6	0.699938	2.832019E-8	8.424000E-6	0.698333	2.904641E-8	0.000000	0.000000	0.000000	0.000000	0.000000	0.000000
5.424000E-6	0.689887	2.837025E-8	8.424000E-6	0.694950	2.934633E-8	0.000000	0.000000	0.000000	0.000000	0.000000	0.000000
5.424000E-6	0.695479	2.809267E-8	8.424000E-6	0.697482	2.948484E-8	0.000000	0.000000	0.000000	0.000000	0.000000	0.000000
5.424000E-6	0.698413	2.787941E-8	8.424000E-6	0.698719	2.928943E-8	0.000000	0.000000	0.000000	0.000000	0.000000	0.000000
5.420000E-6	0.702139	2.779323E-8	8.420000E-6	0.699291	2.899095E-8	0.000000	0.000000	0.000000	0.000000	0.000000	0.000000
5.424000E-6	0.701219	2.806270E-8	8.424000E-6	0.699281	2.892567E-8	0.000000	0.000000	0.000000	0.000000	0.000000	0.000000
5.424000E-6	0.691326	2.827893E-8	8.424000E-6	0.700097	2.908872E-8	0.000000	0.000000	0.000000	0.000000	0.000000	0.000000
5.424000E-6	0.695414	2.844472E-8	8.424000E-6	0.692470	2.936720E-8	0.000000	0.000000	0.000000	0.000000	0.000000	0.000000
5.424000E-6	0.699002	2.794318E-8	8.424000E-6	0.696992	2.941123E-8	0.000000	0.000000	0.000000	0.000000	0.000000	0.000000
5.420000E-6	0.701497	2.769790E-8	8.420000E-6	0.701286	2.916530E-8	0.000000	0.000000	0.000000	0.000000	0.000000	0.000000
5.424000E-6	0.704978	2.784156E-8	8.424000E-6	0.672164	2.967801E-8	0.000000	0.000000	0.000000	0.000000	0.000000	0.000000
5.424000E-6	0.700378	2.826829E-8	8.424000E-6	0.700768	2.889267E-8	0.000000	0.000000	0.000000	0.000000	0.000000	0.000000
5.424000E-6	0.697124	2.852066E-8	8.424000E-6	0.696329	2.928728E-8	0.000000	0.000000	0.000000	0.000000	0.000000	0.000000
5.424000E-6	0.702614	2.835080E-8	8.424000E-6	0.692667	2.949391E-8	0.000000	0.000000	0.000000	0.000000	0.000000	0.000000
5.424000E-6	0.703378	2.806445E-8	8.424000E-6	0.701067	2.932547E-8	0.000000	0.000000	0.000000	0.000000	0.000000	0.000000
5.420000E-6	0.675847	2.864379E-8	8.420000E-6	0.701304	2.910285E-8	0.000000	0.000000	0.000000	0.000000	0.000000	0.000000
5.424000E-6	0.704708	2.797893E-8	8.424000E-6	0.670762	2.959840E-8	0.000000	0.000000	0.000000	0.000000	0.000000	0.000000
5.424000E-6	0.696016	2.826764E-8	8.424000E-6	0.699159	2.899058E-8	0.000000	0.000000	0.000000	0.000000	0.000000	0.000000
5.424000E-6	0.692046	2.856607E-8	8.424000E-6	0.697658	2.922585E-8	0.000000	0.000000	0.000000	0.000000	0.000000	0.000000
5.424000E-6	0.698632	2.830835E-8	8.424000E-6	0.692762	2.948059E-8	0.000000	0.000000	0.000000	0.000000	0.000000	0.000000
5.424000E-6	0.705738	2.794240E-8	8.424000E-6	0.697916	2.912334E-8	0.000000	0.000000	0.000000	0.000000	0.000000	0.000000
5.420000E-6	0.706587	2.794374E-8	8.420000E-6	0.700622	2.902441E-8	0.000000	0.000000	0.000000	0.000000	0.000000	0.000000
5.424000E-6	0.696497	2.793968E-8	8.424000E-6	0.669462	2.961508E-8	0.000000	0.000000	0.000000	0.000000	0.000000	0.000000
5.424000E-6	0.697208	2.833770E-8	8.424000E-6	0.696486	2.911829E-8	0.000000	0.000000	0.000000	0.000000	0.000000	0.000000
5.424000E-6	0.694687	2.838095E-8	8.424000E-6	0.699046	2.940852E-8	0.000000	0.000000	0.000000	0.000000	0.000000	0.000000
5.424000E-6	0.702249	2.827861E-8	8.424000E-6	0.693280	2.948072E-8	0.000000	0.000000	0.000000	0.000000	0.000000	0.000000
5.420000E-6	0.697856	2.779308E-8	8.420000E-6	0.701056	2.924617E-8	0.000000	0.000000	0.000000	0.000000	0.000000	0.000000
5.424000E-6	0.696985	2.781996E-8	8.424000E-6	0.672051	2.964320E-8	0.000000	0.000000	0.000000	0.000000	0.000000	0.000000
5.424000E-6	0.702231	2.818016E-8	8.424000E-6	0.698118	2.902568E-8	0.000000	0.000000	0.000000	0.000000	0.000000	0.000000
5.424000E-6	0.693431	2.848993E-8	8.424000E-6	0.697135	2.924003E-8	0.000000	0.000000	0.000000	0.000000	0.000000	0.000000
5.424000E-6	0.698262	2.837642E-8	8.424000E-6	0.693783	2.960274E-8	0.000000	0.000000	0.000000	0.000000	0.000000	0.000000
5.424000E-6	0.696639	2.790543E-8	8.424000E-6	0.700304	2.928382E-8	0.000000	0.000000	0.000000	0.000000	0.000000	0.000000
5.420000E-6	0.702920	2.774924E-8	8.420000E-6	0.701949	2.895149E-8	0.000000	0.000000	0.000000	0.000000	0.000000	0.000000
5.424000E-6	0.701874	2.801449E-8	8.424000E-6	0.673475	2.963383E-8	0.000000	0.000000	0.000000	0.000000	0.000000	0.000000
5.424000E-6	0.694146	2.834591E-8	8.424000E-6	0.699287	2.902439E-8	0.000000	0.000000	0.000000	0.000000	0.000000	0.000000
5.424000E-6	0.689821	2.836576E-8	8.424000E-6	0.692112	2.936390E-8	0.000000	0.000000	0.000000	0.000000	0.000000	0.000000
5.424000E-6	0.695894	2.798269E-8	8.424000E-6	0.691798	2.942769E-8	0.000000	0.000000	0.000000	0.000000	0.000000	0.000000
5.420000E-6	0.704240	2.774055E-8	8.420000E-6	0.701256	2.915261E-8	0.000000	0.000000	0.000000	0.000000	0.000000	0.000000
5.424000E-6	0.700885	2.785594E-8	8.424000E-6	0.669439	2.973746E-8	0.000000	0.000000	0.000000	0.000000	0.000000	0.000000
5.424000E-6	0.696258	2.801865E-8	8.424000E-6	0.699411	2.889156E-8	0.000000	0.000000	0.000000	0.000000	0.000000	0.000000
5.424000E-6	0.687884	2.840507E-8	8.424000E-6	0.699070	2.916726E-8	0.000000	0.000000	0.000000	0.000000	0.000000	0.000000
5.424000E-6	0.698410	2.825055E-8	8.424000E-6	0.691716	2.947567E-8	0.000000	0.000000	0.000000	0.000000	0.000000	0.000000
5.424000E-6	0.697499	2.777988E-8	8.424000E-6	0.696022	2.939602E-8	0.000000	0.000000	0.000000	0.000000	0.000000	0.000000
5.420000E-6	0.700595	2.780436E-8	8.420000E-6	0.701503	2.904663E-8	0.000000	0.000000	0.000000	0.000000	0.000000	0.000000
5.424000E-6	0.696586	2.793312E-8	8.424000E-6	0.667714	2.963197E-8	0.000000	0.000000	0.000000	0.000000	0.000000	0.000000
5.424000E-6	0.697153	2.835095E-8	8.424000E-6	0.702954	2.903578E-8	0.000000	0.000000	0.000000	0.000000	0.000000	0.000000
5.424000E-6	0.698382	2.852043E-8	8.424000E-6	0.698296	2.938291E-8	0.000000	0.000000	0.000000	0.000000	0.000000	0.000000
5.424000E-6	0.706349	2.818854E-8	8.424000E-6	0.695360	2.945360E-8	0.000000	0.000000	0.000000	0.000000	0.000000	0.000000
5.420000E-6	0.700631	2.782797E-8	8.420000E-6	0.700101	2.915670E-8	0.000000	0.000000	0.000000	0.000000	0.000000	0.000000
5.420000E-6	0.698166	2.782370E-8	8.420000E-6	0.699098	2.889114E-8	0.000000	0.000000	0.000000	0.000000	0.000000	0.000000
5.424000E-6	0.699118	2.814630E-8	8.424000E-6	0.699797	2.896323E-8	0.000000	0.000000	0.000000	0.000000	0.000000	0.000000
5.424000E-6	0.691847	2.838590E-8	8.424000E-6	0.695918	2.920048E-8	0.000000	0.000000	0.000000	0.000000	0.000000	0.000000
5.424000E-6	0.698602	2.828740E-8	8.424000E-6	0.688614	2.951847E-8	0.000000	0.000000	0.000000	0.000000	0.000000	0.000000
5.424000E-6	0.698364	2.792088E-8	8.424000E-6	0.698490	2.936736E-8	0.000000	0.000000	0.000000	0.000000	0.000000	0.000000
5.420000E-6	0.676166	2.863279E-8	8.420000E-6	0.696076	2.907155E-8	0.000000	0.000000	0.000000	0.000000	0.000000	0.000000
5.424000E-6	0.703576	2.801410E-8	8.424000E-6	0.669058	2.957837E-8	0.000000	0.000000	0.000000	0.000000	0.000000	0.000000
5.424000E-6	0.698617	2.826642E-8	8.424000E-6	0.697557	2.904153E-8	0.000000	0.000000	0.000000	0.000000	0.000000	0.000000
5.424000E-6	0.693812	2.852419E-8	8.424000E-6	0.694824	2.932301E-8	0.000000	0.000000	0.000000	0.000000	0.000000	0.000000
5.424000E-6	0.697566	2.804033E-8	8.424000E-6	0.694959	2.944590E-8	0.000000	0.000000	0.000000	0.000000	0.000000	0.000000
5.420000E-6	0.704622	2.797338E-8	8.420000E-6	0.698573	2.926490E-8	0.000000	0.000000	0.000000	0.000000	0.000000	0.000000
5.420000E-6	0.699343	2.783948E-8	8.420000E-6	0.701313	2.887097E-8	0.000000	0.000000	0.000000	0.000000	0.000000	0.000000
5.424000E-6	0.699120	2.807566E-8	8.424000E-6	0.698598	2.893894E-8	0.000000	0.000000	0.000000	0.000000	0.000000	0.000000
5.424000E-6	0.692274	2.820943E-8	8.424000E-6	0.697498	2.910117E-8	0.000000	0.000000	0.000000	0.000000	0.000000	0.000000
5.424000E-6	0.696066	2.842165E-8	8.424000E-6	0.693824	2.934638E-8	0.000000	0.000000	0.000000	0.000000	0.000000	0.000000
5.424000E-6	0.696093	2.797965E-8	8.424000E-6	0.695732	2.936152E-8	0.000000	0.000000	0.000000	0.000000	0.000000	0.000000
5.420000E-6	0.701250	2.778778E-8	8.420000E-6	0.699216	2.921799E-8	0.000000	0.000000	0.000000	0.000000	0.000000	0.000000
5.424000E-6	0.697247	2.780476E-8	8.424000E-6	0.700818	2.892321E-8	0.000000	0.000000	0.000000	0.000000	0.000000	0.000000
5.424000E-6	0.695286	2.798508E-8	8.424000E-6	0.700327	2.895822E-8	0.000000	0.000000	0.000000	0.000000	0.000000	0.000000
5.424000E-6	0.696610	2.834882E-8	8.424000E-6	0.699414	2.908433E-8	0.000000	0.000000	0.000000	0.000000	0.000000	0.000000
5.424000E-6	0.692883	2.825022E-8	8.424000E-6	0.694560	2.946158E-8	0.000000	0.000000	0.000000	0.000000	0.000000	0.000000
5.424000E-6	0.698919	2.799003E-8	8.424000E-6	0.695256	2.938823E-8	0.000000	0.000000	0.000000	0.000000	0.000000	0.000000
5.420000E-6	0.699685	2.769230E-8	8.420000E-6	0.701753	2.909488E-8	0.000000	0.000000	0.000000	0.000000	0.000000	0.000000
5.424000E-6	0.700113	2.785958E-8	8.424000E-6	0.670350	2.966903E-8	0.000000	0.000000	0.000000	0.000000	0.000000	0.000000
5.424000E-6	0.701581	2.826635E-8	8.424000E-6	0.698754	2.900314E-8	0.000000	0.000000	0.000000	0.000000	0.000000	0.000000
5.424000E-6	0.688894	2.841042E-8	8.424000E-6	0.695925	2.924084E-8	0.000000	0.000000	0.000000	0.000000	0.000000	0.000000
5.424000E-6	0.702209	2.815377E-8	8.424000E-6	0.691781	2.938384E-8	0.000000	0.000000	0.000000	0.000000	0.000000	0.000000
5.424000E-6	0.706238	2.800687E-8	8.424000E-6	0.698883	2.929454E-8	0.000000	0.000000	0.000000	0.000000	0.000000	0.000000
5.420000E-6	0.704927	2.799418E-8	8.420000E-6	0.700337	2.895151E-8	0.000000	0.000000	0.000000	0.000000	0.000000	0.000000
5.424000E-6	0.701296	2.792868E-8	8.424000E-6	0.702386	2.885490E-8	0.000000	0.000000	0.000000	0.000000	0.000000	0.000000
5.424000E-6	0.690274	2.828874E-8	8.424000E-6	0.698941	2.895753E-8	0.000000	0.000000	0.000000	0.000000	0.000000	0.000000
5.424000E-6	0.691297	2.825496E-8	8.424000E-6	0.693643	2.933234E-8	0.000000	0.000000	0.000000	0.000000	0.000000	0.000000
5.424000E-6	0.700193	2.807141E-8	8.424000E-6	0.693190	2.945069E-8	0.000000	0.000000	0.000000	0.000000	0.000000	0.000000
5.420000E-6	0.705094	2.793593E-8	8.420000E-6	0.703418	2.919186E-8	0.000000	0.000000	0.000000	0.000000	0.000000	0.000000
5.424000E-6	0.699708	2.778216E-8	8.424000E-6	0.674718	2.972611E-8	0.000000	0.000000	0.000000	0.000000	0.000000	0.000000
5.424000E-6	0.704236	2.816318E-8	8.424000E-6	0.699723	2.891176E-8	0.000000	0.000000	0.000000	0.000000	0.000000	0.000000
5.424000E-6	0.691882	2.828438E-8	8.424000E-6	0.699467	2.918029E-8	0.000000	0.000000	0.000000	0.000000	0.000000	0.000000
5.424000E-6	0.694963	2.846412E-8	8.424000E-6	0.694162	2.945213E-8	0.000000	0.000000	0.000000	0.000000	0.000000	0.000000
5.424000E-6	0.699629	2.807337E-8	8.424000E-6	0.696027	2.942593E-8	0.000000	0.000000	0.000000	0.000000	0.000000	0.000000
5.420000E-6	0.702176	2.781823E-8	8.420000E-6	0.699878	2.924978E-8	0.000000	0.000000	0.000000	0.000000	0.000000	0.000000
5.424000E-6	0.701599	2.789178E-8	8.424000E-6	0.669557	2.967185E-8	0.000000	0.000000	0.000000	0.000000	0.000000	0.000000
5.424000E-6	0.700771	2.812313E-8	8.424000E-6	0.698945	2.896645E-8	0.000000	0.000000	0.000000	0.000000	0.000000	0.000000
5.424000E-6	0.693954	2.835890E-8	8.424000E-6	0.697013	2.910442E-8	0.000000	0.000000	0.000000	0.000000	0.000000	0.000000
5.424000E-6	0.693489	2.832701E-8	8.424000E-6	0.693508	2.938438E-8	0.000000	0.000000	0.000000	0.000000	0.000000	0.000000
5.424000E-6	0.697920	2.806536E-8	8.424000E-6	0.698135	2.935572E-8	0.000000	0.000000	0.000000	0.000000	0.000000	0.000000
5.420000E-6	0.704829	2.788953E-8	8.420000E-6	0.703400	2.911421E-8	0.000000	0.000000	0.000000	0.000000	0.000000	0.000000
5.424000E-6	0.709227	2.789281E-8	8.424000E-6	0.673561	2.979117E-8	0.000000	0.000000	0.000000	0.000000	0.000000	0.000000
5.424000E-6	0.697253	2.802939E-8	8.424000E-6	0.699065	2.891901E-8	0.000000	0.000000	0.000000	0.000000	0.000000	0.000000
5.424000E-6	0.696064	2.839329E-8	8.424000E-6	0.697930	2.909198E-8	0.000000	0.000000	0.000000	0.000000	0.000000	0.000000
5.424000E-6	0.698628	2.840843E-8	8.424000E-6	0.694098	2.943779E-8	0.000000	0.000000	0.000000	0.000000	0.000000	0.000000
5.424000E-6	0.698323	2.798328E-8	8.424000E-6	0.698182	2.935311E-8	0.000000	0.000000	0.000000	0.000000	0.000000	0.000000
5.420000E-6	0.672601	2.855171E-8	8.420000E-6	0.699520	2.909212E-8	0.000000	0.000000	0.000000	0.000000	0.000000	0.000000
5.424000E-6	0.703532	2.806575E-8	8.424000E-6	0.673252	2.971598E-8	0.000000	0.000000	0.000000	0.000000	0.000000	0.000000
5.424000E-6	0.695468	2.805590E-8	8.424000E-6	0.698474	2.902797E-8	0.000000	0.000000	0.000000	0.000000	0.000000	0.000000
5.424000E-6	0.690551	2.833415E-8	8.424000E-6	0.693674	2.926301E-8	0.000000	0.000000	0.000000	0.000000	0.000000	0.000000
5.424000E-6	0.696290	2.816960E-8	8.424000E-6	0.693413	2.944791E-8	0.000000	0.000000	0.000000	0.000000	0.000000	0.000000
5.424000E-6	0.697481	2.782359E-8	8.424000E-6	0.697120	2.933176E-8	0.000000	0.000000	0.000000	0.000000	0.000000	0.000000
5.420000E-6	0.431193	3.524990E-8	8.420000E-6	0.699336	2.907610E-8	0.000000	0.000000	0.000000	0.000000	0.000000	0.000000
5.424000E-6	0.701566	2.803201E-8	8.424000E-6	0.669603	2.960822E-8	0.000000	0.000000	0.000000	0.000000	0.000000	0.000000
5.424000E-6	0.699767	2.829901E-8	8.424000E-6	0.698198	2.902455E-8	0.000000	0.000000	0.000000	0.000000	0.000000	0.000000
5.424000E-6	0.692957	2.827713E-8	8.424000E-6	0.696498	2.929882E-8	0.000000	0.000000	0.000000	0.000000	0.000000	0.000000
5.424000E-6	0.691792	2.814266E-8	8.424000E-6	0.696015	2.947519E-8	0.000000	0.000000	0.000000	0.000000	0.000000	0.000000
5.424000E-6	0.702212	2.786140E-8	8.424000E-6	0.698227	2.931147E-8	0.000000	0.000000	0.000000	0.000000	0.000000	0.000000
5.420000E-6	0.702626	2.773785E-8	8.420000E-6	0.698005	2.898535E-8	0.000000	0.000000	0.000000	0.000000	0.000000	0.000000
5.424000E-6	0.700653	2.783275E-8	8.424000E-6	0.669807	2.971056E-8	0.000000	0.000000	0.000000	0.000000	0.000000	0.000000
5.424000E-6	0.702168	2.840488E-8	8.424000E-6	0.699707	2.897792E-8	0.000000	0.000000	0.000000	0.000000	0.000000	0.000000
5.424000E-6	0.692952	2.843503E-8	8.424000E-6	0.694920	2.930004E-8	0.000000	0.000000	0.000000	0.000000	0.000000	0.000000
5.424000E-6	0.695365	2.814621E-8	8.424000E-6	0.695326	2.938843E-8	0.000000	0.000000	0.000000	0.000000	0.000000	0.000000
5.424000E-6	0.699196	2.782765E-8	8.424000E-6	0.697641	2.925473E-8	0.000000	0.000000	0.000000	0.000000	0.000000	0.000000
5.420000E-6	0.705516	2.779467E-8	8.420000E-6	0.701366	2.893943E-8	0.000000	0.000000	0.000000	0.000000	0.000000	0.000000
5.424000E-6	0.702786	2.802161E-8	8.424000E-6	0.667747	2.964813E-8	0.000000	0.000000	0.000000	0.000000	0.000000	0.000000
5.424000E-6	0.692332	2.821385E-8	8.424000E-6	0.696562	2.899840E-8	0.000000	0.000000	0.000000	0.000000	0.000000	0.000000
5.424000E-6	0.698550	2.842479E-8	8.424000E-6	0.694708	2.939968E-8	0.000000	0.000000	0.000000	0.000000	0.000000	0.000000
5.424000E-6	0.702298	2.820795E-8	8.424000E-6	0.691381	2.942939E-8	0.000000	0.000000	0.000000	0.000000	0.000000	0.000000
5.424000E-6	0.703404	2.775990E-8	8.424000E-6	0.696993	2.929730E-8	0.000000	0.000000	0.000000	0.000000	0.000000	0.000000
5.420000E-6	0.697614	2.773270E-8	8.420000E-6	0.700423	2.898846E-8	0.000000	0.000000	0.000000	0.000000	0.000000	0.000000
5.424000E-6	0.697051	2.798637E-8	8.424000E-6	0.673679	2.957637E-8	0.000000	0.000000	0.000000	0.000000	0.000000	0.000000
5.424000E-6	0.696737	2.842002E-8	8.424000E-6	0.693882	2.899041E-8	0.000000	0.000000	0.000000	0.000000	0.000000	0.000000
5.424000E-6	0.695376	2.852838E-8	8.424000E-6	0.695958	2.941808E-8	0.000000	0.000000	0.000000	0.000000	0.000000	0.000000
5.424000E-6	0.696856	2.808849E-8	8.424000E-6	0.694665	2.947703E-8	0.000000	0.000000	0.000000	0.000000	0.000000	0.000000
5.420000E-6	0.707561	2.793580E-8	8.420000E-6	0.700814	2.919184E-8	0.000000	0.000000	0.000000	0.000000	0.000000	0.000000
5.420000E-6	0.705794	2.793331E-8	8.420000E-6	0.697497	2.894659E-8	0.000000	0.000000	0.000000	0.000000	0.000000	0.000000
5.424000E-6	0.700268	2.816190E-8	8.424000E-6	0.700954	2.887951E-8	0.000000	0.000000	0.000000	0.000000	0.000000	0.000000
5.424000E-6	0.698137	2.839388E-8	8.424000E-6	0.696109	2.900067E-8	0.000000	0.000000	0.000000	0.000000	0.000000	0.000000
5.424000E-6	0.691885	2.842491E-8	8.424000E-6	0.692835	2.932025E-8	0.000000	0.000000	0.000000	0.000000	0.000000	0.000000
5.424000E-6	0.700641	2.805715E-8	8.424000E-6	0.694989	2.941322E-8	0.000000	0.000000	0.000000	0.000000	0.000000	0.000000
5.420000E-6	0.699960	2.775850E-8	8.420000E-6	0.701606	2.921467E-8	0.000000	0.000000	0.000000	0.000000	0.000000	0.000000
5.420000E-6	0.703737	2.788809E-8	8.420000E-6	0.699281	2.892098E-8	0.000000	0.000000	0.000000	0.000000	0.000000	0.000000
5.424000E-6	0.699047	2.802481E-8	8.424000E-6	0.696552	2.898138E-8	0.000000	0.000000	0.000000	0.000000	0.000000	0.000000
5.424000E-6	0.691243	2.837458E-8	8.424000E-6	0.695990	2.911587E-8	0.000000	0.000000	0.000000	0.000000	0.000000	0.000000
5.424000E-6	0.701720	2.831481E-8	8.424000E-6	0.695784	2.946027E-8	0.000000	0.000000	0.000000	0.000000	0.000000	0.000000
5.424000E-6	0.698168	2.796837E-8	8.424000E-6	0.699348	2.931929E-8	0.000000	0.000000	0.000000	0.000000	0.000000	0.000000
5.420000E-6	0.570718	3.107755E-8	8.420000E-6	0.702248	2.914700E-8	0.000000	0.000000	0.000000	0.000000	0.000000	0.000000
5.424000E-6	0.699321	2.776183E-8	8.424000E-6	0.673272	2.971879E-8	0.000000	0.000000	0.000000	0.000000	0.000000	0.000000
5.424000E-6	0.699906	2.820947E-8	8.424000E-6	0.699572	2.899857E-8	0.000000	0.000000	0.000000	0.000000	0.000000	0.000000
5.424000E-6	0.695313	2.858484E-8	8.424000E-6	0.694558	2.917058E-8	0.000000	0.000000	0.000000	0.000000	0.000000	0.000000
5.424000E-6	0.698035	2.829421E-8	8.424000E-6	0.690767	2.941850E-8	0.000000	0.000000	0.000000	0.000000	0.000000	0.000000
5.424000E-6	0.695527	2.783936E-8	8.424000E-6	0.697687	2.926771E-8	0.000000	0.000000	0.000000	0.000000	0.000000	0.000000
5.420000E-6	0.573616	3.117428E-8	8.420000E-6	0.700539	2.908677E-8	0.000000	0.000000	0.000000	0.000000	0.000000	0.000000
5.424000E-6	0.701220	2.777247E-8	8.424000E-6	0.673225	2.962655E-8	0.000000	0.000000	0.000000	0.000000	0.000000	0.000000
5.424000E-6	0.694220	2.803686E-8	8.424000E-6	0.699823	2.895963E-8	0.000000	0.000000	0.000000	0.000000	0.000000	0.000000
5.424000E-6	0.695581	2.854085E-8	8.424000E-6	0.695303	2.916363E-8	0.000000	0.000000	0.000000	0.000000	0.000000	0.000000
5.424000E-6	0.691501	2.824050E-8	8.424000E-6	0.694633	2.950520E-8	0.000000	0.000000	0.000000	0.000000	0.000000	0.000000
5.424000E-6	0.702343	2.801609E-8	8.424000E-6	0.699458	2.948283E-8	0.000000	0.000000	0.000000	0.000000	0.000000	0.000000
5.420000E-6	0.700970	2.772066E-8	8.420000E-6	0.702245	2.914449E-8	0.000000	0.000000	0.000000	0.000000	0.000000	0.000000
5.424000E-6	0.700976	2.771229E-8	8.424000E-6	0.698911	2.899024E-8	0.000000	0.000000	0.000000	0.000000	0.000000	0.000000
5.424000E-6	0.703397	2.809662E-8	8.424000E-6	0.698601	2.895242E-8	0.000000	0.000000	0.000000	0.000000	0.000000	0.000000
5.424000E-6	0.697846	2.848797E-8	8.424000E-6	0.697533	2.906038E-8	0.000000	0.000000	0.000000	0.000000	0.000000	0.000000
5.424000E-6	0.695516	2.839910E-8	8.424000E-6	0.694971	2.928129E-8	0.000000	0.000000	0.000000	0.000000	0.000000	0.000000
5.424000E-6	0.700859	2.801594E-8	8.424000E-6	0.691357	2.934822E-8	0.000000	0.000000	0.000000	0.000000	0.000000	0.000000
5.420000E-6	0.704107	2.795825E-8	8.424000E-6	0.699845	2.933021E-8	0.000000	0.000000	0.000000	0.000000	0.000000	0.000000
5.420000E-6	0.701980	2.771714E-8	8.420000E-6	0.702459	2.895304E-8	0.000000	0.000000	0.000000	0.000000	0.000000	0.000000
5.424000E-6	0.705127	2.815654E-8	8.424000E-6	0.699973	2.889739E-8	0.000000	0.000000	0.000000	0.000000	0.000000	0.000000
5.424000E-6	0.692761	2.828285E-8	8.424000E-6	0.695268	2.907675E-8	0.000000	0.000000	0.000000	0.000000	0.000000	0.000000
5.424000E-6	0.694707	2.834722E-8	8.424000E-6	0.695275	2.929909E-8	0.000000	0.000000	0.000000	0.000000	0.000000	0.000000
5.424000E-6	0.698683	2.815153E-8	8.424000E-6	0.692597	2.941557E-8	0.000000	0.000000	0.000000	0.000000	0.000000	0.000000
5.420000E-6	0.698788	2.784205E-8	8.420000E-6	0.700621	2.918936E-8	0.000000	0.000000	0.000000	0.000000	0.000000	0.000000
5.420000E-6	0.699548	2.780071E-8	8.420000E-6	0.700362	2.897306E-8	0.000000	0.000000	0.000000	0.000000	0.000000	0.000000
5.424000E-6	0.699255	2.802010E-8	8.424000E-6	0.698689	2.890146E-8	0.000000	0.000000	0.000000	0.000000	0.000000	0.000000
5.424000E-6	0.696416	2.846066E-8	8.424000E-6	0.699556	2.901177E-8	0.000000	0.000000	0.000000	0.000000	0.000000	0.000000
5.424000E-6	0.698678	2.839764E-8	8.424000E-6	0.690964	2.942904E-8	0.000000	0.000000	0.000000	0.000000	0.000000	0.000000
5.424000E-6	0.699303	2.791311E-8	8.424000E-6	0.695995	2.948661E-8	0.000000	0.000000	0.000000	0.000000	0.000000	0.000000
5.420000E-6	0.672301	2.853326E-8	8.420000E-6	0.701887	2.914946E-8	0.000000	0.000000	0.000000	0.000000	0.000000	0.000000
5.424000E-6	0.695995	2.794479E-8	8.424000E-6	0.671379	2.963719E-8	0.000000	0.000000	0.000000	0.000000	0.000000	0.000000
5.424000E-6	0.701128	2.818658E-8	8.424000E-6	0.700310	2.891887E-8	0.000000	0.000000	0.000000	0.000000	0.000000	0.000000
5.424000E-6	0.693749	2.846756E-8	8.424000E-6	0.696379	2.921588E-8	0.000000	0.000000	0.000000	0.000000	0.000000	0.000000
5.424000E-6	0.696061	2.825191E-8	8.424000E-6	0.693076	2.937465E-8	0.000000	0.000000	0.000000	0.000000	0.000000	0.000000
5.424000E-6	0.697924	2.787459E-8	8.424000E-6	0.698914	2.928748E-8	0.000000	0.000000	0.000000	0.000000	0.000000	0.000000
5.420000E-6	0.575552	3.123064E-8	8.420000E-6	0.702709	2.900518E-8	0.000000	0.000000	0.000000	0.000000	0.000000	0.000000
5.424000E-6	0.699138	2.793782E-8	8.424000E-6	0.671110	2.968933E-8	0.000000	0.000000	0.000000	0.000000	0.000000	0.000000
5.424000E-6	0.694202	2.825455E-8	8.424000E-6	0.696399	2.909657E-8	0.000000	0.000000	0.000000	0.000000	0.000000	0.000000
5.424000E-6	0.696082	2.839880E-8	8.424000E-6	0.694027	2.932529E-8	0.000000	0.000000	0.000000	0.000000	0.000000	0.000000
5.424000E-6	0.694538	2.816496E-8	8.424000E-6	0.698100	2.945367E-8	0.000000	0.000000	0.000000	0.000000	0.000000	0.000000
5.420000E-6	0.701340	2.786531E-8	8.420000E-6	0.698333	2.916190E-8	0.000000	0.000000	0.000000	0.000000	0.000000	0.000000
5.420000E-6	0.702690	2.782015E-8	8.420000E-6	0.702423	2.890582E-8	0.000000	0.000000	0.000000	0.000000	0.000000	0.000000
5.424000E-6	0.697014	2.795818E-8	8.424000E-6	0.701287	2.891852E-8	0.000000	0.000000	0.000000	0.000000	0.000000	0.000000
5.424000E-6	0.694554	2.843549E-8	8.424000E-6	0.697712	2.911253E-8	0.000000	0.000000	0.000000	0.000000	0.000000	0.000000
5.424000E-6	0.698428	2.829194E-8	8.424000E-6	0.696491	2.940308E-8	0.000000	0.000000	0.000000	0.000000	0.000000	0.000000
5.424000E-6	0.703460	2.819133E-8	8.424000E-6	0.696973	2.942899E-8	0.000000	0.000000	0.000000	0.000000	0.000000	0.000000
5.420000E-6	0.569797	3.105009E-8	8.420000E-6	0.702027	2.915369E-8	0.000000	0.000000	0.000000	0.000000	0.000000	0.000000
5.424000E-6	0.700778	2.782684E-8	8.424000E-6	0.671816	2.967558E-8	0.000000	0.000000	0.000000	0.000000	0.000000	0.000000
5.424000E-6	0.704109	2.821856E-8	8.424000E-6	0.698361	2.904357E-8	0.000000	0.000000	0.000000	0.000000	0.000000	0.000000
5.424000E-6	0.693902	2.856065E-8	8.424000E-6	0.698831	2.916232E-8	0.000000	0.000000	0.000000	0.000000	0.000000	0.000000
5.424000E-6	0.700361	2.828071E-8	8.424000E-6	0.692855	2.946229E-8	0.000000	0.000000	0.000000	0.000000	0.000000	0.000000
5.424000E-6	0.705447	2.798003E-8	8.424000E-6	0.699989	2.934442E-8	0.000000	0.000000	0.000000	0.000000	0.000000	0.000000
5.420000E-6	0.570679	3.107677E-8	8.420000E-6	0.701660	2.903887E-8	0.000000	0.000000	0.000000	0.000000	0.000000	0.000000
5.424000E-6	0.699494	2.782507E-8	8.424000E-6	0.670110	2.967338E-8	0.000000	0.000000	0.000000	0.000000	0.000000	0.000000
5.424000E-6	0.699163	2.829450E-8	8.424000E-6	0.699813	2.898722E-8	0.000000	0.000000	0.000000	0.000000	0.000000	0.000000
5.424000E-6	0.697566	2.863559E-8	8.424000E-6	0.695262	2.917560E-8	0.000000	0.000000	0.000000	0.000000	0.000000	0.000000
5.424000E-6	0.695110	2.821714E-8	8.424000E-6	0.691174	2.946560E-8	0.000000	0.000000	0.000000	0.000000	0.000000	0.000000
5.424000E-6	0.699556	2.787848E-8	8.424000E-6	0.696735	2.924784E-8	0.000000	0.000000	0.000000	0.000000	0.000000	0.000000
5.420000E-6	0.569442	3.113277E-8	8.420000E-6	0.703781	2.898744E-8	0.000000	0.000000	0.000000	0.000000	0.000000	0.000000
5.424000E-6	0.698413	2.789856E-8	8.424000E-6	0.674001	2.963868E-8	0.000000	0.000000	0.000000	0.000000	0.000000	0.000000
5.424000E-6	0.693722	2.810610E-8	8.424000E-6	0.698916	2.892457E-8	0.000000	0.000000	0.000000	0.000000	0.000000	0.000000
5.424000E-6	0.690199	2.862791E-8	8.424000E-6	0.694851	2.928520E-8	0.000000	0.000000	0.000000	0.000000	0.000000	0.000000
5.424000E-6	0.693527	2.810126E-8	8.424000E-6	0.692998	2.937643E-8	0.000000	0.000000	0.000000	0.000000	0.000000	0.000000
5.424000E-6	0.699284	2.792597E-8	8.424000E-6	0.698912	2.930363E-8	0.000000	0.000000	0.000000	0.000000	0.000000	0.000000
5.420000E-6	0.576555	3.112674E-8	8.420000E-6	0.703179	2.910430E-8	0.000000	0.000000	0.000000	0.000000	0.000000	0.000000
5.424000E-6	0.702636	2.790409E-8	8.424000E-6	0.673399	2.972146E-8	0.000000	0.000000	0.000000	0.000000	0.000000	0.000000
5.424000E-6	0.693610	2.816492E-8	8.424000E-6	0.699840	2.894453E-8	0.000000	0.000000	0.000000	0.000000	0.000000	0.000000
5.424000E-6	0.688435	2.837986E-8	8.424000E-6	0.695601	2.916226E-8	0.000000	0.000000	0.000000	0.000000	0.000000	0.000000
5.424000E-6	0.701597	2.825839E-8	8.424000E-6	0.693367	2.944150E-8	0.000000	0.000000	0.000000	0.000000	0.000000	0.000000
5.424000E-6	0.706773	2.794733E-8	8.424000E-6	0.697528	2.936252E-8	0.000000	0.000000	0.000000	0.000000	0.000000	0.000000
5.420000E-6	0.706725	2.783973E-8	8.420000E-6	0.703031	2.890404E-8	0.000000	0.000000	0.000000	0.000000	0.000000	0.000000
5.424000E-6	0.697855	2.788197E-8	8.424000E-6	0.665078	2.970608E-8	0.000000	0.000000	0.000000	0.000000	0.000000	0.000000
5.424000E-6	0.699442	2.842215E-8	8.424000E-6	0.696010	2.908300E-8	0.000000	0.000000	0.000000	0.000000	0.000000	0.000000
5.424000E-6	0.693717	2.825127E-8	8.424000E-6	0.694025	2.938660E-8	0.000000	0.000000	0.000000	0.000000	0.000000	0.000000
5.424000E-6	0.696942	2.807080E-8	8.424000E-6	0.697940	2.936841E-8	0.000000	0.000000	0.000000	0.000000	0.000000	0.000000
5.420000E-6	0.702801	2.781352E-8	8.420000E-6	0.698575	2.922210E-8	0.000000	0.000000	0.000000	0.000000	0.000000	0.000000
5.424000E-6	0.699599	2.786092E-8	8.424000E-6	0.675570	2.974364E-8	0.000000	0.000000	0.000000	0.000000	0.000000	0.000000
5.424000E-6	0.697773	2.813646E-8	8.424000E-6	0.697922	2.889111E-8	0.000000	0.000000	0.000000	0.000000	0.000000	0.000000
5.424000E-6	0.692401	2.838773E-8	8.424000E-6	0.696982	2.911709E-8	0.000000	0.000000	0.000000	0.000000	0.000000	0.000000
5.424000E-6	0.692460	2.819328E-8	8.424000E-6	0.692694	2.947959E-8	0.000000	0.000000	0.000000	0.000000	0.000000	0.000000
5.424000E-6	0.702654	2.802030E-8	8.424000E-6	0.696591	2.925314E-8	0.000000	0.000000	0.000000	0.000000	0.000000	0.000000
5.420000E-6	0.575698	3.127899E-8	8.420000E-6	0.699080	2.909453E-8	0.000000	0.000000	0.000000	0.000000	0.000000	0.000000
5.424000E-6	0.701251	2.789165E-8	8.424000E-6	0.672893	2.969094E-8	0.000000	0.000000	0.000000	0.000000	0.000000	0.000000
5.424000E-6	0.696890	2.824424E-8	8.424000E-6	0.696309	2.903973E-8	0.000000	0.000000	0.000000	0.000000	0.000000	0.000000
5.424000E-6	0.696002	2.844885E-8	8.424000E-6	0.699255	2.930040E-8	0.000000	0.000000	0.000000	0.000000	0.000000	0.000000
5.424000E-6	0.704078	2.812387E-8	8.424000E-6	0.695198	2.955407E-8	0.000000	0.000000	0.000000	0.000000	0.000000	0.000000
5.420000E-6	0.705722	2.777737E-8	8.420000E-6	0.696913	2.926038E-8	0.000000	0.000000	0.000000	0.000000	0.000000	0.000000
5.424000E-6	0.698161	2.785003E-8	8.424000E-6	0.702432	2.895308E-8	0.000000	0.000000	0.000000	0.000000	0.000000	0.000000
5.424000E-6	0.698982	2.820657E-8	8.424000E-6	0.701607	2.882169E-8	0.000000	0.000000	0.000000	0.000000	0.000000	0.000000
5.424000E-6	0.692310	2.830663E-8	8.424000E-6	0.696284	2.911838E-8	0.000000	0.000000	0.000000	0.000000	0.000000	0.000000
5.424000E-6	0.696590	2.829166E-8	8.424000E-6	0.695027	2.938758E-8	0.000000	0.000000	0.000000	0.000000	0.000000	0.000000
5.424000E-6	0.701529	2.802882E-8	8.424000E-6	0.696339	2.939917E-8	0.000000	0.000000	0.000000	0.000000	0.000000	0.000000
5.420000E-6	0.670199	2.846534E-8	8.420000E-6	0.698372	2.903555E-8	0.000000	0.000000	0.000000	0.000000	0.000000	0.000000
5.424000E-6	0.696571	2.784165E-8	8.424000E-6	0.669958	2.967681E-8	0.000000	0.000000	0.000000	0.000000	0.000000	0.000000
5.424000E-6	0.698878	2.824091E-8	8.424000E-6	0.698520	2.908987E-8	0.000000	0.000000	0.000000	0.000000	0.000000	0.000000
5.424000E-6	0.690199	2.832269E-8	8.424000E-6	0.694310	2.925836E-8	0.000000	0.000000	0.000000	0.000000	0.000000	0.000000
5.424000E-6	0.695886	2.803378E-8	8.424000E-6	0.690438	2.954384E-8	0.000000	0.000000	0.000000	0.000000	0.000000	0.000000
5.420000E-6	0.697973	2.781787E-8	8.424000E-6	0.696788	2.915507E-8	0.000000	0.000000	0.000000	0.000000	0.000000	0.000000
5.420000E-6	0.699471	2.782479E-8	8.420000E-6	0.701515	2.896903E-8	0.000000	0.000000	0.000000	0.000000	0.000000	0.000000
5.424000E-6	0.699888	2.794057E-8	8.424000E-6	0.701686	2.892148E-8	0.000000	0.000000	0.000000	0.000000	0.000000	0.000000
5.424000E-6	0.694489	2.838034E-8	8.424000E-6	0.698334	2.922093E-8	0.000000	0.000000	0.000000	0.000000	0.000000	0.000000
5.424000E-6	0.693517	2.824711E-8	8.424000E-6	0.693749	2.944566E-8	0.000000	0.000000	0.000000	0.000000	0.000000	0.000000
5.424000E-6	0.702180	2.784324E-8	8.424000E-6	0.696500	2.936196E-8	0.000000	0.000000	0.000000	0.000000	0.000000	0.000000
5.420000E-6	0.672954	2.852452E-8	8.420000E-6	0.695473	2.909796E-8	0.000000	0.000000	0.000000	0.000000	0.000000	0.000000
5.424000E-6	0.698512	2.779962E-8	8.424000E-6	0.667387	2.970941E-8	0.000000	0.000000	0.000000	0.000000	0.000000	0.000000
5.424000E-6	0.694882	2.816015E-8	8.424000E-6	0.700797	2.901965E-8	0.000000	0.000000	0.000000	0.000000	0.000000	0.000000
5.424000E-6	0.694042	2.845451E-8	8.424000E-6	0.694272	2.923362E-8	0.000000	0.000000	0.000000	0.000000	0.000000	0.000000
5.424000E-6	0.704901	2.813580E-8	8.424000E-6	0.694954	2.940802E-8	0.000000	0.000000	0.000000	0.000000	0.000000	0.000000
5.420000E-6	0.702777	2.777894E-8	8.420000E-6	0.698003	2.927507E-8	0.000000	0.000000	0.000000	0.000000	0.000000	0.000000
5.420000E-6	0.705895	2.776079E-8	8.420000E-6	0.700056	2.900725E-8	0.000000	0.000000	0.000000	0.000000	0.000000	0.000000
5.424000E-6	0.698753	2.805626E-8	8.424000E-6	0.700624	2.901344E-8	0.000000	0.000000	0.000000	0.000000	0.000000	0.000000
5.424000E-6	0.697395	2.846728E-8	8.424000E-6	0.695135	2.908917E-8	0.000000	0.000000	0.000000	0.000000	0.000000	0.000000
5.424000E-6	0.693160	2.831568E-8	8.424000E-6	0.694602	2.934072E-8	0.000000	0.000000	0.000000	0.000000	0.000000	0.000000
5.424000E-6	0.703994	2.797905E-8	8.424000E-6	0.697703	2.927088E-8	0.000000	0.000000	0.000000	0.000000	0.000000	0.000000
5.420000E-6	0.670898	2.855227E-8	8.420000E-6	0.700440	2.910531E-8	0.000000	0.000000	0.000000	0.000000	0.000000	0.000000
5.424000E-6	0.696015	2.788260E-8	8.424000E-6	0.670082	2.971499E-8	0.000000	0.000000	0.000000	0.000000	0.000000	0.000000
5.424000E-6	0.695482	2.837988E-8	8.424000E-6	0.698389	2.895455E-8	0.000000	0.000000	0.000000	0.000000	0.000000	0.000000
5.424000E-6	0.695825	2.847813E-8	8.424000E-6	0.697693	2.927943E-8	0.000000	0.000000	0.000000	0.000000	0.000000	0.000000
5.424000E-6	0.701318	2.818596E-8	8.424000E-6	0.692088	2.940137E-8	0.000000	0.000000	0.000000	0.000000	0.000000	0.000000
5.420000E-6	0.699923	2.785359E-8	8.420000E-6	0.700431	2.920790E-8	0.000000	0.000000	0.000000	0.000000	0.000000	0.000000
5.420000E-6	0.702066	2.780477E-8	8.420000E-6	0.703012	2.899608E-8	0.000000	0.000000	0.000000	0.000000	0.000000	0.000000
5.424000E-6	0.697109	2.800535E-8	8.424000E-6	0.697771	2.890880E-8	0.000000	0.000000	0.000000	0.000000	0.000000	0.000000
5.424000E-6	0.693452	2.834891E-8	8.424000E-6	0.700567	2.918707E-8	0.000000	0.000000	0.000000	0.000000	0.000000	0.000000
5.424000E-6	0.694229	2.834464E-8	8.424000E-6	0.693852	2.938893E-8	0.000000	0.000000	0.000000	0.000000	0.000000	0.000000
5.424000E-6	0.702142	2.792352E-8	8.424000E-6	0.698496	2.933845E-8	0.000000	0.000000	0.000000	0.000000	0.000000	0.000000
5.420000E-6	0.567110	3.124131E-8	8.420000E-6	0.698435	2.900107E-8	0.000000	0.000000	0.000000	0.000000	0.000000	0.000000
5.424000E-6	0.703728	2.794602E-8	8.424000E-6	0.669135	2.972410E-8	0.000000	0.000000	0.000000	0.000000	0.000000	0.000000
5.424000E-6	0.698887	2.823854E-8	8.424000E-6	0.700110	2.899618E-8	0.000000	0.000000	0.000000	0.000000	0.000000	0.000000
5.424000E-6	0.688332	2.828798E-8	8.424000E-6	0.698903	2.916375E-8	0.000000	0.000000	0.000000	0.000000	0.000000	0.000000
5.424000E-6	0.697798	2.815610E-8	8.424000E-6	0.690625	2.957866E-8	0.000000	0.000000	0.000000	0.000000	0.000000	0.000000
5.424000E-6	0.700461	2.788995E-8	8.424000E-6	0.698449	2.915485E-8	0.000000	0.000000	0.000000	0.000000	0.000000	0.000000
5.420000E-6	0.697981	2.774255E-8	8.420000E-6	0.703594	2.897545E-8	0.000000	0.000000	0.000000	0.000000	0.000000	0.000000
5.424000E-6	0.698707	2.790446E-8	8.424000E-6	0.670103	2.971573E-8	0.000000	0.000000	0.000000	0.000000	0.000000	0.000000
5.424000E-6	0.692642	2.828070E-8	8.424000E-6	0.695400	2.892430E-8	0.000000	0.000000	0.000000	0.000000	0.000000	0.000000
5.424000E-6	0.695574	2.848997E-8	8.424000E-6	0.693411	2.931781E-8	0.000000	0.000000	0.000000	0.000000	0.000000	0.000000
5.424000E-6	0.701854	2.814151E-8	8.424000E-6	0.694529	2.947598E-8	0.000000	0.000000	0.000000	0.000000	0.000000	0.000000
5.420000E-6	0.707342	2.796357E-8	8.420000E-6	0.702992	2.918554E-8	0.000000	0.000000	0.000000	0.000000	0.000000	0.000000
5.420000E-6	0.704442	2.782417E-8	8.420000E-6	0.699488	2.898751E-8	0.000000	0.000000	0.000000	0.000000	0.000000	0.000000
5.424000E-6	0.702039	2.814842E-8	8.424000E-6	0.698569	2.895300E-8	0.000000	0.000000	0.000000	0.000000	0.000000	0.000000
5.424000E-6	0.694350	2.851274E-8	8.424000E-6	0.695251	2.917114E-8	0.000000	0.000000	0.000000	0.000000	0.000000	0.000000
5.424000E-6	0.694112	2.826965E-8	8.424000E-6	0.692501	2.941109E-8	0.000000	0.000000	0.000000	0.000000	0.000000	0.000000
5.424000E-6	0.697063	2.790416E-8	8.424000E-6	0.694219	2.950217E-8	0.000000	0.000000	0.000000	0.000000	0.000000	0.000000
5.420000E-6	0.697418	2.772997E-8	8.420000E-6	0.700937	2.917712E-8	0.000000	0.000000	0.000000	0.000000	0.000000	0.000000
5.424000E-6	0.698874	2.786340E-8	8.424000E-6	0.673022	2.969532E-8	0.000000	0.000000	0.000000	0.000000	0.000000	0.000000
5.424000E-6	0.699308	2.817293E-8	8.424000E-6	0.695636	2.888596E-8	0.000000	0.000000	0.000000	0.000000	0.000000	0.000000
5.424000E-6	0.690518	2.843181E-8	8.424000E-6	0.695452	2.924076E-8	0.000000	0.000000	0.000000	0.000000	0.000000	0.000000
5.424000E-6	0.694685	2.823747E-8	8.424000E-6	0.691122	2.949121E-8	0.000000	0.000000	0.000000	0.000000	0.000000	0.000000
5.424000E-6	0.697836	2.796495E-8	8.424000E-6	0.698441	2.930065E-8	0.000000	0.000000	0.000000	0.000000	0.000000	0.000000
5.420000E-6	0.703384	2.769465E-8	8.420000E-6	0.696023	2.911071E-8	0.000000	0.000000	0.000000	0.000000	0.000000	0.000000
5.424000E-6	0.704845	2.797013E-8	8.424000E-6	0.671755	2.968897E-8	0.000000	0.000000	0.000000	0.000000	0.000000	0.000000
5.424000E-6	0.702490	2.824367E-8	8.424000E-6	0.700336	2.887823E-8	0.000000	0.000000	0.000000	0.000000	0.000000	0.000000
5.424000E-6	0.693109	2.847904E-8	8.424000E-6	0.701290	2.909719E-8	0.000000	0.000000	0.000000	0.000000	0.000000	0.000000
5.424000E-6	0.691190	2.816981E-8	8.424000E-6	0.695991	2.944894E-8	0.000000	0.000000	0.000000	0.000000	0.000000	0.000000
5.424000E-6	0.698019	2.803829E-8	8.424000E-6	0.696384	2.936955E-8	0.000000	0.000000	0.000000	0.000000	0.000000	0.000000
5.420000E-6	0.704792	2.783067E-8	8.420000E-6	0.700417	2.914112E-8	0.000000	0.000000	0.000000	0.000000	0.000000	0.000000
5.424000E-6	0.705622	2.811188E-8	8.424000E-6	0.673200	2.964324E-8	0.000000	0.000000	0.000000	0.000000	0.000000	0.000000
5.424000E-6	0.695744	2.812836E-8	8.424000E-6	0.701178	2.894325E-8	0.000000	0.000000	0.000000	0.000000	0.000000	0.000000
5.424000E-6	0.692331	2.848514E-8	8.424000E-6	0.695865	2.923113E-8	0.000000	0.000000	0.000000	0.000000	0.000000	0.000000
5.424000E-6	0.690758	2.806267E-8	8.424000E-6	0.693690	2.951929E-8	0.000000	0.000000	0.000000	0.000000	0.000000	0.000000
5.424000E-6	0.702113	2.803375E-8	8.424000E-6	0.699651	2.928508E-8	0.000000	0.000000	0.000000	0.000000	0.000000	0.000000
5.420000E-6	0.703500	2.786189E-8	8.420000E-6	0.702406	2.900299E-8	0.000000	0.000000	0.000000	0.000000	0.000000	0.000000
5.424000E-6	0.695646	2.793560E-8	8.424000E-6	0.700725	2.889740E-8	0.000000	0.000000	0.000000	0.000000	0.000000	0.000000
5.424000E-6	0.693535	2.817662E-8	8.424000E-6	0.697821	2.907972E-8	0.000000	0.000000	0.000000	0.000000	0.000000	0.000000
5.424000E-6	0.692648	2.832393E-8	8.424000E-6	0.695494	2.939420E-8	0.000000	0.000000	0.000000	0.000000	0.000000	0.000000
5.424000E-6	0.695813	2.792152E-8	8.424000E-6	0.695134	2.948657E-8	0.000000	0.000000	0.000000	0.000000	0.000000	0.000000
5.420000E-6	0.703091	2.772964E-8	8.420000E-6	0.702080	2.920051E-8	0.000000	0.000000	0.000000	0.000000	0.000000	0.000000
5.424000E-6	0.703540	2.786552E-8	8.424000E-6	0.672643	2.971357E-8	0.000000	0.000000	0.000000	0.000000	0.000000	0.000000
5.424000E-6	0.695659	2.798446E-8	8.424000E-6	0.697200	2.902974E-8	0.000000	0.000000	0.000000	0.000000	0.000000	0.000000
5.424000E-6	0.687241	2.836010E-8	8.424000E-6	0.697150	2.919894E-8	0.000000	0.000000	0.000000	0.000000	0.000000	0.000000
5.424000E-6	0.693336	2.818661E-8	8.424000E-6	0.690766	2.950465E-8	0.000000	0.000000	0.000000	0.000000	0.000000	0.000000
5.424000E-6	0.697503	2.781241E-8	8.424000E-6	0.695586	2.927790E-8	0.000000	0.000000	0.000000	0.000000	0.000000	0.000000
5.420000E-6	0.570572	3.109500E-8	8.420000E-6	0.700881	2.907553E-8	0.000000	0.000000	0.000000	0.000000	0.000000	0.000000
5.424000E-6	0.697305	2.792741E-8	8.424000E-6	0.672400	2.962498E-8	0.000000	0.000000	0.000000	0.000000	0.000000	0.000000
5.424000E-6	0.693783	2.818937E-8	8.424000E-6	0.696956	2.907006E-8	0.000000	0.000000	0.000000	0.000000	0.000000	0.000000
5.424000E-6	0.694097	2.841814E-8	8.424000E-6	0.696135	2.928225E-8	0.000000	0.000000	0.000000	0.000000	0.000000	0.000000
5.424000E-6	0.694827	2.804224E-8	8.424000E-6	0.692820	2.943949E-8	0.000000	0.000000	0.000000	0.000000	0.000000	0.000000
5.420000E-6	0.707313	2.788436E-8	8.420000E-6	0.699948	2.914347E-8	0.000000	0.000000	0.000000	0.000000	0.000000	0.000000
5.424000E-6	0.696468	2.775397E-8	8.424000E-6	0.702862	2.897388E-8	0.000000	0.000000	0.000000	0.000000	0.000000	0.000000
5.424000E-6	0.696352	2.802330E-8	8.424000E-6	0.696979	2.895304E-8	0.000000	0.000000	0.000000	0.000000	0.000000	0.000000
5.424000E-6	0.692756	2.847205E-8	8.424000E-6	0.695938	2.921774E-8	0.000000	0.000000	0.000000	0.000000	0.000000	0.000000
5.424000E-6	0.703848	2.828989E-8	8.424000E-6	0.693538	2.946637E-8	0.000000	0.000000	0.000000	0.000000	0.000000	0.000000
5.424000E-6	0.703443	2.804972E-8	8.424000E-6	0.696770	2.938210E-8	0.000000	0.000000	0.000000	0.000000	0.000000	0.000000
5.420000E-6	0.568423	3.103142E-8	8.420000E-6	0.700220	2.898015E-8	0.000000	0.000000	0.000000	0.000000	0.000000	0.000000
5.424000E-6	0.697769	2.787107E-8	8.424000E-6	0.672438	2.961470E-8	0.000000	0.000000	0.000000	0.000000	0.000000	0.000000
5.424000E-6	0.698958	2.826984E-8	8.424000E-6	0.699252	2.897270E-8	0.000000	0.000000	0.000000	0.000000	0.000000	0.000000
5.424000E-6	0.690406	2.829065E-8	8.424000E-6	0.696650	2.934153E-8	0.000000	0.000000	0.000000	0.000000	0.000000	0.000000
5.424000E-6	0.699506	2.806156E-8	8.424000E-6	0.693020	2.942223E-8	0.000000	0.000000	0.000000	0.000000	0.000000	0.000000
5.420000E-6	0.703341	2.795013E-8	8.420000E-6	0.698553	2.931745E-8	0.000000	0.000000	0.000000	0.000000	0.000000	0.000000
5.420000E-6	0.703112	2.782057E-8	8.420000E-6	0.702641	2.897216E-8	0.000000	0.000000	0.000000	0.000000	0.000000	0.000000
5.424000E-6	0.701619	2.817944E-8	8.424000E-6	0.700899	2.884203E-8	0.000000	0.000000	0.000000	0.000000	0.000000	0.000000
5.424000E-6	0.694882	2.840429E-8	8.424000E-6	0.696511	2.910640E-8	0.000000	0.000000	0.000000	0.000000	0.000000	0.000000
5.424000E-6	0.691529	2.833541E-8	8.424000E-6	0.690251	2.931913E-8	0.000000	0.000000	0.000000	0.000000	0.000000	0.000000
5.424000E-6	0.700539	2.812972E-8	8.424000E-6	0.695027	2.948026E-8	0.000000	0.000000	0.000000	0.000000	0.000000	0.000000
5.420000E-6	0.705492	2.779970E-8	8.420000E-6	0.699576	2.916151E-8	0.000000	0.000000	0.000000	0.000000	0.000000	0.000000
5.424000E-6	0.699919	2.776533E-8	8.424000E-6	0.673822	2.967853E-8	0.000000	0.000000	0.000000	0.000000	0.000000	0.000000
5.424000E-6	0.697416	2.792850E-8	8.424000E-6	0.700368	2.895394E-8	0.000000	0.000000	0.000000	0.000000	0.000000	0.000000
5.424000E-6	0.693766	2.856178E-8	8.424000E-6	0.697113	2.921313E-8	0.000000	0.000000	0.000000	0.000000	0.000000	0.000000
5.424000E-6	0.692805	2.821678E-8	8.424000E-6	0.692701	2.961640E-8	0.000000	0.000000	0.000000	0.000000	0.000000	0.000000
5.424000E-6	0.697528	2.789926E-8	8.424000E-6	0.698728	2.937535E-8	0.000000	0.000000	0.000000	0.000000	0.000000	0.000000
5.420000E-6	0.576849	3.111974E-8	8.420000E-6	0.700082	2.915304E-8	0.000000	0.000000	0.000000	0.000000	0.000000	0.000000
5.424000E-6	0.705448	2.803045E-8	8.424000E-6	0.671394	2.967258E-8	0.000000	0.000000	0.000000	0.000000	0.000000	0.000000
5.424000E-6	0.692872	2.816205E-8	8.424000E-6	0.700531	2.895575E-8	0.000000	0.000000	0.000000	0.000000	0.000000	0.000000
5.424000E-6	0.694186	2.849030E-8	8.424000E-6	0.695559	2.935837E-8	0.000000	0.000000	0.000000	0.000000	0.000000	0.000000
5.424000E-6	0.701595	2.823737E-8	8.424000E-6	0.694186	2.947534E-8	0.000000	0.000000	0.000000	0.000000	0.000000	0.000000
5.424000E-6	0.699672	2.778287E-8	8.424000E-6	0.699323	2.928908E-8	0.000000	0.000000	0.000000	0.000000	0.000000	0.000000
5.420000E-6	0.703848	2.793900E-8	8.420000E-6	0.700886	2.891389E-8	0.000000	0.000000	0.000000	0.000000	0.000000	0.000000
5.424000E-6	0.695774	2.805055E-8	8.424000E-6	0.698761	2.899730E-8	0.000000	0.000000	0.000000	0.000000	0.000000	0.000000
5.424000E-6	0.698371	2.848369E-8	8.424000E-6	0.700129	2.910605E-8	0.000000	0.000000	0.000000	0.000000	0.000000	0.000000
5.424000E-6	0.692702	2.817572E-8	8.424000E-6	0.693419	2.943488E-8	0.000000	0.000000	0.000000	0.000000	0.000000	0.000000
5.424000E-6	0.704651	2.812516E-8	8.424000E-6	0.694523	2.945054E-8	0.000000	0.000000	0.000000	0.000000	0.000000	0.000000
5.420000E-6	0.568884	3.109670E-8	8.420000E-6	0.699312	2.914274E-8	0.000000	0.000000	0.000000	0.000000	0.000000	0.000000
5.424000E-6	0.699442	2.775901E-8	8.424000E-6	0.672605	2.967303E-8	0.000000	0.000000	0.000000	0.000000	0.000000	0.000000
5.424000E-6	0.694631	2.807779E-8	8.424000E-6	0.698940	2.891871E-8	0.000000	0.000000	0.000000	0.000000	0.000000	0.000000
5.424000E-6	0.694914	2.849619E-8	8.424000E-6	0.693916	2.922043E-8	0.000000	0.000000	0.000000	0.000000	0.000000	0.000000
5.424000E-6	0.699866	2.831258E-8	8.424000E-6	0.696267	2.950634E-8	0.000000	0.000000	0.000000	0.000000	0.000000	0.000000
5.424000E-6	0.703749	2.797894E-8	8.424000E-6	0.698016	2.926655E-8	0.000000	0.000000	0.000000	0.000000	0.000000	0.000000
5.420000E-6	0.704223	2.769662E-8	8.420000E-6	0.700436	2.896496E-8	0.000000	0.000000	0.000000	0.000000	0.000000	0.000000
5.424000E-6	0.697321	2.795655E-8	8.424000E-6	0.700490	2.889555E-8	0.000000	0.000000	0.000000	0.000000	0.000000	0.000000
5.424000E-6	0.696480	2.837442E-8	8.424000E-6	0.695694	2.911972E-8	0.000000	0.000000	0.000000	0.000000	0.000000	0.000000
5.424000E-6	0.695632	2.839588E-8	8.424000E-6	0.693589	2.923946E-8	0.000000	0.000000	0.000000	0.000000	0.000000	0.000000
5.424000E-6	0.695637	2.801583E-8	8.424000E-6	0.698374	2.947685E-8	0.000000	0.000000	0.000000	0.000000	0.000000	0.000000
5.420000E-6	0.701977	2.773112E-8	8.420000E-6	0.700212	2.913288E-8	0.000000	0.000000	0.000000	0.000000	0.000000	0.000000
5.424000E-6	0.701800	2.795589E-8	8.424000E-6	0.670795	2.972982E-8	0.000000	0.000000	0.000000	0.000000	0.000000	0.000000
5.424000E-6	0.699179	2.827553E-8	8.424000E-6	0.699582	2.887852E-8	0.000000	0.000000	0.000000	0.000000	0.000000	0.000000
5.424000E-6	0.694064	2.852161E-8	8.424000E-6	0.696299	2.921582E-8	0.000000	0.000000	0.000000	0.000000	0.000000	0.000000
5.424000E-6	0.694926	2.817173E-8	8.424000E-6	0.691696	2.941753E-8	0.000000	0.000000	0.000000	0.000000	0.000000	0.000000
5.424000E-6	0.704041	2.806758E-8	8.424000E-6	0.699480	2.928611E-8	0.000000	0.000000	0.000000	0.000000	0.000000	0.000000
5.420000E-6	0.570186	3.107212E-8	8.420000E-6	0.700397	2.898198E-8	0.000000	0.000000	0.000000	0.000000	0.000000	0.000000
5.424000E-6	0.700093	2.790190E-8	8.424000E-6	0.673791	2.972860E-8	0.000000	0.000000	0.000000	0.000000	0.000000	0.000000
5.424000E-6	0.695457	2.829027E-8	8.424000E-6	0.699583	2.899870E-8	0.000000	0.000000	0.000000	0.000000	0.000000	0.000000
5.424000E-6	0.686550	2.834819E-8	8.424000E-6	0.697316	2.925998E-8	0.000000	0.000000	0.000000	0.000000	0.000000	0.000000
5.424000E-6	0.703322	2.818468E-8	8.424000E-6	0.691709	2.951369E-8	0.000000	0.000000	0.000000	0.000000	0.000000	0.000000
5.424000E-6	0.704623	2.798048E-8	8.424000E-6	0.698460	2.914229E-8	0.000000	0.000000	0.000000	0.000000	0.000000	0.000000
5.420000E-6	0.698349	2.771209E-8	8.420000E-6	0.701897	2.908134E-8	0.000000	0.000000	0.000000	0.000000	0.000000	0.000000
5.424000E-6	0.699256	2.804976E-8	8.424000E-6	0.668920	2.964242E-8	0.000000	0.000000	0.000000	0.000000	0.000000	0.000000
5.424000E-6	0.694055	2.839579E-8	8.424000E-6	0.701338	2.903241E-8	0.000000	0.000000	0.000000	0.000000	0.000000	0.000000
5.424000E-6	0.694622	2.838554E-8	8.424000E-6	0.692582	2.932580E-8	0.000000	0.000000	0.000000	0.000000	0.000000	0.000000
5.424000E-6	0.698230	2.795444E-8	8.424000E-6	0.696126	2.941817E-8	0.000000	0.000000	0.000000	0.000000	0.000000	0.000000
5.420000E-6	0.697650	2.779748E-8	8.420000E-6	0.698068	2.919592E-8	0.000000	0.000000	0.000000	0.000000	0.000000	0.000000
5.424000E-6	0.701566	2.783456E-8	8.424000E-6	0.698920	2.896524E-8	0.000000	0.000000	0.000000	0.000000	0.000000	0.000000
5.424000E-6	0.701022	2.819704E-8	8.424000E-6	0.700478	2.897132E-8	0.000000	0.000000	0.000000	0.000000	0.000000	0.000000
5.424000E-6	0.694501	2.850745E-8	8.424000E-6	0.695262	2.916114E-8	0.000000	0.000000	0.000000	0.000000	0.000000	0.000000
5.424000E-6	0.701790	2.841823E-8	8.424000E-6	0.694872	2.946712E-8	0.000000	0.000000	0.000000	0.000000	0.000000	0.000000
5.424000E-6	0.699282	2.799141E-8	8.424000E-6	0.695721	2.930546E-8	0.000000	0.000000	0.000000	0.000000	0.000000	0.000000
5.420000E-6	0.575559	3.116473E-8	8.420000E-6	0.697196	2.903390E-8	0.000000	0.000000	0.000000	0.000000	0.000000	0.000000
5.424000E-6	0.702646	2.798907E-8	8.424000E-6	0.669998	2.961714E-8	0.000000	0.000000	0.000000	0.000000	0.000000	0.000000
5.424000E-6	0.693677	2.833412E-8	8.424000E-6	0.701711	2.901461E-8	0.000000	0.000000	0.000000	0.000000	0.000000	0.000000
5.424000E-6	0.689231	2.826276E-8	8.424000E-6	0.694203	2.932510E-8	0.000000	0.000000	0.000000	0.000000	0.000000	0.000000
5.424000E-6	0.694246	2.818962E-8	8.424000E-6	0.692975	2.947058E-8	0.000000	0.000000	0.000000	0.000000	0.000000	0.000000
5.420000E-6	0.705398	2.788218E-8	8.420000E-6	0.700657	2.923891E-8	0.000000	0.000000	0.000000	0.000000	0.000000	0.000000
5.424000E-6	0.705890	2.783274E-8	8.424000E-6	0.700239	2.893578E-8	0.000000	0.000000	0.000000	0.000000	0.000000	0.000000
5.424000E-6	0.697396	2.803469E-8	8.424000E-6	0.700293	2.883444E-8	0.000000	0.000000	0.000000	0.000000	0.000000	0.000000
5.424000E-6	0.695666	2.846217E-8	8.424000E-6	0.696051	2.911637E-8	0.000000	0.000000	0.000000	0.000000	0.000000	0.000000
5.424000E-6	0.695082	2.818166E-8	8.424000E-6	0.692198	2.943822E-8	0.000000	0.000000	0.000000	0.000000	0.000000	0.000000
5.424000E-6	0.702134	2.791958E-8	8.424000E-6	0.699665	2.934451E-8	0.000000	0.000000	0.000000	0.000000	0.000000	0.000000
5.420000E-6	0.569981	3.108468E-8	8.420000E-6	0.701756	2.912583E-8	0.000000	0.000000	0.000000	0.000000	0.000000	0.000000
5.424000E-6	0.702254	2.794264E-8	8.424000E-6	0.672418	2.968404E-8	0.000000	0.000000	0.000000	0.000000	0.000000	0.000000
5.424000E-6	0.701200	2.823527E-8	8.424000E-6	0.699875	2.890563E-8	0.000000	0.000000	0.000000	0.000000	0.000000	0.000000
5.424000E-6	0.688879	2.835255E-8	8.424000E-6	0.698826	2.937823E-8	0.000000	0.000000	0.000000	0.000000	0.000000	0.000000
5.424000E-6	0.694563	2.801417E-8	8.424000E-6	0.696914	2.943505E-8	0.000000	0.000000	0.000000	0.000000	0.000000	0.000000
5.420000E-6	0.706828	2.800039E-8	8.420000E-6	0.695983	2.925932E-8	0.000000	0.000000	0.000000	0.000000	0.000000	0.000000
5.424000E-6	0.703989	2.781952E-8	8.424000E-6	0.703028	2.893168E-8	0.000000	0.000000	0.000000	0.000000	0.000000	0.000000
5.424000E-6	0.698976	2.795266E-8	8.424000E-6	0.699696	2.890710E-8	0.000000	0.000000	0.000000	0.000000	0.000000	0.000000
5.424000E-6	0.696643	2.851288E-8	8.424000E-6	0.696746	2.917097E-8	0.000000	0.000000	0.000000	0.000000	0.000000	0.000000
5.424000E-6	0.693260	2.823879E-8	8.424000E-6	0.692214	2.931981E-8	0.000000	0.000000	0.000000	0.000000	0.000000	0.000000
5.424000E-6	0.700343	2.786582E-8	8.424000E-6	0.696916	2.929712E-8	0.000000	0.000000	0.000000	0.000000	0.000000	0.000000
5.420000E-6	0.572725	3.123663E-8	8.420000E-6	0.701866	2.906108E-8	0.000000	0.000000	0.000000	0.000000	0.000000	0.000000
5.424000E-6	0.696478	2.789087E-8	8.424000E-6	0.672642	2.965421E-8	0.000000	0.000000	0.000000	0.000000	0.000000	0.000000
5.424000E-6	0.696753	2.840485E-8	8.424000E-6	0.696575	2.898605E-8	0.000000	0.000000	0.000000	0.000000	0.000000	0.000000
5.424000E-6	0.694605	2.849687E-8	8.424000E-6	0.695440	2.933014E-8	0.000000	0.000000	0.000000	0.000000	0.000000	0.000000
5.424000E-6	0.692745	2.812366E-8	8.424000E-6	0.690374	2.954308E-8	0.000000	0.000000	0.000000	0.000000	0.000000	0.000000
5.420000E-6	0.702580	2.783399E-8	8.424000E-6	0.698879	2.921532E-8	0.000000	0.000000	0.000000	0.000000	0.000000	0.000000
5.420000E-6	0.698370	2.778764E-8	8.420000E-6	0.697029	2.901716E-8	0.000000	0.000000	0.000000	0.000000	0.000000	0.000000
5.424000E-6	0.702297	2.806270E-8	8.424000E-6	0.674472	2.965773E-8	0.000000	0.000000	0.000000	0.000000	0.000000	0.000000
5.424000E-6	0.694195	2.822830E-8	8.424000E-6	0.700377	2.904151E-8	0.000000	0.000000	0.000000	0.000000	0.000000	0.000000
5.424000E-6	0.696822	2.832659E-8	8.424000E-6	0.694975	2.941944E-8	0.000000	0.000000	0.000000	0.000000	0.000000	0.000000
5.424000E-6	0.700430	2.796642E-8	8.424000E-6	0.696769	2.943112E-8	0.000000	0.000000	0.000000	0.000000	0.000000	0.000000
5.420000E-6	0.706959	2.790557E-8	8.420000E-6	0.699661	2.909186E-8	0.000000	0.000000	0.000000	0.000000	0.000000	0.000000
5.424000E-6	0.701214	2.787311E-8	8.424000E-6	0.674903	2.966346E-8	0.000000	0.000000	0.000000	0.000000	0.000000	0.000000
5.424000E-6	0.698753	2.818176E-8	8.424000E-6	0.700281	2.895248E-8	0.000000	0.000000	0.000000	0.000000	0.000000	0.000000
5.424000E-6	0.693697	2.850614E-8	8.424000E-6	0.695218	2.928659E-8	0.000000	0.000000	0.000000	0.000000	0.000000	0.000000
5.424000E-6	0.691921	2.810658E-8	8.424000E-6	0.693092	2.940291E-8	0.000000	0.000000	0.000000	0.000000	0.000000	0.000000
5.424000E-6	0.700113	2.779365E-8	8.424000E-6	0.698383	2.938806E-8	0.000000	0.000000	0.000000	0.000000	0.000000	0.000000
5.420000E-6	0.700689	2.783907E-8	8.420000E-6	0.698281	2.894097E-8	0.000000	0.000000	0.000000	0.000000	0.000000	0.000000
5.424000E-6	0.700876	2.808399E-8	8.424000E-6	0.702023	2.899573E-8	0.000000	0.000000	0.000000	0.000000	0.000000	0.000000
5.424000E-6	0.701395	2.832201E-8	8.424000E-6	0.697285	2.904867E-8	0.000000	0.000000	0.000000	0.000000	0.000000	0.000000
5.424000E-6	0.696117	2.843007E-8	8.424000E-6	0.696515	2.935647E-8	0.000000	0.000000	0.000000	0.000000	0.000000	0.000000
5.424000E-6	0.699136	2.803480E-8	8.424000E-6	0.696193	2.938670E-8	0.000000	0.000000	0.000000	0.000000	0.000000	0.000000
5.420000E-6	0.701706	2.779005E-8	8.420000E-6	0.697107	2.912290E-8	0.000000	0.000000	0.000000	0.000000	0.000000	0.000000
5.424000E-6	0.699505	2.785223E-8	8.424000E-6	0.672193	2.972345E-8	0.000000	0.000000	0.000000	0.000000	0.000000	0.000000
5.424000E-6	0.700361	2.827983E-8	8.424000E-6	0.698477	2.897618E-8	0.000000	0.000000	0.000000	0.000000	0.000000	0.000000
5.424000E-6	0.696232	2.853414E-8	8.424000E-6	0.693849	2.926402E-8	0.000000	0.000000	0.000000	0.000000	0.000000	0.000000
5.424000E-6	0.697528	2.826080E-8	8.424000E-6	0.692279	2.946287E-8	0.000000	0.000000	0.000000	0.000000	0.000000	0.000000
5.424000E-6	0.700688	2.786308E-8	8.424000E-6	0.694849	2.932487E-8	0.000000	0.000000	0.000000	0.000000	0.000000	0.000000
5.420000E-6	0.428281	3.519837E-8	8.420000E-6	0.701443	2.895324E-8	0.000000	0.000000	0.000000	0.000000	0.000000	0.000000
5.424000E-6	0.696634	2.793996E-8	8.424000E-6	0.670230	2.963996E-8	0.000000	0.000000	0.000000	0.000000	0.000000	0.000000
5.424000E-6	0.693376	2.821221E-8	8.424000E-6	0.699820	2.897681E-8	0.000000	0.000000	0.000000	0.000000	0.000000	0.000000
5.424000E-6	0.690923	2.842704E-8	8.424000E-6	0.696227	2.928386E-8	0.000000	0.000000	0.000000	0.000000	0.000000	0.000000
5.424000E-6	0.703342	2.816109E-8	8.424000E-6	0.693292	2.949206E-8	0.000000	0.000000	0.000000	0.000000	0.000000	0.000000
5.420000E-6	0.703004	2.795197E-8	8.420000E-6	0.696921	2.913371E-8	0.000000	0.000000	0.000000	0.000000	0.000000	0.000000
5.424000E-6	0.704100	2.775249E-8	8.424000E-6	0.702221	2.893037E-8	0.000000	0.000000	0.000000	0.000000	0.000000	0.000000
5.424000E-6	0.696823	2.810806E-8	8.424000E-6	0.700952	2.889783E-8	0.000000	0.000000	0.000000	0.000000	0.000000	0.000000
5.424000E-6	0.691387	2.827717E-8	8.424000E-6	0.699767	2.913087E-8	0.000000	0.000000	0.000000	0.000000	0.000000	0.000000
5.424000E-6	0.697634	2.836853E-8	8.424000E-6	0.694925	2.945330E-8	0.000000	0.000000	0.000000	0.000000	0.000000	0.000000
5.424000E-6	0.701703	2.810298E-8	8.424000E-6	0.697969	2.936753E-8	0.000000	0.000000	0.000000	0.000000	0.000000	0.000000
5.420000E-6	0.673794	2.857365E-8	8.420000E-6	0.698722	2.904030E-8	0.000000	0.000000	0.000000	0.000000	0.000000	0.000000
