Trigger Count=587	Output Count=587	Elapsed Time=05.864	Number of Pulses CH0=2	Number of Pulses CH1=0
ple rate (Hz)=2.50E+8	Min record length=11364	Trigger level (V)=0.1000	Channel 0 threshold (V)=0.0600	Channel 1 threshold (V)=0.0600	Range (microseconds)=40.0000	Pulse 2 delay (microseconds)=1.0000	Lower cut-off frequency (Hz)=3.00E+7
                             	                             
Ch0_time1 (s)	Ch0_amp1 (V)	Ch0_width1 (s)	Ch0_time2 (s)	Ch0_amp2 (V)	Ch0_width2 (s)	Ch1_time1 (s)	Ch1_amp1 (V)	Ch1_width1 (s)	Ch1_time2 (s)	Ch1_amp2 (V)	Ch1_width2 (s)
5.424000E-6	0.697151	2.810423E-8	8.424000E-6	0.089975	2.981431E-8	0.000000	0.000000	0.000000	0.000000	0.000000	0.000000
5.424000E-6	0.701467	2.788121E-8	8.424000E-6	0.090921	2.898435E-8	0.000000	0.000000	0.000000	0.000000	0.000000	0.000000
5.420000E-6	0.696850	2.778441E-8	8.424000E-6	0.087171	2.969878E-8	0.000000	0.000000	0.000000	0.000000	0.000000	0.000000
5.424000E-6	0.696508	2.797054E-8	8.428000E-6	0.091361	2.942269E-8	0.000000	0.000000	0.000000	0.000000	0.000000	0.000000
5.424000E-6	0.693368	2.842205E-8	8.428000E-6	0.088684	2.944586E-8	0.000000	0.000000	0.000000	0.000000	0.000000	0.000000
5.424000E-6	0.691846	2.828812E-8	8.424000E-6	0.087330	2.993906E-8	0.000000	0.000000	0.000000	0.000000	0.000000	0.000000
5.424000E-6	0.698615	2.793759E-8	8.424000E-6	0.087810	2.863877E-8	0.000000	0.000000	0.000000	0.000000	0.000000	0.000000
5.420000E-6	0.701453	2.773803E-8	8.424000E-6	0.088268	2.954533E-8	0.000000	0.000000	0.000000	0.000000	0.000000	0.000000
5.424000E-6	0.698620	2.792623E-8	8.428000E-6	0.086553	2.951249E-8	0.000000	0.000000	0.000000	0.000000	0.000000	0.000000
5.424000E-6	0.698056	2.830308E-8	8.428000E-6	0.084600	2.920771E-8	0.000000	0.000000	0.000000	0.000000	0.000000	0.000000
5.424000E-6	0.690973	2.853974E-8	8.424000E-6	0.087422	3.001470E-8	0.000000	0.000000	0.000000	0.000000	0.000000	0.000000
5.424000E-6	0.697601	2.821655E-8	8.424000E-6	0.091164	2.890032E-8	0.000000	0.000000	0.000000	0.000000	0.000000	0.000000
5.424000E-6	0.698722	2.789868E-8	8.424000E-6	0.087850	2.913647E-8	0.000000	0.000000	0.000000	0.000000	0.000000	0.000000
5.420000E-6	0.697600	2.775150E-8	8.424000E-6	0.083370	2.924523E-8	0.000000	0.000000	0.000000	0.000000	0.000000	0.000000
5.424000E-6	0.698620	2.792124E-8	8.428000E-6	0.086325	2.971950E-8	0.000000	0.000000	0.000000	0.000000	0.000000	0.000000
5.424000E-6	0.691976	2.835286E-8	8.428000E-6	0.090464	2.905321E-8	0.000000	0.000000	0.000000	0.000000	0.000000	0.000000
5.424000E-6	0.698101	2.834116E-8	8.424000E-6	0.088863	2.916147E-8	0.000000	0.000000	0.000000	0.000000	0.000000	0.000000
5.424000E-6	0.701447	2.815884E-8	8.424000E-6	0.085958	2.931520E-8	0.000000	0.000000	0.000000	0.000000	0.000000	0.000000
5.420000E-6	0.708167	2.790444E-8	8.424000E-6	0.088650	2.872092E-8	0.000000	0.000000	0.000000	0.000000	0.000000	0.000000
5.424000E-6	0.704753	2.793504E-8	8.428000E-6	0.084680	2.958581E-8	0.000000	0.000000	0.000000	0.000000	0.000000	0.000000
5.424000E-6	0.698439	2.796836E-8	8.428000E-6	0.088777	2.945220E-8	0.000000	0.000000	0.000000	0.000000	0.000000	0.000000
5.424000E-6	0.690593	2.825948E-8	8.428000E-6	0.086869	2.904673E-8	0.000000	0.000000	0.000000	0.000000	0.000000	0.000000
5.424000E-6	0.693093	2.836876E-8	8.424000E-6	0.086547	2.959703E-8	0.000000	0.000000	0.000000	0.000000	0.000000	0.000000
5.424000E-6	0.700113	2.813038E-8	8.424000E-6	0.088499	2.938208E-8	0.000000	0.000000	0.000000	0.000000	0.000000	0.000000
5.420000E-6	0.564808	3.112541E-8	8.424000E-6	0.086226	2.935676E-8	0.000000	0.000000	0.000000	0.000000	0.000000	0.000000
5.424000E-6	0.695699	2.776374E-8	8.428000E-6	0.088802	2.846420E-8	0.000000	0.000000	0.000000	0.000000	0.000000	0.000000
5.424000E-6	0.700304	2.818384E-8	8.428000E-6	0.088847	2.942782E-8	0.000000	0.000000	0.000000	0.000000	0.000000	0.000000
5.424000E-6	0.689227	2.855014E-8	8.424000E-6	0.087443	2.890983E-8	0.000000	0.000000	0.000000	0.000000	0.000000	0.000000
5.424000E-6	0.699275	2.835982E-8	8.424000E-6	0.089744	2.924636E-8	0.000000	0.000000	0.000000	0.000000	0.000000	0.000000
5.424000E-6	0.699854	2.782519E-8	8.424000E-6	0.088795	2.953293E-8	0.000000	0.000000	0.000000	0.000000	0.000000	0.000000
5.420000E-6	0.699057	2.781436E-8	8.424000E-6	0.090098	2.907001E-8	0.000000	0.000000	0.000000	0.000000	0.000000	0.000000
5.424000E-6	0.693004	2.794212E-8	8.428000E-6	0.087456	2.947578E-8	0.000000	0.000000	0.000000	0.000000	0.000000	0.000000
5.424000E-6	0.689157	2.820343E-8	8.428000E-6	0.087139	2.953310E-8	0.000000	0.000000	0.000000	0.000000	0.000000	0.000000
5.424000E-6	0.688422	2.819464E-8	8.424000E-6	0.087167	2.954274E-8	0.000000	0.000000	0.000000	0.000000	0.000000	0.000000
5.424000E-6	0.703478	2.820685E-8	8.424000E-6	0.089746	2.884307E-8	0.000000	0.000000	0.000000	0.000000	0.000000	0.000000
5.420000E-6	0.699964	2.781217E-8	8.424000E-6	0.088208	2.905877E-8	0.000000	0.000000	0.000000	0.000000	0.000000	0.000000
5.424000E-6	0.702551	2.787063E-8	8.428000E-6	0.088483	2.892413E-8	0.000000	0.000000	0.000000	0.000000	0.000000	0.000000
5.424000E-6	0.699254	2.823042E-8	8.428000E-6	0.087556	2.898958E-8	0.000000	0.000000	0.000000	0.000000	0.000000	0.000000
5.424000E-6	0.692069	2.857121E-8	8.428000E-6	0.088776	2.925269E-8	0.000000	0.000000	0.000000	0.000000	0.000000	0.000000
5.424000E-6	0.696491	2.830788E-8	8.424000E-6	0.087153	2.984747E-8	0.000000	0.000000	0.000000	0.000000	0.000000	0.000000
5.424000E-6	0.701672	2.799602E-8	8.424000E-6	0.088255	2.938958E-8	0.000000	0.000000	0.000000	0.000000	0.000000	0.000000
5.420000E-6	0.423918	3.513498E-8	8.424000E-6	0.088653	2.870332E-8	0.000000	0.000000	0.000000	0.000000	0.000000	0.000000
5.424000E-6	0.696541	2.794346E-8	8.428000E-6	0.086245	2.978789E-8	0.000000	0.000000	0.000000	0.000000	0.000000	0.000000
5.424000E-6	0.689962	2.820371E-8	8.428000E-6	0.088529	2.827345E-8	0.000000	0.000000	0.000000	0.000000	0.000000	0.000000
5.424000E-6	0.695806	2.840428E-8	8.424000E-6	0.087978	2.917417E-8	0.000000	0.000000	0.000000	0.000000	0.000000	0.000000
5.424000E-6	0.697014	2.812599E-8	8.424000E-6	0.088761	2.918318E-8	0.000000	0.000000	0.000000	0.000000	0.000000	0.000000
5.420000E-6	0.700153	2.781000E-8	8.424000E-6	0.086985	2.955656E-8	0.000000	0.000000	0.000000	0.000000	0.000000	0.000000
5.424000E-6	0.703108	2.792688E-8	8.428000E-6	0.086616	3.033423E-8	0.000000	0.000000	0.000000	0.000000	0.000000	0.000000
5.424000E-6	0.699758	2.813122E-8	8.428000E-6	0.088379	2.888957E-8	0.000000	0.000000	0.000000	0.000000	0.000000	0.000000
5.424000E-6	0.691944	2.839162E-8	8.428000E-6	0.089144	2.928730E-8	0.000000	0.000000	0.000000	0.000000	0.000000	0.000000
5.424000E-6	0.694894	2.835331E-8	8.424000E-6	0.084759	2.994592E-8	0.000000	0.000000	0.000000	0.000000	0.000000	0.000000
5.424000E-6	0.697509	2.796784E-8	8.424000E-6	0.089155	2.929472E-8	0.000000	0.000000	0.000000	0.000000	0.000000	0.000000
5.420000E-6	0.669121	2.856475E-8	8.424000E-6	0.085815	2.970109E-8	0.000000	0.000000	0.000000	0.000000	0.000000	0.000000
5.424000E-6	0.697535	2.787871E-8	8.428000E-6	0.089022	2.917183E-8	0.000000	0.000000	0.000000	0.000000	0.000000	0.000000
5.424000E-6	0.692867	2.823678E-8	8.428000E-6	0.085342	2.969295E-8	0.000000	0.000000	0.000000	0.000000	0.000000	0.000000
5.424000E-6	0.685246	2.838066E-8	8.428000E-6	0.088682	2.931575E-8	0.000000	0.000000	0.000000	0.000000	0.000000	0.000000
5.424000E-6	0.700233	2.829198E-8	8.424000E-6	0.088344	2.914963E-8	0.000000	0.000000	0.000000	0.000000	0.000000	0.000000
5.420000E-6	0.698907	2.782792E-8	8.424000E-6	0.088025	2.905224E-8	0.000000	0.000000	0.000000	0.000000	0.000000	0.000000
5.420000E-6	0.696680	2.774063E-8	8.424000E-6	0.088525	2.861282E-8	0.000000	0.000000	0.000000	0.000000	0.000000	0.000000
5.424000E-6	0.696087	2.798262E-8	8.428000E-6	0.088949	2.997958E-8	0.000000	0.000000	0.000000	0.000000	0.000000	0.000000
5.424000E-6	0.687376	2.836748E-8	8.428000E-6	0.087224	2.928222E-8	0.000000	0.000000	0.000000	0.000000	0.000000	0.000000
5.424000E-6	0.692094	2.836853E-8	8.424000E-6	0.087104	2.848195E-8	0.000000	0.000000	0.000000	0.000000	0.000000	0.000000
5.424000E-6	0.697905	2.798225E-8	8.424000E-6	0.089045	2.913932E-8	0.000000	0.000000	0.000000	0.000000	0.000000	0.000000
5.420000E-6	0.570789	3.107443E-8	8.424000E-6	0.088233	2.864350E-8	0.000000	0.000000	0.000000	0.000000	0.000000	0.000000
5.424000E-6	0.702373	2.796963E-8	8.428000E-6	0.085303	2.982320E-8	0.000000	0.000000	0.000000	0.000000	0.000000	0.000000
5.424000E-6	0.693981	2.808916E-8	8.428000E-6	0.089040	2.861871E-8	0.000000	0.000000	0.000000	0.000000	0.000000	0.000000
5.424000E-6	0.690498	2.864409E-8	8.424000E-6	0.087253	2.999505E-8	0.000000	0.000000	0.000000	0.000000	0.000000	0.000000
5.424000E-6	0.690490	2.821198E-8	8.424000E-6	0.087787	2.901063E-8	0.000000	0.000000	0.000000	0.000000	0.000000	0.000000
5.424000E-6	0.701811	2.792833E-8	8.424000E-6	0.088213	2.940099E-8	0.000000	0.000000	0.000000	0.000000	0.000000	0.000000
5.420000E-6	0.573228	3.113081E-8	8.424000E-6	0.090754	2.928052E-8	0.000000	0.000000	0.000000	0.000000	0.000000	0.000000
5.424000E-6	0.704344	2.795621E-8	8.428000E-6	0.091443	2.903122E-8	0.000000	0.000000	0.000000	0.000000	0.000000	0.000000
5.424000E-6	0.697822	2.821750E-8	8.428000E-6	0.091431	2.852499E-8	0.000000	0.000000	0.000000	0.000000	0.000000	0.000000
5.424000E-6	0.691461	2.845893E-8	8.428000E-6	0.087395	2.976345E-8	0.000000	0.000000	0.000000	0.000000	0.000000	0.000000
5.424000E-6	0.696606	2.810106E-8	8.424000E-6	0.086573	2.948919E-8	0.000000	0.000000	0.000000	0.000000	0.000000	0.000000
5.424000E-6	0.695968	2.783265E-8	8.424000E-6	0.088891	2.901417E-8	0.000000	0.000000	0.000000	0.000000	0.000000	0.000000
5.420000E-6	0.566671	3.125500E-8	8.424000E-6	0.088077	2.961346E-8	0.000000	0.000000	0.000000	0.000000	0.000000	0.000000
5.424000E-6	0.699332	2.801636E-8	8.428000E-6	0.085716	2.902735E-8	0.000000	0.000000	0.000000	0.000000	0.000000	0.000000
5.424000E-6	0.691994	2.813938E-8	8.428000E-6	0.088415	2.886703E-8	0.000000	0.000000	0.000000	0.000000	0.000000	0.000000
5.424000E-6	0.691039	2.849942E-8	8.424000E-6	0.086829	2.974742E-8	0.000000	0.000000	0.000000	0.000000	0.000000	0.000000
5.424000E-6	0.693640	2.804105E-8	8.424000E-6	0.089728	2.921530E-8	0.000000	0.000000	0.000000	0.000000	0.000000	0.000000
5.420000E-6	0.694614	2.780678E-8	8.424000E-6	0.088457	2.923268E-8	0.000000	0.000000	0.000000	0.000000	0.000000	0.000000
5.420000E-6	0.702356	2.780926E-8	8.424000E-6	0.084762	2.965461E-8	0.000000	0.000000	0.000000	0.000000	0.000000	0.000000
5.424000E-6	0.699874	2.802810E-8	8.428000E-6	0.090507	2.866659E-8	0.000000	0.000000	0.000000	0.000000	0.000000	0.000000
5.424000E-6	0.695913	2.826395E-8	8.428000E-6	0.088611	2.916297E-8	0.000000	0.000000	0.000000	0.000000	0.000000	0.000000
5.424000E-6	0.690387	2.831678E-8	8.424000E-6	0.089284	2.895921E-8	0.000000	0.000000	0.000000	0.000000	0.000000	0.000000
5.424000E-6	0.696625	2.807074E-8	8.424000E-6	0.088903	2.994252E-8	0.000000	0.000000	0.000000	0.000000	0.000000	0.000000
5.420000E-6	0.702648	2.776488E-8	8.424000E-6	0.087897	2.912155E-8	0.000000	0.000000	0.000000	0.000000	0.000000	0.000000
5.424000E-6	0.702275	2.799045E-8	8.428000E-6	0.087997	3.041801E-8	0.000000	0.000000	0.000000	0.000000	0.000000	0.000000
5.424000E-6	0.698022	2.824658E-8	8.428000E-6	0.086152	2.925547E-8	0.000000	0.000000	0.000000	0.000000	0.000000	0.000000
5.424000E-6	0.688334	2.834447E-8	8.424000E-6	0.087208	2.946843E-8	0.000000	0.000000	0.000000	0.000000	0.000000	0.000000
5.424000E-6	0.692285	2.820249E-8	8.424000E-6	0.085704	2.938076E-8	0.000000	0.000000	0.000000	0.000000	0.000000	0.000000
5.424000E-6	0.698047	2.785776E-8	8.424000E-6	0.087694	2.858944E-8	0.000000	0.000000	0.000000	0.000000	0.000000	0.000000
5.420000E-6	0.569773	3.102568E-8	8.424000E-6	0.083574	2.966194E-8	0.000000	0.000000	0.000000	0.000000	0.000000	0.000000
5.424000E-6	0.700405	2.809137E-8	8.428000E-6	0.089814	2.949764E-8	0.000000	0.000000	0.000000	0.000000	0.000000	0.000000
5.424000E-6	0.693915	2.824462E-8	8.428000E-6	0.089037	2.858312E-8	0.000000	0.000000	0.000000	0.000000	0.000000	0.000000
5.424000E-6	0.686115	2.836510E-8	8.424000E-6	0.088779	3.006850E-8	0.000000	0.000000	0.000000	0.000000	0.000000	0.000000
5.424000E-6	0.694207	2.816866E-8	8.424000E-6	0.084315	2.972645E-8	0.000000	0.000000	0.000000	0.000000	0.000000	0.000000
5.424000E-6	0.700577	2.793986E-8	8.424000E-6	0.091029	2.957117E-8	0.000000	0.000000	0.000000	0.000000	0.000000	0.000000
5.420000E-6	0.700681	2.771240E-8	8.424000E-6	0.086123	2.876756E-8	0.000000	0.000000	0.000000	0.000000	0.000000	0.000000
5.424000E-6	0.701948	2.802357E-8	8.428000E-6	0.090157	2.919918E-8	0.000000	0.000000	0.000000	0.000000	0.000000	0.000000
5.424000E-6	0.695011	2.832716E-8	8.428000E-6	0.087858	2.959484E-8	0.000000	0.000000	0.000000	0.000000	0.000000	0.000000
5.424000E-6	0.693335	2.831388E-8	8.424000E-6	0.087700	2.907655E-8	0.000000	0.000000	0.000000	0.000000	0.000000	0.000000
5.424000E-6	0.697092	2.806623E-8	8.424000E-6	0.088315	2.910407E-8	0.000000	0.000000	0.000000	0.000000	0.000000	0.000000
5.420000E-6	0.704033	2.771463E-8	8.424000E-6	0.090289	2.906429E-8	0.000000	0.000000	0.000000	0.000000	0.000000	0.000000
5.424000E-6	0.699801	2.799815E-8	8.428000E-6	0.087745	2.986497E-8	0.000000	0.000000	0.000000	0.000000	0.000000	0.000000
5.424000E-6	0.692629	2.804487E-8	8.428000E-6	0.088721	2.912695E-8	0.000000	0.000000	0.000000	0.000000	0.000000	0.000000
5.424000E-6	0.690195	2.838063E-8	8.424000E-6	0.085834	2.973054E-8	0.000000	0.000000	0.000000	0.000000	0.000000	0.000000
5.424000E-6	0.694879	2.832820E-8	8.424000E-6	0.088760	2.829501E-8	0.000000	0.000000	0.000000	0.000000	0.000000	0.000000
5.424000E-6	0.699128	2.794244E-8	8.424000E-6	0.091887	2.902884E-8	0.000000	0.000000	0.000000	0.000000	0.000000	0.000000
5.420000E-6	0.674765	2.861970E-8	8.424000E-6	0.090152	2.905050E-8	0.000000	0.000000	0.000000	0.000000	0.000000	0.000000
5.424000E-6	0.694826	2.791505E-8	8.428000E-6	0.090347	2.826268E-8	0.000000	0.000000	0.000000	0.000000	0.000000	0.000000
5.424000E-6	0.697179	2.826068E-8	8.428000E-6	0.090513	2.879404E-8	0.000000	0.000000	0.000000	0.000000	0.000000	0.000000
5.424000E-6	0.690231	2.832149E-8	8.424000E-6	0.089914	2.935071E-8	0.000000	0.000000	0.000000	0.000000	0.000000	0.000000
5.424000E-6	0.694041	2.799493E-8	8.424000E-6	0.089014	2.894007E-8	0.000000	0.000000	0.000000	0.000000	0.000000	0.000000
5.420000E-6	0.697918	2.787673E-8	8.424000E-6	0.085737	2.975150E-8	0.000000	0.000000	0.000000	0.000000	0.000000	0.000000
5.420000E-6	0.701240	2.794867E-8	8.424000E-6	0.089696	2.954014E-8	0.000000	0.000000	0.000000	0.000000	0.000000	0.000000
5.424000E-6	0.696145	2.799298E-8	8.428000E-6	0.088543	2.877297E-8	0.000000	0.000000	0.000000	0.000000	0.000000	0.000000
5.424000E-6	0.694405	2.847924E-8	8.428000E-6	0.089110	2.948147E-8	0.000000	0.000000	0.000000	0.000000	0.000000	0.000000
5.424000E-6	0.695426	2.827181E-8	8.424000E-6	0.089096	2.930766E-8	0.000000	0.000000	0.000000	0.000000	0.000000	0.000000
5.424000E-6	0.697134	2.803677E-8	8.424000E-6	0.088866	2.849234E-8	0.000000	0.000000	0.000000	0.000000	0.000000	0.000000
5.420000E-6	0.698696	2.770091E-8	8.424000E-6	0.091044	2.951365E-8	0.000000	0.000000	0.000000	0.000000	0.000000	0.000000
5.424000E-6	0.698457	2.779484E-8	8.428000E-6	0.087707	2.878305E-8	0.000000	0.000000	0.000000	0.000000	0.000000	0.000000
5.424000E-6	0.698467	2.822702E-8	8.428000E-6	0.090402	2.946029E-8	0.000000	0.000000	0.000000	0.000000	0.000000	0.000000
5.424000E-6	0.688954	2.844154E-8	8.424000E-6	0.088720	2.979352E-8	0.000000	0.000000	0.000000	0.000000	0.000000	0.000000
5.424000E-6	0.695612	2.817366E-8	8.424000E-6	0.089497	2.913255E-8	0.000000	0.000000	0.000000	0.000000	0.000000	0.000000
5.424000E-6	0.696343	2.791702E-8	8.424000E-6	0.090309	2.944625E-8	0.000000	0.000000	0.000000	0.000000	0.000000	0.000000
5.420000E-6	0.567898	3.116781E-8	8.424000E-6	0.087058	2.998824E-8	0.000000	0.000000	0.000000	0.000000	0.000000	0.000000
5.424000E-6	0.698539	2.791013E-8	8.428000E-6	0.089120	3.035842E-8	0.000000	0.000000	0.000000	0.000000	0.000000	0.000000
5.424000E-6	0.697845	2.837248E-8	8.428000E-6	0.086042	2.897103E-8	0.000000	0.000000	0.000000	0.000000	0.000000	0.000000
5.424000E-6	0.692182	2.847185E-8	8.424000E-6	0.088848	2.962604E-8	0.000000	0.000000	0.000000	0.000000	0.000000	0.000000
5.424000E-6	0.696963	2.804792E-8	8.424000E-6	0.088071	2.907973E-8	0.000000	0.000000	0.000000	0.000000	0.000000	0.000000
5.420000E-6	0.700630	2.778798E-8	8.424000E-6	0.089187	2.869246E-8	0.000000	0.000000	0.000000	0.000000	0.000000	0.000000
5.420000E-6	0.699815	2.782753E-8	8.424000E-6	0.087829	2.913550E-8	0.000000	0.000000	0.000000	0.000000	0.000000	0.000000
5.424000E-6	0.698906	2.816503E-8	8.428000E-6	0.089557	2.909891E-8	0.000000	0.000000	0.000000	0.000000	0.000000	0.000000
5.424000E-6	0.688596	2.834802E-8	8.428000E-6	0.090386	2.918437E-8	0.000000	0.000000	0.000000	0.000000	0.000000	0.000000
5.424000E-6	0.695034	2.830690E-8	8.424000E-6	0.085015	2.969551E-8	0.000000	0.000000	0.000000	0.000000	0.000000	0.000000
5.424000E-6	0.696542	2.793018E-8	8.424000E-6	0.090229	2.902952E-8	0.000000	0.000000	0.000000	0.000000	0.000000	0.000000
5.420000E-6	0.670684	2.847350E-8	8.424000E-6	0.088166	2.930936E-8	0.000000	0.000000	0.000000	0.000000	0.000000	0.000000
5.424000E-6	0.696630	2.792536E-8	8.428000E-6	0.088717	2.908943E-8	0.000000	0.000000	0.000000	0.000000	0.000000	0.000000
5.424000E-6	0.697803	2.820424E-8	8.428000E-6	0.090619	2.916457E-8	0.000000	0.000000	0.000000	0.000000	0.000000	0.000000
5.424000E-6	0.687187	2.828369E-8	8.424000E-6	0.087800	2.942576E-8	0.000000	0.000000	0.000000	0.000000	0.000000	0.000000
5.424000E-6	0.697993	2.820703E-8	8.424000E-6	0.089776	2.919105E-8	0.000000	0.000000	0.000000	0.000000	0.000000	0.000000
5.424000E-6	0.698209	2.783747E-8	8.424000E-6	0.089958	2.946557E-8	0.000000	0.000000	0.000000	0.000000	0.000000	0.000000
5.420000E-6	0.700009	2.772016E-8	8.424000E-6	0.087128	2.869413E-8	0.000000	0.000000	0.000000	0.000000	0.000000	0.000000
5.424000E-6	0.698419	2.792032E-8	8.428000E-6	0.085587	3.022996E-8	0.000000	0.000000	0.000000	0.000000	0.000000	0.000000
5.424000E-6	0.694229	2.807897E-8	8.428000E-6	0.085359	2.903924E-8	0.000000	0.000000	0.000000	0.000000	0.000000	0.000000
5.424000E-6	0.691928	2.862068E-8	8.428000E-6	0.088106	2.940864E-8	0.000000	0.000000	0.000000	0.000000	0.000000	0.000000
5.424000E-6	0.694394	2.813500E-8	8.424000E-6	0.089289	2.906048E-8	0.000000	0.000000	0.000000	0.000000	0.000000	0.000000
5.424000E-6	0.696714	2.783509E-8	8.424000E-6	0.089671	2.932393E-8	0.000000	0.000000	0.000000	0.000000	0.000000	0.000000
5.420000E-6	0.423695	3.515890E-8	8.424000E-6	0.089098	2.932667E-8	0.000000	0.000000	0.000000	0.000000	0.000000	0.000000
5.424000E-6	0.700253	2.799514E-8	8.428000E-6	0.089866	2.848763E-8	0.000000	0.000000	0.000000	0.000000	0.000000	0.000000
5.424000E-6	0.697194	2.823187E-8	8.428000E-6	0.087522	2.919608E-8	0.000000	0.000000	0.000000	0.000000	0.000000	0.000000
5.424000E-6	0.690936	2.855615E-8	8.424000E-6	0.089035	2.901428E-8	0.000000	0.000000	0.000000	0.000000	0.000000	0.000000
5.424000E-6	0.694412	2.815504E-8	8.424000E-6	0.088092	2.943186E-8	0.000000	0.000000	0.000000	0.000000	0.000000	0.000000
5.424000E-6	0.704117	2.798043E-8	8.424000E-6	0.087124	2.928604E-8	0.000000	0.000000	0.000000	0.000000	0.000000	0.000000
5.420000E-6	0.569980	3.114826E-8	8.424000E-6	0.090293	2.908444E-8	0.000000	0.000000	0.000000	0.000000	0.000000	0.000000
5.424000E-6	0.699127	2.781833E-8	8.428000E-6	0.087647	2.951793E-8	0.000000	0.000000	0.000000	0.000000	0.000000	0.000000
5.424000E-6	0.693059	2.820504E-8	8.428000E-6	0.087298	2.955913E-8	0.000000	0.000000	0.000000	0.000000	0.000000	0.000000
5.424000E-6	0.696059	2.837827E-8	8.424000E-6	0.090193	2.952284E-8	0.000000	0.000000	0.000000	0.000000	0.000000	0.000000
5.424000E-6	0.701369	2.823701E-8	8.424000E-6	0.087882	2.838585E-8	0.000000	0.000000	0.000000	0.000000	0.000000	0.000000
5.424000E-6	0.704931	2.794256E-8	8.424000E-6	0.090183	2.906711E-8	0.000000	0.000000	0.000000	0.000000	0.000000	0.000000
5.420000E-6	0.704912	2.788861E-8	8.424000E-6	0.092120	2.855144E-8	0.000000	0.000000	0.000000	0.000000	0.000000	0.000000
5.424000E-6	0.698310	2.805435E-8	8.428000E-6	0.089219	2.845623E-8	0.000000	0.000000	0.000000	0.000000	0.000000	0.000000
5.424000E-6	0.697500	2.840744E-8	8.428000E-6	0.089397	2.988234E-8	0.000000	0.000000	0.000000	0.000000	0.000000	0.000000
5.424000E-6	0.687162	2.825987E-8	8.424000E-6	0.089856	2.928765E-8	0.000000	0.000000	0.000000	0.000000	0.000000	0.000000
5.424000E-6	0.695631	2.802132E-8	8.424000E-6	0.088345	2.977667E-8	0.000000	0.000000	0.000000	0.000000	0.000000	0.000000
5.420000E-6	0.701296	2.796897E-8	8.424000E-6	0.089428	2.844478E-8	0.000000	0.000000	0.000000	0.000000	0.000000	0.000000
5.420000E-6	0.704405	2.786281E-8	8.424000E-6	0.082900	3.050201E-8	0.000000	0.000000	0.000000	0.000000	0.000000	0.000000
5.424000E-6	0.694988	2.790937E-8	8.428000E-6	0.089696	2.884634E-8	0.000000	0.000000	0.000000	0.000000	0.000000	0.000000
5.424000E-6	0.695732	2.837152E-8	8.428000E-6	0.089655	2.960720E-8	0.000000	0.000000	0.000000	0.000000	0.000000	0.000000
5.424000E-6	0.698505	2.834557E-8	8.424000E-6	0.088362	2.870509E-8	0.000000	0.000000	0.000000	0.000000	0.000000	0.000000
5.424000E-6	0.695606	2.797186E-8	8.424000E-6	0.089643	2.885345E-8	0.000000	0.000000	0.000000	0.000000	0.000000	0.000000
5.420000E-6	0.696062	2.778957E-8	8.424000E-6	0.086423	3.057916E-8	0.000000	0.000000	0.000000	0.000000	0.000000	0.000000
5.424000E-6	0.697235	2.776973E-8	8.428000E-6	0.085224	2.981640E-8	0.000000	0.000000	0.000000	0.000000	0.000000	0.000000
5.424000E-6	0.698618	2.817873E-8	8.428000E-6	0.089348	2.885167E-8	0.000000	0.000000	0.000000	0.000000	0.000000	0.000000
5.424000E-6	0.692919	2.849161E-8	8.428000E-6	0.088962	2.892496E-8	0.000000	0.000000	0.000000	0.000000	0.000000	0.000000
5.424000E-6	0.698156	2.833270E-8	8.424000E-6	0.087582	2.999466E-8	0.000000	0.000000	0.000000	0.000000	0.000000	0.000000
5.424000E-6	0.696014	2.786041E-8	8.424000E-6	0.089085	2.813423E-8	0.000000	0.000000	0.000000	0.000000	0.000000	0.000000
5.420000E-6	0.703672	2.784199E-8	8.424000E-6	0.090106	2.932813E-8	0.000000	0.000000	0.000000	0.000000	0.000000	0.000000
5.424000E-6	0.696141	2.787590E-8	8.428000E-6	0.089639	2.865417E-8	0.000000	0.000000	0.000000	0.000000	0.000000	0.000000
5.424000E-6	0.702099	2.821006E-8	8.428000E-6	0.086804	2.884055E-8	0.000000	0.000000	0.000000	0.000000	0.000000	0.000000
5.424000E-6	0.694271	2.848349E-8	8.424000E-6	0.088089	3.023250E-8	0.000000	0.000000	0.000000	0.000000	0.000000	0.000000
5.424000E-6	0.696823	2.834327E-8	8.424000E-6	0.086976	2.919494E-8	0.000000	0.000000	0.000000	0.000000	0.000000	0.000000
5.424000E-6	0.694661	2.803618E-8	8.424000E-6	0.089012	2.972155E-8	0.000000	0.000000	0.000000	0.000000	0.000000	0.000000
5.420000E-6	0.697476	2.775064E-8	8.424000E-6	0.089875	2.955083E-8	0.000000	0.000000	0.000000	0.000000	0.000000	0.000000
5.424000E-6	0.703463	2.790842E-8	8.428000E-6	0.089711	2.946155E-8	0.000000	0.000000	0.000000	0.000000	0.000000	0.000000
5.424000E-6	0.695159	2.805211E-8	8.428000E-6	0.087940	2.853436E-8	0.000000	0.000000	0.000000	0.000000	0.000000	0.000000
5.424000E-6	0.693596	2.825564E-8	8.428000E-6	0.086730	2.918302E-8	0.000000	0.000000	0.000000	0.000000	0.000000	0.000000
5.424000E-6	0.696664	2.843429E-8	8.424000E-6	0.089132	2.934209E-8	0.000000	0.000000	0.000000	0.000000	0.000000	0.000000
5.424000E-6	0.695753	2.803797E-8	8.424000E-6	0.090293	2.936998E-8	0.000000	0.000000	0.000000	0.000000	0.000000	0.000000
5.420000E-6	0.698299	2.791432E-8	8.424000E-6	0.087617	2.896791E-8	0.000000	0.000000	0.000000	0.000000	0.000000	0.000000
5.420000E-6	0.698466	2.784184E-8	8.424000E-6	0.087089	3.003958E-8	0.000000	0.000000	0.000000	0.000000	0.000000	0.000000
5.424000E-6	0.700557	2.807749E-8	8.428000E-6	0.088435	2.843681E-8	0.000000	0.000000	0.000000	0.000000	0.000000	0.000000
5.424000E-6	0.692965	2.825839E-8	8.428000E-6	0.087961	2.890170E-8	0.000000	0.000000	0.000000	0.000000	0.000000	0.000000
5.424000E-6	0.696439	2.842679E-8	8.424000E-6	0.088490	2.940529E-8	0.000000	0.000000	0.000000	0.000000	0.000000	0.000000
5.424000E-6	0.694796	2.797651E-8	8.424000E-6	0.086859	2.918479E-8	0.000000	0.000000	0.000000	0.000000	0.000000	0.000000
5.420000E-6	0.697583	2.785612E-8	8.424000E-6	0.088562	2.892634E-8	0.000000	0.000000	0.000000	0.000000	0.000000	0.000000
5.420000E-6	0.702573	2.777033E-8	8.424000E-6	0.087541	2.954466E-8	0.000000	0.000000	0.000000	0.000000	0.000000	0.000000
5.424000E-6	0.695227	2.805431E-8	8.428000E-6	0.087772	2.993639E-8	0.000000	0.000000	0.000000	0.000000	0.000000	0.000000
5.424000E-6	0.690159	2.829152E-8	8.428000E-6	0.089574	2.915555E-8	0.000000	0.000000	0.000000	0.000000	0.000000	0.000000
5.424000E-6	0.691876	2.832374E-8	8.424000E-6	0.087597	2.926295E-8	0.000000	0.000000	0.000000	0.000000	0.000000	0.000000
5.424000E-6	0.698250	2.794037E-8	8.424000E-6	0.090042	2.943831E-8	0.000000	0.000000	0.000000	0.000000	0.000000	0.000000
5.420000E-6	0.700258	2.778174E-8	8.424000E-6	0.093242	2.903894E-8	0.000000	0.000000	0.000000	0.000000	0.000000	0.000000
5.424000E-6	0.701400	2.788400E-8	8.428000E-6	0.085148	2.837299E-8	0.000000	0.000000	0.000000	0.000000	0.000000	0.000000
5.424000E-6	0.693828	2.803673E-8	8.428000E-6	0.089135	2.958665E-8	0.000000	0.000000	0.000000	0.000000	0.000000	0.000000
5.424000E-6	0.689228	2.840928E-8	8.428000E-6	0.088585	2.908946E-8	0.000000	0.000000	0.000000	0.000000	0.000000	0.000000
5.424000E-6	0.693814	2.830385E-8	8.424000E-6	0.087988	2.920968E-8	0.000000	0.000000	0.000000	0.000000	0.000000	0.000000
5.424000E-6	0.698343	2.793441E-8	8.424000E-6	0.088362	2.979400E-8	0.000000	0.000000	0.000000	0.000000	0.000000	0.000000
5.420000E-6	0.674517	2.870665E-8	8.424000E-6	0.088119	2.995825E-8	0.000000	0.000000	0.000000	0.000000	0.000000	0.000000
5.424000E-6	0.702201	2.787921E-8	8.428000E-6	0.089787	2.875477E-8	0.000000	0.000000	0.000000	0.000000	0.000000	0.000000
5.424000E-6	0.695126	2.802358E-8	8.428000E-6	0.087422	2.948697E-8	0.000000	0.000000	0.000000	0.000000	0.000000	0.000000
5.424000E-6	0.686733	2.842402E-8	8.428000E-6	0.088994	2.951257E-8	0.000000	0.000000	0.000000	0.000000	0.000000	0.000000
5.424000E-6	0.697236	2.833795E-8	8.424000E-6	0.088085	2.910386E-8	0.000000	0.000000	0.000000	0.000000	0.000000	0.000000
5.424000E-6	0.698435	2.788893E-8	8.424000E-6	0.089199	2.875258E-8	0.000000	0.000000	0.000000	0.000000	0.000000	0.000000
5.420000E-6	0.697886	2.775104E-8	8.424000E-6	0.088439	2.930842E-8	0.000000	0.000000	0.000000	0.000000	0.000000	0.000000
5.424000E-6	0.698680	2.783367E-8	8.428000E-6	0.087048	2.900620E-8	0.000000	0.000000	0.000000	0.000000	0.000000	0.000000
5.424000E-6	0.697823	2.821299E-8	8.428000E-6	0.088870	2.902733E-8	0.000000	0.000000	0.000000	0.000000	0.000000	0.000000
5.424000E-6	0.696632	2.845993E-8	8.428000E-6	0.088783	2.880176E-8	0.000000	0.000000	0.000000	0.000000	0.000000	0.000000
5.424000E-6	0.693423	2.817570E-8	8.424000E-6	0.087526	2.885602E-8	0.000000	0.000000	0.000000	0.000000	0.000000	0.000000
5.424000E-6	0.695159	2.802920E-8	8.424000E-6	0.090637	2.929263E-8	0.000000	0.000000	0.000000	0.000000	0.000000	0.000000
5.420000E-6	0.698193	2.775528E-8	8.424000E-6	0.088164	2.919876E-8	0.000000	0.000000	0.000000	0.000000	0.000000	0.000000
5.424000E-6	0.700260	2.788876E-8	8.428000E-6	0.085359	3.039535E-8	0.000000	0.000000	0.000000	0.000000	0.000000	0.000000
5.424000E-6	0.701876	2.811056E-8	8.428000E-6	0.089024	2.993404E-8	0.000000	0.000000	0.000000	0.000000	0.000000	0.000000
5.424000E-6	0.697950	2.838326E-8	8.428000E-6	0.087408	2.865432E-8	0.000000	0.000000	0.000000	0.000000	0.000000	0.000000
5.424000E-6	0.693972	2.816726E-8	8.424000E-6	0.088190	2.895307E-8	0.000000	0.000000	0.000000	0.000000	0.000000	0.000000
5.424000E-6	0.698015	2.802166E-8	8.424000E-6	0.090837	2.941611E-8	0.000000	0.000000	0.000000	0.000000	0.000000	0.000000
5.420000E-6	0.704021	2.783723E-8	8.424000E-6	0.088160	2.937518E-8	0.000000	0.000000	0.000000	0.000000	0.000000	0.000000
5.424000E-6	0.700274	2.767787E-8	8.428000E-6	0.089962	2.874936E-8	0.000000	0.000000	0.000000	0.000000	0.000000	0.000000
5.424000E-6	0.698131	2.802561E-8	8.428000E-6	0.089338	2.920278E-8	0.000000	0.000000	0.000000	0.000000	0.000000	0.000000
5.424000E-6	0.690409	2.827364E-8	8.428000E-6	0.087882	2.888743E-8	0.000000	0.000000	0.000000	0.000000	0.000000	0.000000
5.424000E-6	0.695710	2.845005E-8	8.424000E-6	0.088748	2.933317E-8	0.000000	0.000000	0.000000	0.000000	0.000000	0.000000
5.424000E-6	0.699669	2.810861E-8	8.424000E-6	0.089979	2.903513E-8	0.000000	0.000000	0.000000	0.000000	0.000000	0.000000
5.424000E-6	0.699636	2.788762E-8	8.424000E-6	0.091454	2.868824E-8	0.000000	0.000000	0.000000	0.000000	0.000000	0.000000
5.420000E-6	0.705074	2.788593E-8	8.424000E-6	0.090318	2.966005E-8	0.000000	0.000000	0.000000	0.000000	0.000000	0.000000
5.424000E-6	0.696364	2.793102E-8	8.428000E-6	0.090629	2.903988E-8	0.000000	0.000000	0.000000	0.000000	0.000000	0.000000
5.424000E-6	0.689965	2.816011E-8	8.428000E-6	0.089560	2.883131E-8	0.000000	0.000000	0.000000	0.000000	0.000000	0.000000
5.424000E-6	0.693469	2.851229E-8	8.424000E-6	0.088544	2.973034E-8	0.000000	0.000000	0.000000	0.000000	0.000000	0.000000
5.424000E-6	0.701585	2.830047E-8	8.424000E-6	0.088688	2.937890E-8	0.000000	0.000000	0.000000	0.000000	0.000000	0.000000
5.424000E-6	0.699512	2.784654E-8	8.424000E-6	0.090131	2.951201E-8	0.000000	0.000000	0.000000	0.000000	0.000000	0.000000
5.420000E-6	0.700351	2.774855E-8	8.424000E-6	0.087009	2.968179E-8	0.000000	0.000000	0.000000	0.000000	0.000000	0.000000
5.424000E-6	0.697348	2.792009E-8	8.428000E-6	0.089442	2.885533E-8	0.000000	0.000000	0.000000	0.000000	0.000000	0.000000
5.424000E-6	0.692099	2.832323E-8	8.428000E-6	0.089523	2.922365E-8	0.000000	0.000000	0.000000	0.000000	0.000000	0.000000
5.424000E-6	0.691411	2.842084E-8	8.424000E-6	0.090706	2.941296E-8	0.000000	0.000000	0.000000	0.000000	0.000000	0.000000
5.424000E-6	0.699870	2.822587E-8	8.424000E-6	0.087754	2.990949E-8	0.000000	0.000000	0.000000	0.000000	0.000000	0.000000
5.424000E-6	0.704834	2.791887E-8	8.424000E-6	0.087770	2.867219E-8	0.000000	0.000000	0.000000	0.000000	0.000000	0.000000
5.420000E-6	0.698919	2.772498E-8	8.424000E-6	0.090401	2.881606E-8	0.000000	0.000000	0.000000	0.000000	0.000000	0.000000
5.424000E-6	0.698702	2.797716E-8	8.428000E-6	0.088496	2.741452E-8	0.000000	0.000000	0.000000	0.000000	0.000000	0.000000
5.424000E-6	0.691799	2.821779E-8	8.428000E-6	0.088294	2.920738E-8	0.000000	0.000000	0.000000	0.000000	0.000000	0.000000
5.424000E-6	0.690109	2.832410E-8	8.424000E-6	0.088281	2.946913E-8	0.000000	0.000000	0.000000	0.000000	0.000000	0.000000
5.424000E-6	0.695639	2.799635E-8	8.424000E-6	0.088392	2.880171E-8	0.000000	0.000000	0.000000	0.000000	0.000000	0.000000
5.420000E-6	0.699878	2.774282E-8	8.424000E-6	0.087633	2.962905E-8	0.000000	0.000000	0.000000	0.000000	0.000000	0.000000
5.420000E-6	0.698720	2.785067E-8	8.424000E-6	0.084754	2.974934E-8	0.000000	0.000000	0.000000	0.000000	0.000000	0.000000
5.424000E-6	0.697057	2.800127E-8	8.428000E-6	0.087551	2.910439E-8	0.000000	0.000000	0.000000	0.000000	0.000000	0.000000
5.424000E-6	0.690183	2.834567E-8	8.428000E-6	0.087088	2.965022E-8	0.000000	0.000000	0.000000	0.000000	0.000000	0.000000
5.424000E-6	0.687887	2.813442E-8	8.424000E-6	0.088514	2.922034E-8	0.000000	0.000000	0.000000	0.000000	0.000000	0.000000
5.424000E-6	0.696979	2.790150E-8	8.424000E-6	0.089779	2.918923E-8	0.000000	0.000000	0.000000	0.000000	0.000000	0.000000
5.420000E-6	0.701665	2.776276E-8	8.424000E-6	0.089601	2.881692E-8	0.000000	0.000000	0.000000	0.000000	0.000000	0.000000
5.424000E-6	0.706017	2.802250E-8	8.428000E-6	0.086818	2.987802E-8	0.000000	0.000000	0.000000	0.000000	0.000000	0.000000
5.424000E-6	0.698898	2.825268E-8	8.428000E-6	0.090973	2.872353E-8	0.000000	0.000000	0.000000	0.000000	0.000000	0.000000
5.424000E-6	0.691071	2.848000E-8	8.428000E-6	0.088933	2.859664E-8	0.000000	0.000000	0.000000	0.000000	0.000000	0.000000
5.424000E-6	0.694161	2.825666E-8	8.424000E-6	0.088898	2.892163E-8	0.000000	0.000000	0.000000	0.000000	0.000000	0.000000
5.424000E-6	0.701070	2.801677E-8	8.424000E-6	0.087671	2.853157E-8	0.000000	0.000000	0.000000	0.000000	0.000000	0.000000
5.420000E-6	0.673137	2.854949E-8	8.424000E-6	0.089397	2.963981E-8	0.000000	0.000000	0.000000	0.000000	0.000000	0.000000
5.424000E-6	0.696535	2.786724E-8	8.428000E-6	0.086755	2.864833E-8	0.000000	0.000000	0.000000	0.000000	0.000000	0.000000
5.424000E-6	0.697344	2.821605E-8	8.428000E-6	0.087982	2.847276E-8	0.000000	0.000000	0.000000	0.000000	0.000000	0.000000
5.424000E-6	0.693828	2.851224E-8	8.424000E-6	0.089169	2.895249E-8	0.000000	0.000000	0.000000	0.000000	0.000000	0.000000
5.424000E-6	0.696166	2.808227E-8	8.424000E-6	0.089231	2.861759E-8	0.000000	0.000000	0.000000	0.000000	0.000000	0.000000
5.424000E-6	0.698745	2.785807E-8	8.424000E-6	0.091918	2.929881E-8	0.000000	0.000000	0.000000	0.000000	0.000000	0.000000
5.420000E-6	0.697579	2.776892E-8	8.424000E-6	0.088027	2.937181E-8	0.000000	0.000000	0.000000	0.000000	0.000000	0.000000
5.424000E-6	0.699129	2.806884E-8	8.428000E-6	0.087484	2.944793E-8	0.000000	0.000000	0.000000	0.000000	0.000000	0.000000
5.424000E-6	0.696541	2.834842E-8	8.428000E-6	0.088525	2.862300E-8	0.000000	0.000000	0.000000	0.000000	0.000000	0.000000
5.424000E-6	0.692951	2.826688E-8	8.424000E-6	0.089807	2.938663E-8	0.000000	0.000000	0.000000	0.000000	0.000000	0.000000
5.424000E-6	0.694953	2.797794E-8	8.424000E-6	0.089574	2.899411E-8	0.000000	0.000000	0.000000	0.000000	0.000000	0.000000
5.420000E-6	0.700780	2.773783E-8	8.424000E-6	0.088852	2.938556E-8	0.000000	0.000000	0.000000	0.000000	0.000000	0.000000
5.420000E-6	0.704286	2.798124E-8	8.424000E-6	0.089748	3.007372E-8	0.000000	0.000000	0.000000	0.000000	0.000000	0.000000
5.424000E-6	0.694212	2.792120E-8	8.428000E-6	0.088492	2.890554E-8	0.000000	0.000000	0.000000	0.000000	0.000000	0.000000
5.424000E-6	0.691678	2.830475E-8	8.428000E-6	0.086566	2.966952E-8	0.000000	0.000000	0.000000	0.000000	0.000000	0.000000
5.424000E-6	0.693916	2.822232E-8	8.424000E-6	0.087179	2.898970E-8	0.000000	0.000000	0.000000	0.000000	0.000000	0.000000
5.424000E-6	0.695766	2.800889E-8	8.424000E-6	0.088321	2.877460E-8	0.000000	0.000000	0.000000	0.000000	0.000000	0.000000
5.420000E-6	0.699823	2.790345E-8	8.424000E-6	0.088992	2.891560E-8	0.000000	0.000000	0.000000	0.000000	0.000000	0.000000
5.424000E-6	0.694999	2.776755E-8	8.428000E-6	0.086142	2.938572E-8	0.000000	0.000000	0.000000	0.000000	0.000000	0.000000
5.424000E-6	0.693338	2.803989E-8	8.428000E-6	0.087860	2.978255E-8	0.000000	0.000000	0.000000	0.000000	0.000000	0.000000
5.424000E-6	0.688778	2.830008E-8	8.428000E-6	0.086036	2.927176E-8	0.000000	0.000000	0.000000	0.000000	0.000000	0.000000
5.424000E-6	0.700188	2.838219E-8	8.424000E-6	0.085973	2.955663E-8	0.000000	0.000000	0.000000	0.000000	0.000000	0.000000
5.424000E-6	0.700040	2.798085E-8	8.424000E-6	0.090451	2.892250E-8	0.000000	0.000000	0.000000	0.000000	0.000000	0.000000
5.420000E-6	0.574468	3.121717E-8	8.424000E-6	0.089048	2.902138E-8	0.000000	0.000000	0.000000	0.000000	0.000000	0.000000
5.424000E-6	0.699833	2.799913E-8	8.428000E-6	0.090106	2.915894E-8	0.000000	0.000000	0.000000	0.000000	0.000000	0.000000
5.424000E-6	0.697628	2.833564E-8	8.428000E-6	0.089440	2.876451E-8	0.000000	0.000000	0.000000	0.000000	0.000000	0.000000
5.424000E-6	0.690352	2.844101E-8	8.424000E-6	0.090775	2.921138E-8	0.000000	0.000000	0.000000	0.000000	0.000000	0.000000
5.424000E-6	0.694539	2.808789E-8	8.424000E-6	0.088858	2.987857E-8	0.000000	0.000000	0.000000	0.000000	0.000000	0.000000
5.424000E-6	0.702173	2.786317E-8	8.424000E-6	0.089694	2.935859E-8	0.000000	0.000000	0.000000	0.000000	0.000000	0.000000
5.420000E-6	0.703469	2.787117E-8	8.424000E-6	0.090184	2.938680E-8	0.000000	0.000000	0.000000	0.000000	0.000000	0.000000
5.424000E-6	0.697478	2.799368E-8	8.428000E-6	0.086348	2.938304E-8	0.000000	0.000000	0.000000	0.000000	0.000000	0.000000
5.424000E-6	0.694271	2.839350E-8	8.428000E-6	0.087647	2.926098E-8	0.000000	0.000000	0.000000	0.000000	0.000000	0.000000
5.424000E-6	0.690481	2.815946E-8	8.424000E-6	0.086646	2.906011E-8	0.000000	0.000000	0.000000	0.000000	0.000000	0.000000
5.424000E-6	0.697888	2.799647E-8	8.424000E-6	0.088070	2.951711E-8	0.000000	0.000000	0.000000	0.000000	0.000000	0.000000
5.420000E-6	0.706828	2.778704E-8	8.424000E-6	0.088275	2.971576E-8	0.000000	0.000000	0.000000	0.000000	0.000000	0.000000
5.424000E-6	0.701374	2.793536E-8	8.428000E-6	0.086413	3.006256E-8	0.000000	0.000000	0.000000	0.000000	0.000000	0.000000
5.424000E-6	0.696108	2.816667E-8	8.428000E-6	0.089436	2.890102E-8	0.000000	0.000000	0.000000	0.000000	0.000000	0.000000
5.424000E-6	0.690648	2.840803E-8	8.424000E-6	0.087457	2.978540E-8	0.000000	0.000000	0.000000	0.000000	0.000000	0.000000
5.424000E-6	0.696691	2.838209E-8	8.424000E-6	0.089149	2.893173E-8	0.000000	0.000000	0.000000	0.000000	0.000000	0.000000
5.424000E-6	0.702045	2.807169E-8	8.424000E-6	0.088851	2.948861E-8	0.000000	0.000000	0.000000	0.000000	0.000000	0.000000
5.420000E-6	0.673050	2.851103E-8	8.424000E-6	0.085199	2.963826E-8	0.000000	0.000000	0.000000	0.000000	0.000000	0.000000
5.424000E-6	0.699241	2.785854E-8	8.428000E-6	0.084629	3.032885E-8	0.000000	0.000000	0.000000	0.000000	0.000000	0.000000
5.424000E-6	0.692703	2.817930E-8	8.428000E-6	0.087336	2.962430E-8	0.000000	0.000000	0.000000	0.000000	0.000000	0.000000
5.424000E-6	0.687601	2.833533E-8	8.424000E-6	0.089974	2.934657E-8	0.000000	0.000000	0.000000	0.000000	0.000000	0.000000
5.424000E-6	0.700779	2.825298E-8	8.424000E-6	0.089771	2.878898E-8	0.000000	0.000000	0.000000	0.000000	0.000000	0.000000
5.424000E-6	0.701756	2.787490E-8	8.424000E-6	0.089432	2.972019E-8	0.000000	0.000000	0.000000	0.000000	0.000000	0.000000
5.420000E-6	0.701664	2.769608E-8	8.424000E-6	0.086149	2.935360E-8	0.000000	0.000000	0.000000	0.000000	0.000000	0.000000
5.424000E-6	0.702137	2.803035E-8	8.428000E-6	0.088176	2.889773E-8	0.000000	0.000000	0.000000	0.000000	0.000000	0.000000
5.424000E-6	0.697594	2.833494E-8	8.428000E-6	0.084873	2.891383E-8	0.000000	0.000000	0.000000	0.000000	0.000000	0.000000
5.424000E-6	0.689198	2.831478E-8	8.424000E-6	0.089323	2.964140E-8	0.000000	0.000000	0.000000	0.000000	0.000000	0.000000
5.424000E-6	0.694950	2.817357E-8	8.424000E-6	0.089227	3.031574E-8	0.000000	0.000000	0.000000	0.000000	0.000000	0.000000
5.424000E-6	0.700362	2.783904E-8	8.424000E-6	0.088470	2.957517E-8	0.000000	0.000000	0.000000	0.000000	0.000000	0.000000
5.420000E-6	0.702695	2.774428E-8	8.424000E-6	0.085386	2.975163E-8	0.000000	0.000000	0.000000	0.000000	0.000000	0.000000
5.424000E-6	0.704229	2.806944E-8	8.428000E-6	0.089309	2.874470E-8	0.000000	0.000000	0.000000	0.000000	0.000000	0.000000
5.424000E-6	0.693812	2.817844E-8	8.428000E-6	0.088494	2.925267E-8	0.000000	0.000000	0.000000	0.000000	0.000000	0.000000
5.424000E-6	0.688516	2.831975E-8	8.424000E-6	0.088855	2.919579E-8	0.000000	0.000000	0.000000	0.000000	0.000000	0.000000
5.424000E-6	0.694876	2.808271E-8	8.424000E-6	0.088194	2.947742E-8	0.000000	0.000000	0.000000	0.000000	0.000000	0.000000
5.420000E-6	0.702632	2.796240E-8	8.424000E-6	0.089875	2.938437E-8	0.000000	0.000000	0.000000	0.000000	0.000000	0.000000
5.420000E-6	0.698114	2.777202E-8	8.424000E-6	0.090083	2.870320E-8	0.000000	0.000000	0.000000	0.000000	0.000000	0.000000
5.424000E-6	0.699513	2.797777E-8	8.428000E-6	0.084414	2.904618E-8	0.000000	0.000000	0.000000	0.000000	0.000000	0.000000
5.424000E-6	0.695930	2.836858E-8	8.428000E-6	0.091132	2.926725E-8	0.000000	0.000000	0.000000	0.000000	0.000000	0.000000
5.424000E-6	0.689806	2.825498E-8	8.424000E-6	0.087835	2.975492E-8	0.000000	0.000000	0.000000	0.000000	0.000000	0.000000
5.424000E-6	0.694330	2.808774E-8	8.424000E-6	0.087507	2.979054E-8	0.000000	0.000000	0.000000	0.000000	0.000000	0.000000
5.420000E-6	0.704361	2.792246E-8	8.424000E-6	0.089916	2.944400E-8	0.000000	0.000000	0.000000	0.000000	0.000000	0.000000
5.420000E-6	0.703797	2.785349E-8	8.424000E-6	0.086456	2.947099E-8	0.000000	0.000000	0.000000	0.000000	0.000000	0.000000
5.424000E-6	0.696976	2.802191E-8	8.428000E-6	0.086880	2.894201E-8	0.000000	0.000000	0.000000	0.000000	0.000000	0.000000
5.424000E-6	0.687177	2.832350E-8	8.428000E-6	0.088541	2.994243E-8	0.000000	0.000000	0.000000	0.000000	0.000000	0.000000
5.424000E-6	0.693273	2.838667E-8	8.424000E-6	0.088076	2.856536E-8	0.000000	0.000000	0.000000	0.000000	0.000000	0.000000
5.424000E-6	0.700581	2.816982E-8	8.424000E-6	0.088742	2.867128E-8	0.000000	0.000000	0.000000	0.000000	0.000000	0.000000
5.420000E-6	0.708323	2.787276E-8	8.424000E-6	0.089002	2.870017E-8	0.000000	0.000000	0.000000	0.000000	0.000000	0.000000
5.420000E-6	0.699943	2.774310E-8	8.424000E-6	0.089889	2.878863E-8	0.000000	0.000000	0.000000	0.000000	0.000000	0.000000
5.424000E-6	0.695944	2.794898E-8	8.428000E-6	0.088397	2.880841E-8	0.000000	0.000000	0.000000	0.000000	0.000000	0.000000
5.424000E-6	0.697987	2.845663E-8	8.428000E-6	0.089489	2.958327E-8	0.000000	0.000000	0.000000	0.000000	0.000000	0.000000
5.424000E-6	0.697019	2.838152E-8	8.424000E-6	0.088563	2.900558E-8	0.000000	0.000000	0.000000	0.000000	0.000000	0.000000
5.424000E-6	0.699426	2.808670E-8	8.424000E-6	0.087951	2.913307E-8	0.000000	0.000000	0.000000	0.000000	0.000000	0.000000
5.420000E-6	0.699813	2.789804E-8	8.424000E-6	0.089229	3.047318E-8	0.000000	0.000000	0.000000	0.000000	0.000000	0.000000
5.420000E-6	0.700028	2.776020E-8	8.424000E-6	0.086255	3.034623E-8	0.000000	0.000000	0.000000	0.000000	0.000000	0.000000
5.424000E-6	0.702359	2.806152E-8	8.428000E-6	0.088298	2.886787E-8	0.000000	0.000000	0.000000	0.000000	0.000000	0.000000
5.424000E-6	0.693321	2.827862E-8	8.428000E-6	0.087416	2.922219E-8	0.000000	0.000000	0.000000	0.000000	0.000000	0.000000
5.424000E-6	0.693784	2.844191E-8	8.424000E-6	0.090415	2.972795E-8	0.000000	0.000000	0.000000	0.000000	0.000000	0.000000
5.424000E-6	0.698513	2.794585E-8	8.424000E-6	0.088312	2.885349E-8	0.000000	0.000000	0.000000	0.000000	0.000000	0.000000
5.420000E-6	0.698106	2.784338E-8	8.424000E-6	0.087259	3.000307E-8	0.000000	0.000000	0.000000	0.000000	0.000000	0.000000
5.420000E-6	0.704372	2.774472E-8	8.424000E-6	0.087304	2.979775E-8	0.000000	0.000000	0.000000	0.000000	0.000000	0.000000
5.424000E-6	0.696670	2.816838E-8	8.428000E-6	0.084676	2.963554E-8	0.000000	0.000000	0.000000	0.000000	0.000000	0.000000
5.424000E-6	0.696417	2.841478E-8	8.428000E-6	0.088927	2.867251E-8	0.000000	0.000000	0.000000	0.000000	0.000000	0.000000
5.424000E-6	0.694574	2.855320E-8	8.424000E-6	0.089303	2.884935E-8	0.000000	0.000000	0.000000	0.000000	0.000000	0.000000
5.424000E-6	0.704819	2.814234E-8	8.424000E-6	0.087098	2.883384E-8	0.000000	0.000000	0.000000	0.000000	0.000000	0.000000
5.420000E-6	0.697570	2.788086E-8	8.424000E-6	0.087588	2.954035E-8	0.000000	0.000000	0.000000	0.000000	0.000000	0.000000
5.420000E-6	0.700089	2.778472E-8	8.424000E-6	0.083498	2.999071E-8	0.000000	0.000000	0.000000	0.000000	0.000000	0.000000
5.424000E-6	0.699774	2.806773E-8	8.428000E-6	0.088501	2.927368E-8	0.000000	0.000000	0.000000	0.000000	0.000000	0.000000
5.424000E-6	0.690749	2.824508E-8	8.428000E-6	0.085634	2.873932E-8	0.000000	0.000000	0.000000	0.000000	0.000000	0.000000
5.424000E-6	0.689661	2.834335E-8	8.424000E-6	0.085604	2.991774E-8	0.000000	0.000000	0.000000	0.000000	0.000000	0.000000
5.424000E-6	0.697391	2.809393E-8	8.424000E-6	0.089271	2.908744E-8	0.000000	0.000000	0.000000	0.000000	0.000000	0.000000
5.420000E-6	0.698711	2.772368E-8	8.424000E-6	0.088291	2.918756E-8	0.000000	0.000000	0.000000	0.000000	0.000000	0.000000
5.420000E-6	0.706313	2.793833E-8	8.424000E-6	0.084172	2.970484E-8	0.000000	0.000000	0.000000	0.000000	0.000000	0.000000
5.424000E-6	0.696172	2.797431E-8	8.428000E-6	0.088191	2.864762E-8	0.000000	0.000000	0.000000	0.000000	0.000000	0.000000
5.424000E-6	0.699281	2.832655E-8	8.428000E-6	0.086698	2.928990E-8	0.000000	0.000000	0.000000	0.000000	0.000000	0.000000
5.424000E-6	0.691612	2.854878E-8	8.424000E-6	0.087633	2.951017E-8	0.000000	0.000000	0.000000	0.000000	0.000000	0.000000
5.424000E-6	0.695051	2.807754E-8	8.424000E-6	0.086061	2.972176E-8	0.000000	0.000000	0.000000	0.000000	0.000000	0.000000
5.424000E-6	0.700016	2.782739E-8	8.424000E-6	0.085185	2.941621E-8	0.000000	0.000000	0.000000	0.000000	0.000000	0.000000
5.420000E-6	0.569553	3.107134E-8	8.424000E-6	0.085946	3.012972E-8	0.000000	0.000000	0.000000	0.000000	0.000000	0.000000
5.424000E-6	0.701567	2.803505E-8	8.428000E-6	0.087081	2.854198E-8	0.000000	0.000000	0.000000	0.000000	0.000000	0.000000
5.424000E-6	0.696979	2.824751E-8	8.428000E-6	0.091570	2.897753E-8	0.000000	0.000000	0.000000	0.000000	0.000000	0.000000
5.424000E-6	0.692210	2.855295E-8	8.424000E-6	0.087191	2.952433E-8	0.000000	0.000000	0.000000	0.000000	0.000000	0.000000
5.424000E-6	0.698173	2.841106E-8	8.424000E-6	0.088024	2.988445E-8	0.000000	0.000000	0.000000	0.000000	0.000000	0.000000
5.424000E-6	0.696451	2.800220E-8	8.424000E-6	0.089205	2.933922E-8	0.000000	0.000000	0.000000	0.000000	0.000000	0.000000
5.420000E-6	0.702763	2.786347E-8	8.424000E-6	0.089849	2.821686E-8	0.000000	0.000000	0.000000	0.000000	0.000000	0.000000
5.420000E-6	0.699465	2.776798E-8	8.424000E-6	0.086291	2.974207E-8	0.000000	0.000000	0.000000	0.000000	0.000000	0.000000
5.424000E-6	0.701151	2.807278E-8	8.428000E-6	0.087619	2.973530E-8	0.000000	0.000000	0.000000	0.000000	0.000000	0.000000
5.424000E-6	0.696278	2.845303E-8	8.428000E-6	0.087990	2.952872E-8	0.000000	0.000000	0.000000	0.000000	0.000000	0.000000
5.424000E-6	0.696549	2.841160E-8	8.424000E-6	0.089102	2.897541E-8	0.000000	0.000000	0.000000	0.000000	0.000000	0.000000
5.424000E-6	0.700120	2.807204E-8	8.424000E-6	0.089665	2.922192E-8	0.000000	0.000000	0.000000	0.000000	0.000000	0.000000
5.424000E-6	0.698499	2.779648E-8	8.424000E-6	0.087530	2.906493E-8	0.000000	0.000000	0.000000	0.000000	0.000000	0.000000
5.420000E-6	0.571159	3.113171E-8	8.424000E-6	0.083636	2.993250E-8	0.000000	0.000000	0.000000	0.000000	0.000000	0.000000
5.424000E-6	0.700268	2.799921E-8	8.428000E-6	0.090049	2.882439E-8	0.000000	0.000000	0.000000	0.000000	0.000000	0.000000
5.424000E-6	0.693917	2.798399E-8	8.428000E-6	0.086324	2.969372E-8	0.000000	0.000000	0.000000	0.000000	0.000000	0.000000
5.424000E-6	0.687589	2.834759E-8	8.424000E-6	0.088766	2.966209E-8	0.000000	0.000000	0.000000	0.000000	0.000000	0.000000
5.424000E-6	0.698354	2.838221E-8	8.424000E-6	0.087578	2.986106E-8	0.000000	0.000000	0.000000	0.000000	0.000000	0.000000
5.424000E-6	0.703845	2.816604E-8	8.424000E-6	0.090675	2.921988E-8	0.000000	0.000000	0.000000	0.000000	0.000000	0.000000
5.420000E-6	0.706656	2.784515E-8	8.424000E-6	0.089807	2.882573E-8	0.000000	0.000000	0.000000	0.000000	0.000000	0.000000
5.420000E-6	0.700459	2.774688E-8	8.424000E-6	0.085113	2.912287E-8	0.000000	0.000000	0.000000	0.000000	0.000000	0.000000
5.424000E-6	0.703874	2.805554E-8	8.428000E-6	0.087744	2.900704E-8	0.000000	0.000000	0.000000	0.000000	0.000000	0.000000
5.424000E-6	0.699251	2.836783E-8	8.428000E-6	0.091474	2.895050E-8	0.000000	0.000000	0.000000	0.000000	0.000000	0.000000
5.424000E-6	0.693838	2.850768E-8	8.424000E-6	0.085605	2.964255E-8	0.000000	0.000000	0.000000	0.000000	0.000000	0.000000
5.424000E-6	0.701165	2.832981E-8	8.424000E-6	0.086452	2.924955E-8	0.000000	0.000000	0.000000	0.000000	0.000000	0.000000
5.424000E-6	0.700065	2.799385E-8	8.424000E-6	0.087075	2.911007E-8	0.000000	0.000000	0.000000	0.000000	0.000000	0.000000
5.420000E-6	0.675281	2.854120E-8	8.424000E-6	0.085644	3.026225E-8	0.000000	0.000000	0.000000	0.000000	0.000000	0.000000
5.424000E-6	0.702428	2.805635E-8	8.428000E-6	0.089455	2.920992E-8	0.000000	0.000000	0.000000	0.000000	0.000000	0.000000
5.424000E-6	0.693380	2.804895E-8	8.428000E-6	0.084812	2.903789E-8	0.000000	0.000000	0.000000	0.000000	0.000000	0.000000
5.424000E-6	0.687557	2.831395E-8	8.428000E-6	0.088602	2.991749E-8	0.000000	0.000000	0.000000	0.000000	0.000000	0.000000
5.424000E-6	0.697904	2.829669E-8	8.424000E-6	0.088464	2.964357E-8	0.000000	0.000000	0.000000	0.000000	0.000000	0.000000
5.424000E-6	0.697986	2.787363E-8	8.424000E-6	0.090595	2.898808E-8	0.000000	0.000000	0.000000	0.000000	0.000000	0.000000
5.420000E-6	0.427952	3.534582E-8	8.424000E-6	0.085917	3.012154E-8	0.000000	0.000000	0.000000	0.000000	0.000000	0.000000
5.424000E-6	0.696729	2.788282E-8	8.428000E-6	0.089002	2.870634E-8	0.000000	0.000000	0.000000	0.000000	0.000000	0.000000
5.424000E-6	0.699434	2.829995E-8	8.428000E-6	0.086127	2.923876E-8	0.000000	0.000000	0.000000	0.000000	0.000000	0.000000
5.424000E-6	0.693453	2.858677E-8	8.424000E-6	0.089492	2.970218E-8	0.000000	0.000000	0.000000	0.000000	0.000000	0.000000
5.424000E-6	0.699155	2.822738E-8	8.424000E-6	0.088081	2.901346E-8	0.000000	0.000000	0.000000	0.000000	0.000000	0.000000
5.424000E-6	0.697511	2.790903E-8	8.424000E-6	0.089930	2.944226E-8	0.000000	0.000000	0.000000	0.000000	0.000000	0.000000
5.420000E-6	0.672462	2.855430E-8	8.424000E-6	0.086264	2.987809E-8	0.000000	0.000000	0.000000	0.000000	0.000000	0.000000
5.424000E-6	0.698218	2.800131E-8	8.428000E-6	0.088704	2.874862E-8	0.000000	0.000000	0.000000	0.000000	0.000000	0.000000
5.424000E-6	0.695535	2.815408E-8	8.428000E-6	0.087914	2.888917E-8	0.000000	0.000000	0.000000	0.000000	0.000000	0.000000
5.424000E-6	0.689854	2.851158E-8	8.428000E-6	0.089099	2.991571E-8	0.000000	0.000000	0.000000	0.000000	0.000000	0.000000
5.424000E-6	0.690969	2.814124E-8	8.424000E-6	0.087229	2.932642E-8	0.000000	0.000000	0.000000	0.000000	0.000000	0.000000
5.424000E-6	0.698005	2.796050E-8	8.424000E-6	0.091190	2.935927E-8	0.000000	0.000000	0.000000	0.000000	0.000000	0.000000
5.420000E-6	0.700732	2.767880E-8	8.424000E-6	0.087134	2.906271E-8	0.000000	0.000000	0.000000	0.000000	0.000000	0.000000
5.424000E-6	0.702406	2.780589E-8	8.428000E-6	0.087359	2.938787E-8	0.000000	0.000000	0.000000	0.000000	0.000000	0.000000
5.424000E-6	0.697967	2.817255E-8	8.428000E-6	0.087697	2.913335E-8	0.000000	0.000000	0.000000	0.000000	0.000000	0.000000
5.424000E-6	0.694309	2.841096E-8	8.428000E-6	0.087036	2.963893E-8	0.000000	0.000000	0.000000	0.000000	0.000000	0.000000
5.424000E-6	0.692669	2.845084E-8	8.424000E-6	0.084831	2.890118E-8	0.000000	0.000000	0.000000	0.000000	0.000000	0.000000
5.424000E-6	0.696622	2.810841E-8	8.424000E-6	0.087444	2.997323E-8	0.000000	0.000000	0.000000	0.000000	0.000000	0.000000
5.424000E-6	0.696080	2.784324E-8	8.424000E-6	0.089974	2.907349E-8	0.000000	0.000000	0.000000	0.000000	0.000000	0.000000
5.420000E-6	0.671365	2.855070E-8	8.424000E-6	0.087544	3.044250E-8	0.000000	0.000000	0.000000	0.000000	0.000000	0.000000
5.424000E-6	0.702878	2.798939E-8	8.428000E-6	0.087092	2.938159E-8	0.000000	0.000000	0.000000	0.000000	0.000000	0.000000
5.424000E-6	0.694640	2.810086E-8	8.428000E-6	0.090607	2.919966E-8	0.000000	0.000000	0.000000	0.000000	0.000000	0.000000
5.424000E-6	0.693199	2.836769E-8	8.424000E-6	0.089847	2.995484E-8	0.000000	0.000000	0.000000	0.000000	0.000000	0.000000
5.424000E-6	0.695180	2.836311E-8	8.424000E-6	0.089683	2.989137E-8	0.000000	0.000000	0.000000	0.000000	0.000000	0.000000
5.424000E-6	0.700997	2.813339E-8	8.424000E-6	0.090396	2.871907E-8	0.000000	0.000000	0.000000	0.000000	0.000000	0.000000
5.420000E-6	0.700890	2.780081E-8	8.424000E-6	0.088368	2.874199E-8	0.000000	0.000000	0.000000	0.000000	0.000000	0.000000
5.420000E-6	0.701487	2.778855E-8	8.424000E-6	0.092592	2.874565E-8	0.000000	0.000000	0.000000	0.000000	0.000000	0.000000
5.424000E-6	0.699448	2.799297E-8	8.428000E-6	0.086274	2.926635E-8	0.000000	0.000000	0.000000	0.000000	0.000000	0.000000
5.424000E-6	0.688152	2.826891E-8	8.428000E-6	0.088777	2.886545E-8	0.000000	0.000000	0.000000	0.000000	0.000000	0.000000
5.424000E-6	0.688554	2.824321E-8	8.424000E-6	0.087763	2.881021E-8	0.000000	0.000000	0.000000	0.000000	0.000000	0.000000
5.424000E-6	0.694610	2.798276E-8	8.424000E-6	0.087608	2.973248E-8	0.000000	0.000000	0.000000	0.000000	0.000000	0.000000
5.424000E-6	0.698361	2.784339E-8	8.424000E-6	0.089685	2.885049E-8	0.000000	0.000000	0.000000	0.000000	0.000000	0.000000
5.420000E-6	0.701625	2.776739E-8	8.424000E-6	0.085491	2.974174E-8	0.000000	0.000000	0.000000	0.000000	0.000000	0.000000
5.424000E-6	0.694210	2.785117E-8	8.428000E-6	0.086014	2.894092E-8	0.000000	0.000000	0.000000	0.000000	0.000000	0.000000
5.424000E-6	0.699010	2.827328E-8	8.428000E-6	0.088655	2.924698E-8	0.000000	0.000000	0.000000	0.000000	0.000000	0.000000
5.424000E-6	0.690219	2.826387E-8	8.424000E-6	0.087762	2.979957E-8	0.000000	0.000000	0.000000	0.000000	0.000000	0.000000
5.424000E-6	0.696642	2.821113E-8	8.424000E-6	0.088967	2.923811E-8	0.000000	0.000000	0.000000	0.000000	0.000000	0.000000
5.424000E-6	0.699948	2.780200E-8	8.424000E-6	0.089623	2.962019E-8	0.000000	0.000000	0.000000	0.000000	0.000000	0.000000
5.420000E-6	0.568963	3.104205E-8	8.424000E-6	0.089228	2.858605E-8	0.000000	0.000000	0.000000	0.000000	0.000000	0.000000
5.424000E-6	0.701230	2.800507E-8	8.428000E-6	0.090110	2.977643E-8	0.000000	0.000000	0.000000	0.000000	0.000000	0.000000
5.424000E-6	0.697758	2.831341E-8	8.428000E-6	0.087380	2.993436E-8	0.000000	0.000000	0.000000	0.000000	0.000000	0.000000
5.424000E-6	0.689445	2.838725E-8	8.424000E-6	0.088464	2.980788E-8	0.000000	0.000000	0.000000	0.000000	0.000000	0.000000
5.424000E-6	0.696455	2.835249E-8	8.424000E-6	0.084245	2.922542E-8	0.000000	0.000000	0.000000	0.000000	0.000000	0.000000
5.424000E-6	0.699396	2.793916E-8	8.424000E-6	0.088116	2.925477E-8	0.000000	0.000000	0.000000	0.000000	0.000000	0.000000
5.420000E-6	0.669063	2.848419E-8	8.424000E-6	0.087115	2.946675E-8	0.000000	0.000000	0.000000	0.000000	0.000000	0.000000
5.424000E-6	0.703710	2.792130E-8	8.428000E-6	0.087606	2.858613E-8	0.000000	0.000000	0.000000	0.000000	0.000000	0.000000
5.424000E-6	0.690337	2.813601E-8	8.428000E-6	0.088251	2.881986E-8	0.000000	0.000000	0.000000	0.000000	0.000000	0.000000
5.424000E-6	0.693751	2.852134E-8	8.428000E-6	0.088736	2.861927E-8	0.000000	0.000000	0.000000	0.000000	0.000000	0.000000
5.424000E-6	0.700286	2.826350E-8	8.424000E-6	0.088085	2.944305E-8	0.000000	0.000000	0.000000	0.000000	0.000000	0.000000
5.424000E-6	0.697254	2.796399E-8	8.424000E-6	0.089327	2.918515E-8	0.000000	0.000000	0.000000	0.000000	0.000000	0.000000
5.420000E-6	0.670531	2.859221E-8	8.424000E-6	0.085963	3.008381E-8	0.000000	0.000000	0.000000	0.000000	0.000000	0.000000
5.424000E-6	0.703474	2.783386E-8	8.428000E-6	0.088045	2.981779E-8	0.000000	0.000000	0.000000	0.000000	0.000000	0.000000
5.424000E-6	0.694794	2.808400E-8	8.428000E-6	0.088857	2.857582E-8	0.000000	0.000000	0.000000	0.000000	0.000000	0.000000
5.424000E-6	0.687518	2.852096E-8	8.428000E-6	0.087046	2.988680E-8	0.000000	0.000000	0.000000	0.000000	0.000000	0.000000
5.424000E-6	0.696862	2.814213E-8	8.424000E-6	0.088592	2.888416E-8	0.000000	0.000000	0.000000	0.000000	0.000000	0.000000
5.424000E-6	0.697807	2.791506E-8	8.424000E-6	0.086537	2.962650E-8	0.000000	0.000000	0.000000	0.000000	0.000000	0.000000
5.420000E-6	0.670089	2.853708E-8	8.424000E-6	0.085761	2.986524E-8	0.000000	0.000000	0.000000	0.000000	0.000000	0.000000
5.424000E-6	0.702003	2.797477E-8	8.428000E-6	0.089979	2.856912E-8	0.000000	0.000000	0.000000	0.000000	0.000000	0.000000
5.424000E-6	0.693452	2.807328E-8	8.428000E-6	0.088199	2.908665E-8	0.000000	0.000000	0.000000	0.000000	0.000000	0.000000
5.424000E-6	0.689431	2.851876E-8	8.424000E-6	0.089449	2.941427E-8	0.000000	0.000000	0.000000	0.000000	0.000000	0.000000
5.424000E-6	0.692272	2.815979E-8	8.424000E-6	0.087836	2.938908E-8	0.000000	0.000000	0.000000	0.000000	0.000000	0.000000
5.424000E-6	0.698167	2.774009E-8	8.424000E-6	0.087784	2.919171E-8	0.000000	0.000000	0.000000	0.000000	0.000000	0.000000
5.420000E-6	0.566240	3.114514E-8	8.424000E-6	0.086281	2.974727E-8	0.000000	0.000000	0.000000	0.000000	0.000000	0.000000
5.424000E-6	0.702813	2.814501E-8	8.428000E-6	0.085166	2.943969E-8	0.000000	0.000000	0.000000	0.000000	0.000000	0.000000
5.424000E-6	0.698667	2.834067E-8	8.428000E-6	0.089323	2.886047E-8	0.000000	0.000000	0.000000	0.000000	0.000000	0.000000
5.424000E-6	0.693655	2.835597E-8	8.424000E-6	0.086507	3.007923E-8	0.000000	0.000000	0.000000	0.000000	0.000000	0.000000
5.424000E-6	0.695900	2.804122E-8	8.424000E-6	0.085876	2.930802E-8	0.000000	0.000000	0.000000	0.000000	0.000000	0.000000
5.424000E-6	0.699996	2.788099E-8	8.424000E-6	0.088728	2.902971E-8	0.000000	0.000000	0.000000	0.000000	0.000000	0.000000
5.420000E-6	0.701376	2.773897E-8	8.424000E-6	0.084908	2.987720E-8	0.000000	0.000000	0.000000	0.000000	0.000000	0.000000
5.424000E-6	0.694967	2.802302E-8	8.428000E-6	0.090192	2.934906E-8	0.000000	0.000000	0.000000	0.000000	0.000000	0.000000
5.424000E-6	0.693054	2.828380E-8	8.428000E-6	0.087241	2.965160E-8	0.000000	0.000000	0.000000	0.000000	0.000000	0.000000
5.424000E-6	0.696191	2.848435E-8	8.424000E-6	0.090105	2.935489E-8	0.000000	0.000000	0.000000	0.000000	0.000000	0.000000
5.424000E-6	0.697144	2.800328E-8	8.424000E-6	0.089197	2.921700E-8	0.000000	0.000000	0.000000	0.000000	0.000000	0.000000
5.420000E-6	0.701425	2.779262E-8	8.424000E-6	0.085588	2.972380E-8	0.000000	0.000000	0.000000	0.000000	0.000000	0.000000
5.424000E-6	0.699387	2.783203E-8	8.428000E-6	0.089291	2.938365E-8	0.000000	0.000000	0.000000	0.000000	0.000000	0.000000
5.424000E-6	0.695584	2.820097E-8	8.428000E-6	0.090146	2.852498E-8	0.000000	0.000000	0.000000	0.000000	0.000000	0.000000
5.424000E-6	0.688744	2.834292E-8	8.424000E-6	0.088888	2.936841E-8	0.000000	0.000000	0.000000	0.000000	0.000000	0.000000
5.424000E-6	0.698275	2.832666E-8	8.424000E-6	0.090191	2.899297E-8	0.000000	0.000000	0.000000	0.000000	0.000000	0.000000
5.424000E-6	0.699085	2.796101E-8	8.424000E-6	0.091200	2.879582E-8	0.000000	0.000000	0.000000	0.000000	0.000000	0.000000
5.420000E-6	0.702168	2.784851E-8	8.424000E-6	0.088768	2.856339E-8	0.000000	0.000000	0.000000	0.000000	0.000000	0.000000
5.424000E-6	0.698455	2.797191E-8	8.428000E-6	0.089557	2.874909E-8	0.000000	0.000000	0.000000	0.000000	0.000000	0.000000
5.424000E-6	0.695692	2.834228E-8	8.428000E-6	0.088665	2.863643E-8	0.000000	0.000000	0.000000	0.000000	0.000000	0.000000
5.424000E-6	0.696901	2.847535E-8	8.424000E-6	0.088676	2.945337E-8	0.000000	0.000000	0.000000	0.000000	0.000000	0.000000
5.424000E-6	0.693703	2.804008E-8	8.424000E-6	0.089411	2.875235E-8	0.000000	0.000000	0.000000	0.000000	0.000000	0.000000
5.420000E-6	0.697226	2.765693E-8	8.424000E-6	0.089931	2.975538E-8	0.000000	0.000000	0.000000	0.000000	0.000000	0.000000
5.424000E-6	0.698217	2.789703E-8	8.428000E-6	0.089077	2.917153E-8	0.000000	0.000000	0.000000	0.000000	0.000000	0.000000
5.424000E-6	0.695100	2.823702E-8	8.428000E-6	0.088673	2.924412E-8	0.000000	0.000000	0.000000	0.000000	0.000000	0.000000
5.424000E-6	0.694078	2.851002E-8	8.424000E-6	0.086680	2.918153E-8	0.000000	0.000000	0.000000	0.000000	0.000000	0.000000
5.424000E-6	0.697527	2.827108E-8	8.424000E-6	0.088958	2.857290E-8	0.000000	0.000000	0.000000	0.000000	0.000000	0.000000
5.424000E-6	0.697570	2.787677E-8	8.424000E-6	0.086204	2.901123E-8	0.000000	0.000000	0.000000	0.000000	0.000000	0.000000
5.420000E-6	0.420658	3.506302E-8	8.424000E-6	0.092080	2.861110E-8	0.000000	0.000000	0.000000	0.000000	0.000000	0.000000
5.424000E-6	0.698784	2.798412E-8	8.428000E-6	0.089472	2.925516E-8	0.000000	0.000000	0.000000	0.000000	0.000000	0.000000
5.424000E-6	0.694132	2.807101E-8	8.428000E-6	0.089353	2.922311E-8	0.000000	0.000000	0.000000	0.000000	0.000000	0.000000
5.424000E-6	0.694622	2.841632E-8	8.424000E-6	0.089313	2.982761E-8	0.000000	0.000000	0.000000	0.000000	0.000000	0.000000
5.424000E-6	0.692987	2.821789E-8	8.424000E-6	0.089021	2.954396E-8	0.000000	0.000000	0.000000	0.000000	0.000000	0.000000
5.424000E-6	0.698597	2.776162E-8	8.424000E-6	0.087396	2.935451E-8	0.000000	0.000000	0.000000	0.000000	0.000000	0.000000
5.420000E-6	0.701881	2.773250E-8	8.424000E-6	0.090537	2.846435E-8	0.000000	0.000000	0.000000	0.000000	0.000000	0.000000
5.424000E-6	0.700219	2.790278E-8	8.428000E-6	0.088396	2.934757E-8	0.000000	0.000000	0.000000	0.000000	0.000000	0.000000
5.424000E-6	0.694669	2.840774E-8	8.428000E-6	0.087541	2.988606E-8	0.000000	0.000000	0.000000	0.000000	0.000000	0.000000
5.424000E-6	0.690474	2.840576E-8	8.424000E-6	0.084650	2.976030E-8	0.000000	0.000000	0.000000	0.000000	0.000000	0.000000
5.424000E-6	0.700064	2.821891E-8	8.424000E-6	0.087201	2.996814E-8	0.000000	0.000000	0.000000	0.000000	0.000000	0.000000
5.424000E-6	0.699029	2.788383E-8	8.424000E-6	0.088145	2.929019E-8	0.000000	0.000000	0.000000	0.000000	0.000000	0.000000
5.420000E-6	0.573150	3.108516E-8	8.424000E-6	0.088339	2.901906E-8	0.000000	0.000000	0.000000	0.000000	0.000000	0.000000
5.424000E-6	0.694039	2.787569E-8	8.428000E-6	0.084526	2.997031E-8	0.000000	0.000000	0.000000	0.000000	0.000000	0.000000
5.424000E-6	0.694444	2.829569E-8	8.428000E-6	0.089793	2.895392E-8	0.000000	0.000000	0.000000	0.000000	0.000000	0.000000
5.424000E-6	0.691131	2.858361E-8	8.424000E-6	0.088955	2.954259E-8	0.000000	0.000000	0.000000	0.000000	0.000000	0.000000
5.424000E-6	0.693675	2.808921E-8	8.424000E-6	0.088338	2.913792E-8	0.000000	0.000000	0.000000	0.000000	0.000000	0.000000
5.424000E-6	0.699000	2.791686E-8	8.424000E-6	0.089500	2.942925E-8	0.000000	0.000000	0.000000	0.000000	0.000000	0.000000
5.420000E-6	0.671582	2.845499E-8	8.424000E-6	0.088933	2.914512E-8	0.000000	0.000000	0.000000	0.000000	0.000000	0.000000
5.424000E-6	0.698056	2.785095E-8	8.428000E-6	0.089591	2.993212E-8	0.000000	0.000000	0.000000	0.000000	0.000000	0.000000
5.424000E-6	0.698515	2.824382E-8	8.428000E-6	0.085348	2.890610E-8	0.000000	0.000000	0.000000	0.000000	0.000000	0.000000
5.424000E-6	0.694441	2.846331E-8	8.424000E-6	0.088270	2.950807E-8	0.000000	0.000000	0.000000	0.000000	0.000000	0.000000
5.424000E-6	0.698404	2.830610E-8	8.424000E-6	0.088124	2.945933E-8	0.000000	0.000000	0.000000	0.000000	0.000000	0.000000
5.424000E-6	0.699165	2.792873E-8	8.424000E-6	0.088458	2.885497E-8	0.000000	0.000000	0.000000	0.000000	0.000000	0.000000
5.420000E-6	0.704974	2.784803E-8	8.424000E-6	0.087629	2.937052E-8	0.000000	0.000000	0.000000	0.000000	0.000000	0.000000
5.424000E-6	0.696960	2.784091E-8	8.428000E-6	0.089024	2.859518E-8	0.000000	0.000000	0.000000	0.000000	0.000000	0.000000
5.424000E-6	0.690567	2.818719E-8	8.428000E-6	0.086780	2.913263E-8	0.000000	0.000000	0.000000	0.000000	0.000000	0.000000
5.424000E-6	0.693786	2.840014E-8	8.424000E-6	0.086648	3.012706E-8	0.000000	0.000000	0.000000	0.000000	0.000000	0.000000
5.424000E-6	0.698661	2.814524E-8	8.424000E-6	0.086655	2.881059E-8	0.000000	0.000000	0.000000	0.000000	0.000000	0.000000
5.420000E-6	0.706037	2.789113E-8	8.424000E-6	0.087743	2.995531E-8	0.000000	0.000000	0.000000	0.000000	0.000000	0.000000
5.420000E-6	0.701622	2.769143E-8	8.424000E-6	0.083415	2.974153E-8	0.000000	0.000000	0.000000	0.000000	0.000000	0.000000
5.424000E-6	0.694076	2.792394E-8	8.428000E-6	0.088367	2.849723E-8	0.000000	0.000000	0.000000	0.000000	0.000000	0.000000
5.424000E-6	0.694184	2.835863E-8	8.428000E-6	0.086458	2.961388E-8	0.000000	0.000000	0.000000	0.000000	0.000000	0.000000
5.424000E-6	0.697150	2.848012E-8	8.424000E-6	0.090819	2.910772E-8	0.000000	0.000000	0.000000	0.000000	0.000000	0.000000
5.424000E-6	0.701339	2.817277E-8	8.424000E-6	0.089616	2.925311E-8	0.000000	0.000000	0.000000	0.000000	0.000000	0.000000
5.420000E-6	0.699451	2.766730E-8	8.424000E-6	0.088815	2.904473E-8	0.000000	0.000000	0.000000	0.000000	0.000000	0.000000
5.424000E-6	0.699464	2.783478E-8	8.428000E-6	0.090162	2.899142E-8	0.000000	0.000000	0.000000	0.000000	0.000000	0.000000
5.424000E-6	0.694799	2.806129E-8	8.428000E-6	0.089428	2.893743E-8	0.000000	0.000000	0.000000	0.000000	0.000000	0.000000
5.424000E-6	0.687336	2.828126E-8	8.428000E-6	0.085211	2.846654E-8	0.000000	0.000000	0.000000	0.000000	0.000000	0.000000
5.424000E-6	0.695693	2.832720E-8	8.424000E-6	0.088716	2.916987E-8	0.000000	0.000000	0.000000	0.000000	0.000000	0.000000
5.424000E-6	0.697389	2.795410E-8	8.424000E-6	0.089321	2.905134E-8	0.000000	0.000000	0.000000	0.000000	0.000000	0.000000
5.420000E-6	0.566575	3.109963E-8	8.424000E-6	0.085781	2.996929E-8	0.000000	0.000000	0.000000	0.000000	0.000000	0.000000
5.424000E-6	0.700167	2.783631E-8	8.428000E-6	0.090038	2.978559E-8	0.000000	0.000000	0.000000	0.000000	0.000000	0.000000
5.424000E-6	0.693628	2.808860E-8	8.428000E-6	0.088889	2.932906E-8	0.000000	0.000000	0.000000	0.000000	0.000000	0.000000
5.424000E-6	0.690654	2.829792E-8	8.428000E-6	0.088736	2.895079E-8	0.000000	0.000000	0.000000	0.000000	0.000000	0.000000
5.424000E-6	0.699607	2.829946E-8	8.424000E-6	0.091836	2.953487E-8	0.000000	0.000000	0.000000	0.000000	0.000000	0.000000
5.424000E-6	0.697207	2.792389E-8	8.424000E-6	0.087401	2.929928E-8	0.000000	0.000000	0.000000	0.000000	0.000000	0.000000
5.420000E-6	0.698858	2.774063E-8	8.424000E-6	0.085654	2.989984E-8	0.000000	0.000000	0.000000	0.000000	0.000000	0.000000
5.424000E-6	0.704613	2.795799E-8	8.428000E-6	0.088938	2.890562E-8	0.000000	0.000000	0.000000	0.000000	0.000000	0.000000
5.424000E-6	0.696810	2.804608E-8	8.428000E-6	0.087962	2.916713E-8	0.000000	0.000000	0.000000	0.000000	0.000000	0.000000
5.424000E-6	0.694214	2.839371E-8	8.428000E-6	0.087950	2.932355E-8	0.000000	0.000000	0.000000	0.000000	0.000000	0.000000
5.424000E-6	0.690197	2.826789E-8	8.424000E-6	0.088557	2.940643E-8	0.000000	0.000000	0.000000	0.000000	0.000000	0.000000
5.424000E-6	0.700796	2.812268E-8	8.424000E-6	0.087127	3.006206E-8	0.000000	0.000000	0.000000	0.000000	0.000000	0.000000
5.424000E-6	0.698929	2.777345E-8	8.424000E-6	0.088344	2.939574E-8	0.000000	0.000000	0.000000	0.000000	0.000000	0.000000
5.420000E-6	0.698776	2.781878E-8	8.424000E-6	0.088677	2.897278E-8	0.000000	0.000000	0.000000	0.000000	0.000000	0.000000
5.424000E-6	0.696560	2.795287E-8	8.428000E-6	0.092788	2.871312E-8	0.000000	0.000000	0.000000	0.000000	0.000000	0.000000
5.424000E-6	0.695131	2.813115E-8	8.428000E-6	0.087445	2.935839E-8	0.000000	0.000000	0.000000	0.000000	0.000000	0.000000
5.424000E-6	0.693764	2.841998E-8	8.424000E-6	0.087703	2.970903E-8	0.000000	0.000000	0.000000	0.000000	0.000000	0.000000
5.424000E-6	0.693656	2.810012E-8	8.424000E-6	0.086592	2.948322E-8	0.000000	0.000000	0.000000	0.000000	0.000000	0.000000
5.424000E-6	0.703397	2.790794E-8	8.424000E-6	0.089177	2.940023E-8	0.000000	0.000000	0.000000	0.000000	0.000000	0.000000
5.420000E-6	0.572292	3.122389E-8	8.424000E-6	0.084741	2.973034E-8	0.000000	0.000000	0.000000	0.000000	0.000000	0.000000
5.424000E-6	0.702808	2.807168E-8	8.428000E-6	0.090045	2.902083E-8	0.000000	0.000000	0.000000	0.000000	0.000000	0.000000
5.424000E-6	0.694754	2.815609E-8	8.428000E-6	0.086756	3.009838E-8	0.000000	0.000000	0.000000	0.000000	0.000000	0.000000
5.424000E-6	0.690377	2.866061E-8	8.424000E-6	0.085888	2.973686E-8	0.000000	0.000000	0.000000	0.000000	0.000000	0.000000
5.424000E-6	0.692702	2.821329E-8	8.424000E-6	0.089762	2.923085E-8	0.000000	0.000000	0.000000	0.000000	0.000000	0.000000
5.424000E-6	0.696787	2.787470E-8	8.424000E-6	0.089617	2.926334E-8	0.000000	0.000000	0.000000	0.000000	0.000000	0.000000
5.420000E-6	0.675745	2.869628E-8	8.424000E-6	0.089609	2.916698E-8	0.000000	0.000000	0.000000	0.000000	0.000000	0.000000
5.424000E-6	0.699674	2.779799E-8	8.428000E-6	0.084796	2.922198E-8	0.000000	0.000000	0.000000	0.000000	0.000000	0.000000
5.424000E-6	0.700663	2.819753E-8	8.428000E-6	0.088090	2.900187E-8	0.000000	0.000000	0.000000	0.000000	0.000000	0.000000
5.424000E-6	0.692276	2.852018E-8	8.428000E-6	0.087789	2.897222E-8	0.000000	0.000000	0.000000	0.000000	0.000000	0.000000
5.424000E-6	0.690211	2.833347E-8	8.424000E-6	0.087375	2.954376E-8	0.000000	0.000000	0.000000	0.000000	0.000000	0.000000
5.424000E-6	0.700664	2.822132E-8	8.424000E-6	0.085158	2.905758E-8	0.000000	0.000000	0.000000	0.000000	0.000000	0.000000
5.420000E-6	0.701544	2.799218E-8	8.424000E-6	0.087480	2.976100E-8	0.000000	0.000000	0.000000	0.000000	0.000000	0.000000
5.420000E-6	0.697640	2.776434E-8	8.424000E-6	0.086504	2.988100E-8	0.000000	0.000000	0.000000	0.000000	0.000000	0.000000
5.424000E-6	0.700225	2.806321E-8	8.428000E-6	0.089437	2.886363E-8	0.000000	0.000000	0.000000	0.000000	0.000000	0.000000
5.424000E-6	0.694595	2.821795E-8	8.428000E-6	0.089332	2.860283E-8	0.000000	0.000000	0.000000	0.000000	0.000000	0.000000
5.424000E-6	0.691671	2.840702E-8	8.424000E-6	0.088790	2.969471E-8	0.000000	0.000000	0.000000	0.000000	0.000000	0.000000
5.424000E-6	0.694780	2.800517E-8	8.424000E-6	0.086887	2.964757E-8	0.000000	0.000000	0.000000	0.000000	0.000000	0.000000
5.424000E-6	0.699552	2.774844E-8	8.424000E-6	0.089411	2.884159E-8	0.000000	0.000000	0.000000	0.000000	0.000000	0.000000
5.420000E-6	0.672836	2.847534E-8	8.424000E-6	0.084377	2.990058E-8	0.000000	0.000000	0.000000	0.000000	0.000000	0.000000
5.424000E-6	0.702704	2.800929E-8	8.428000E-6	0.084340	3.001085E-8	0.000000	0.000000	0.000000	0.000000	0.000000	0.000000
5.424000E-6	0.700498	2.820917E-8	8.428000E-6	0.091381	2.861966E-8	0.000000	0.000000	0.000000	0.000000	0.000000	0.000000
5.424000E-6	0.694306	2.851909E-8	8.424000E-6	0.087405	2.971816E-8	0.000000	0.000000	0.000000	0.000000	0.000000	0.000000
5.424000E-6	0.695664	2.821643E-8	8.424000E-6	0.087830	2.955159E-8	0.000000	0.000000	0.000000	0.000000	0.000000	0.000000
5.424000E-6	0.702663	2.801186E-8	8.424000E-6	0.088516	2.943754E-8	0.000000	0.000000	0.000000	0.000000	0.000000	0.000000
5.420000E-6	0.669297	2.842215E-8	8.424000E-6	0.089210	2.954706E-8	0.000000	0.000000	0.000000	0.000000	0.000000	0.000000
5.424000E-6	0.696689	2.778412E-8	8.428000E-6	0.090154	2.904507E-8	0.000000	0.000000	0.000000	0.000000	0.000000	0.000000
5.424000E-6	0.697597	2.811152E-8	8.428000E-6	0.087804	2.895677E-8	0.000000	0.000000	0.000000	0.000000	0.000000	0.000000
5.424000E-6	0.690421	2.833178E-8	8.424000E-6	0.085911	2.988640E-8	0.000000	0.000000	0.000000	0.000000	0.000000	0.000000
5.424000E-6	0.694335	2.835237E-8	8.424000E-6	0.084035	3.044286E-8	0.000000	0.000000	0.000000	0.000000	0.000000	0.000000
5.424000E-6	0.698372	2.801241E-8	8.424000E-6	0.087797	2.892045E-8	0.000000	0.000000	0.000000	0.000000	0.000000	0.000000
5.420000E-6	0.704584	2.785182E-8	8.424000E-6	0.088268	2.975886E-8	0.000000	0.000000	0.000000	0.000000	0.000000	0.000000
5.420000E-6	0.694686	2.773057E-8	8.424000E-6	0.089596	2.881546E-8	0.000000	0.000000	0.000000	0.000000	0.000000	0.000000
5.424000E-6	0.696807	2.800215E-8	8.428000E-6	0.090440	2.870732E-8	0.000000	0.000000	0.000000	0.000000	0.000000	0.000000
5.424000E-6	0.696777	2.839277E-8	8.428000E-6	0.087382	2.919506E-8	0.000000	0.000000	0.000000	0.000000	0.000000	0.000000
5.424000E-6	0.688794	2.832988E-8	8.424000E-6	0.088854	2.945197E-8	0.000000	0.000000	0.000000	0.000000	0.000000	0.000000
5.424000E-6	0.700559	2.818395E-8	8.424000E-6	0.088261	2.873155E-8	0.000000	0.000000	0.000000	0.000000	0.000000	0.000000
5.420000E-6	0.701146	2.788382E-8	8.424000E-6	0.088230	2.923308E-8	0.000000	0.000000	0.000000	0.000000	0.000000	0.000000
5.420000E-6	0.700432	2.764850E-8	8.424000E-6	0.088953	2.903625E-8	0.000000	0.000000	0.000000	0.000000	0.000000	0.000000
5.424000E-6	0.700043	2.808446E-8	8.428000E-6	0.088986	2.909542E-8	0.000000	0.000000	0.000000	0.000000	0.000000	0.000000
5.424000E-6	0.696685	2.837902E-8	8.428000E-6	0.086353	2.893642E-8	0.000000	0.000000	0.000000	0.000000	0.000000	0.000000
5.424000E-6	0.697722	2.851553E-8	8.424000E-6	0.089258	2.896166E-8	0.000000	0.000000	0.000000	0.000000	0.000000	0.000000
5.424000E-6	0.699124	2.819326E-8	8.424000E-6	0.088989	2.917081E-8	0.000000	0.000000	0.000000	0.000000	0.000000	0.000000
