x y time dx dy dt dr^2 TotalDisplacementSquared
14
53.2548143053645 48.5966299862448 0 0 0 0 0 0
53.609375 48.453125 0.0330033 0.354560694635488 -0.143504986244842 0.0330033 0.146306967257532 0.146306967257532
53.8533480907582 48.3998339789707 0.0670067 0.243973090758161 -0.0532910210293309 0.0340034 0.0623628019364382 0.396971360736707
53.3542052612079 47.8740274175621 0.10001 -0.499142829550308 -0.525806561408608 0.0330033 0.525616104311832 0.532033034370406
53.418612298586 46.4679381782308 0.1330133 0.0644070373781389 -1.40608923933122 0.0330033 1.98123521542687 4.55815859608928
53.6794425087108 47.4076655052265 0.1670167 0.260830210124809 0.939727326995637 0.0340034 0.951119847616117 1.59394564820035
53.6753246753247 48.4969696969697 0.20002 -0.00411783338612537 1.08930419174322 0.0330033 1.18660057870114 0.186761144502438
53.6169458762887 48.5412371134021 0.2330233 -0.0583787990360136 0.044267416432362 0.0330033 0.00536768833448342 0.134207645021768
53.5750615258409 49.2378999179655 0.2660266 -0.041884350447809 0.696662804563481 0.0330033 0.487093362074689 0.513785407551893
52.5542822677925 49.6151990349819 0.30003 -1.02077925804833 0.377299117016364 0.0340034 1.18434491736302 1.52822804270989
52.4474756977109 50.2881781122609 0.3330333 -0.106806570081645 0.672979077278988 0.0330033 0.464308481867884 3.51313069003653
52.5384615384615 49.6923076923077 0.3660366 0.0909858407506619 -0.595870419953201 0.0330033 0.363339980592309 1.7136709222127
52.2758620689655 49.5172413793103 0.40004 -0.262599469496024 -0.175066312997352 0.0340034 0.09960669532608 1.80587281819259
52.1753782668501 49.4209078404402 0.4330433 -0.100483802115448 -0.0963335388701765 0.0330033 0.0193771451988284 1.8446161421606
15
52.2270710059172 47.8113905325444 0 0 0 0 0 0
52.1188197767145 47.8811802232855 0.0330033 -0.108251229202644 0.0697896907411035 0.0330033 0.0165889295576222 0.0165889295576222
51.2243998040176 47.5374816266536 0.0660066 -0.89441997269688 -0.343698596631882 0.0330033 0.918115812885813 1.08037562784492
51.25 47.5454545454545 0.10001 0.0256001959823635 0.00797291880094519 0.0340034 0.000718937468541886 1.02538969983342
51.0711086226204 47.5856662933931 0.1330133 -0.178891377379621 0.0402117479385069 0.0330033 0.033619109573048 1.38720046373762
51.408 47.184 0.1660166 0.336891377379622 -0.401666293393056 0.0330033 0.274831611400856 1.06449619306047
51.03182374541 49.468788249694 0.1990199 -0.376176254589964 2.284788249694 0.0330033 5.36176592045712 4.17558320656256
51.8260869565217 49.6086956521739 0.2330233 0.794263211111705 0.139907402479913 0.0340034 0.650428129794153 3.39109390091608
51.6423039690223 49.9627299128751 0.2660266 -0.183782987499477 0.354034260701205 0.0330033 0.159116444244482 4.97021361680069
51.6565242832066 48.7015798712698 0.30003 0.0142203141842856 -1.26115004160537 0.0340034 1.59070164477672 1.11796062157613
52.3965014577259 48.5121477162294 0.3330333 0.739977174519396 -0.1894321550404 0.0330033 0.583450760172959 0.519767308486221
52.7163580246914 48.425 0.3660366 0.319856566965413 -0.087147716229353 0.0330033 0.109902947874892 0.61591836529211
52.7811831789024 47.2908054169637 0.3990399 0.0648251542109932 -1.13419458303635 0.0330033 1.29059965280747 0.578049162814573
52 47 0.4330433 -0.781183178902353 -0.29080541696365 0.0340034 0.694814949535388 0.709915838030883
51.9384 49.5512 0.4660466 -0.0615999999999985 2.5512 0.0330033 6.51241600000001 3.11026793270544
13
40.5995525727069 63.5715883668904 0 0 0 0 0 0
40.2218999274837 63.4075416968818 0.0340034 -0.37765264522325 -0.164046670008581 0.0340034 0.169532830385022 0.169532830385022
40.8987129266928 63.4146614437605 0.0670067 0.676812999209098 0.00711974687869343 0.0330033 0.458126526694031 0.114122976599951
41.8217673489765 64.2039440838742 0.10001 0.923054422283755 0.789282640113697 0.0330033 1.47499655248245 1.89368271213386
43.0897035881435 63.5128705148206 0.1330133 1.26793623916699 -0.6910735690536 0.0330033 2.08524498443742 6.2042998658316
43.0818181818182 63.3353535353535 0.1670167 -0.00788540632535017 -0.177516979467057 0.0340034 0.0315744576320236 6.21744944980766
43.2949802594473 62.8415115623237 0.20002 0.213162077629086 -0.493841973029788 0.0330033 0.289317965665102 7.79834255501256
42.9608006672227 64.0211843202669 0.2330233 -0.334179592224579 1.17967275794314 0.0330033 1.50330381569255 5.77762908514679
42.1303262955854 64.2896353166987 0.2670267 -0.830474371637273 0.268450996431767 0.0340034 0.761753619431531 2.8588596127842
42.4430409356725 64.3688888888889 0.30003 0.312714640087101 0.0792535721902397 0.0330033 0.104071574829719 4.03413746676861
41.7855416392002 64.1685343880466 0.3330333 -0.657499296472338 -0.200354500842309 0.0330033 0.47244725086939 1.76291461801573
41.5592329918571 64.3023377987917 0.3670367 -0.226308647343068 0.133803410745116 0.0340034 0.0691189565892753 1.45498123912435
42.5307810107198 63.945482388974 0.40004 0.971548018862649 -0.356855409817733 0.0330033 1.07125133647212 3.86944001953929
48
45.4293583927414 48.5456902138691 0 0 0 0 0 0
45.5417539658785 48.4657288237055 0.0330033 0.112395573137064 -0.0799613901636107 0.0330033 0.0190265887777063 0.0190265887777063
45.780527604025 49.2833831928202 0.0670067 0.23877363814654 0.817654369114756 0.0340034 0.725571517606184 0.667510746147363
45.4589107315501 48.6506606509829 0.10001 -0.321616872474905 -0.63272254183731 0.0330033 0.503775227609606 0.0118921333969337
46.0064141722663 49.4422724496029 0.1330133 0.547503440716227 0.791611798620011 0.0330033 0.926409257310515 1.13685307811662
45.875 50.34375 0.1670167 -0.131414172266339 0.901477550397068 0.0340034 0.829931458542346 3.43161543662116
45.4309178743961 50.1371980676329 0.20002 -0.444082125603863 -0.206551932367148 0.0330033 0.239872635045448 2.53289968057478
45.3200540175557 50.4114337159577 0.2330233 -0.110863856840432 0.274235648324833 0.0330033 0.0874959855656772 3.49294626202057
45.3888163051999 50.3279331068722 0.2660266 0.0687622876441907 -0.083500609085462 0.0330033 0.0117006039197056 3.17803339052241
45.3200646595272 50.4586785209133 0.30003 -0.0687516456727195 0.130745414041094 0.0340034 0.0218211520754843 3.67146938300786
45.7088582283543 50.5308938212358 0.3330333 0.388793568827154 0.0722153003224335 0.0330033 0.156375488762014 4.01915352080926
45.6958981612447 50.3554253384522 0.3660366 -0.0129600671096313 -0.175468482783536 0.0330033 0.0309571517898423 3.34618466934369
45.9213804370022 50.4788646109863 0.40004 0.22548227575755 0.123439272534107 0.0340034 0.0660795106845531 3.97924894170819
45.9733536999321 50.4458587915818 0.4330433 0.051973262929863 -0.0330058194045151 0.0330033 0.00379060417414014 3.90657151797228
45.8984826589595 50.3643424855491 0.4660466 -0.0748710409725746 -0.0815163060326753 0.0330033 0.0122505809255297 3.52757366244168
45.691091954023 50.2200328407225 0.50005 -0.20739070493655 -0.144309644826635 0.0340034 0.0638361780840686 2.87192768919951
46.3860684769776 50.1506493506494 0.5330533 0.694976522954583 -0.0693834900731432 0.0330033 0.487806436152772 3.49118801601361
45.7555555555556 50.4777777777778 0.5660566 -0.630512921422017 0.327128427128422 0.0330033000000001 0.504559551915642 3.8393669436386
44.968085106383 50.4893617021277 0.5990599 -0.787470449172574 0.0115839243498854 0.0330033 0.620243895623399 3.99063189897721
44.5700706799903 50.5803070923714 0.6330633 -0.398014426392727 0.0909453902437747 0.0340034 0.166686547623324 4.87804121557176
44.9952759287095 50.4887266480567 0.6660666 0.425205248719216 -0.0915804443147437 0.0330033 0.189186481319256 3.96381817016053
46.1652933832709 50.483645443196 0.70007 1.17001745456145 -0.00508120486068719 0.0340034 1.36896666262128 4.2972707811612
45.8596403596404 50.5989010989011 0.7330733 -0.305653023630555 0.115255655705099 0.0330033 0.106707637026513 4.40081750945238
44.9144689950107 50.4649560465669 0.7660766 -0.945171364629665 -0.133945052334219 0.0330033000000001 0.911290185560721 3.94869242845667
44.3267152550892 50.3528524754964 0.7990799 -0.587753739921475 -0.112103571070527 0.0330033 0.358021669438445 4.48165732886126
43.8091015169195 50.5120186697783 0.8330833 -0.517613738169736 0.159166194281944 0.0340034 0.293257859344246 6.49167994016655
44.262832086665 50.4604075315966 0.8660866 0.453730569745467 -0.0516111381817055 0.0330033 0.208535139505957 5.02692602957402
44.0789270054166 50.4673716791334 0.8990899 -0.18390508124839 0.00696414753675612 0.0330033000000001 0.0338695782598908 5.51652458581234
44.0051224944321 50.4719376391982 0.9320932 -0.0738045109844876 0.0045659600648662 0.0330033 0.0054679538329733 5.73887703762012
44.3460668509676 50.5192259361649 0.9660966 0.340944356535509 0.0472882969666486 0.0340034 0.118479237283418 5.06836381165625
43.3134570765661 50.2487238979118 0.9990999 -1.03260977440146 -0.270502038253035 0.0330033 1.13945429888848 7.37736210877652
43.3882776555311 50.4234846969394 1.0331033 0.0748205789649816 0.17476079902756 0.0340034000000001 0.0361394559134062 7.69212269646024
44.1481122942885 50.4382865440465 1.0661066 0.759834638757376 0.0148018471070799 0.0330032999999998 0.577567772933333 5.22351243380176
44.5540574282147 50.3503121098627 1.0991099 0.405945133926252 -0.0879744341837991 0.0330033000000001 0.172530952828363 4.02281196600082
45.5325865580448 50.1232179226069 1.1321132 0.978529129830072 -0.227094187255744 0.0330033000000001 1.00909102781134 2.49924972594756
45.2132250580046 50.5266821345708 1.1661166 -0.319361500040166 0.403464211963836 0.0340033999999998 0.264775138043505 3.97104260826975
45.2727272727273 51.5454545454545 1.1991199 0.0595022147226345 1.01877241088378 0.0330033000000001 1.04143773873486 9.02311935280925
45.658788435062 52.1560348783846 1.2321232 0.386061162334684 0.610580332930034 0.0330033000000001 0.521851564024159 13.0872267409147
45.2727272727273 51.5454545454545 1.2661266 -0.386061162334684 -0.610580332930034 0.0340034 0.521851564024159 9.02311935280925
45.4570200573066 52.1523400191022 1.2991299 0.18429278457932 0.606885473647651 0.0330032999999998 0.402273808572533 13.0086879852746
46.4738352837271 52.1457275336719 1.3321332 1.0168152264205 -0.00661248543030268 0.0330033000000001 1.03395692964413 14.0512006797761
46.9252369252369 51.4998244998245 1.3661366 0.451401641509833 -0.645903033847397 0.0340034 0.620954171091042 10.9645619634382
46.466391509434 50.6090801886792 1.3991399 -0.458845415802962 -0.890744311145255 0.0330033000000001 1.00396454344103 5.33301587326412
46.7150537634409 51.4569892473118 1.4321432 0.248662254006902 0.847909058632581 0.0330032999999998 0.780782688278983 10.1286746483626
46.7421333333333 50.728 1.4661466 0.0270795698924715 -0.728989247311823 0.0340034 0.532158625801819 6.48585404728888
46.0614389652385 51.5153597413096 1.4991499 -0.680694368094855 0.787359741309622 0.0330033000000001 1.08328018499121 9.21846295233712
45.5810810810811 50.7972972972973 1.5321532 -0.480357884157399 -0.718062444012325 0.0330033000000001 0.746357370373127 5.09275423230111
46.2983325822443 51.5403334835512 1.5651565 0.717251501163176 0.743036186253853 0.0330032999999998 1.0665524900035 9.72300445467421
18
51.6431451612903 47.3286290322581 0 0 0 0 0 0
52.0259579728059 47.3943139678616 0.0330033 0.382812811515613 0.0656849356034925 0.0330033 0.150860159425723 0.150860159425723
52.376298106292 47.4416615760538 0.0670067 0.350340133486064 0.0473476081921973 0.0340034 0.124980005132555 0.550289596721557
51.5264263213161 46.5799789989499 0.10001 -0.849871784975932 -0.861682577103807 0.0330033 1.46477891458243 0.57410015997718
51.9641285956007 46.3884940778342 0.1330133 0.437702274284611 -0.191484921115766 0.0330033 0.228249755928632 0.986884097631267
52.5 47.5 0.1670167 0.535871404399323 1.11150592216582 0.0340034 1.52260357706259 0.763568223204999
52.2094792276185 47.5523698069046 0.20002 -0.290520772381512 0.0523698069046219 0.0330033 0.0871449158603779 0.370794208923239
52.4419551934827 47.5066191446029 0.2330233 0.232475965864204 -0.0457506623017707 0.0330033 0.0561381978055451 0.669777947623687
52.645958986731 47.5844390832328 0.2660266 0.204003793248312 0.0778199386299576 0.0330033 0.0476734905080703 1.07107435067468
51.6527372853903 46.437641723356 0.30003 -0.993221701340659 -1.1467973598768 0.0340034 2.30163353263443 0.793950393469276
51.5382535820492 46.2760205460935 0.3330333 -0.114483703341143 -0.161621177262468 0.0330033 0.0392279232704091 1.11898686854126
51.9159186116098 46.3812088569719 0.3660366 0.37766502956061 0.105188310878333 0.0330033 0.153695455298453 0.972010343738515
52.4915254237288 46.4745762711864 0.40004 0.575606812119005 0.0933674142145691 0.0340034 0.340040676194919 1.44915518838927
53.2760633861551 47.4253544620517 0.4330433 0.784537962426313 0.950778190865265 0.0330033 1.51947898271306 2.67577773786441
53.5274411974341 47.3093371347113 0.4660466 0.251377811278942 -0.116017327340373 0.0330033 0.0766508242465948 3.55094372913801
53.3957100591716 47.3394970414201 0.50005 -0.131731138262474 0.0301599067087821 0.0340034 0.0182627127606094 3.07160183490876
53.2925430210325 47.2198852772467 0.5330533 -0.103167038139091 -0.119611764173463 0.0330033 0.0249504118870808 2.73233850397609
48.0833333333333 49 0.5660566 -5.20920968769917 1.78011472275335 0.0330033000000001 30.3046739965821 15.4657411622731
18
45.7109116674539 50.6870571563533 0 0 0 0 0 0
46.0862944162437 50.424703891709 0.0330033 0.375382748789711 -0.262353264644368 0.0330033 0.209741443558477 0.209741443558477
45.9301178405042 50.4269662921348 0.0660066 -0.156176575739408 0.00226240042586312 0.0330033 0.0243962412653741 0.115698603953288
46.2977000323939 50.2727567217363 0.10001 0.367582191889667 -0.154209570398514 0.0340034 0.158897259396906 0.515965435352774
47.5 50.5 0.1330133 1.20229996760609 0.227243278263686 0.0330033 1.49716471962163 3.23582744139543
48.5802469135802 50.5432098765432 0.1660166 1.08024691358025 0.0432098765432087 0.0330033 1.16880048773053 8.25377679457147
47.4624687239366 50.569224353628 0.20002 -1.11777818964363 0.0260144770848143 0.0340034 1.25010483426099 3.08183669151235
47.1344427414057 50.5195971097 0.2330233 -0.328025982530882 -0.0496272439280006 0.0330033 0.11006390855524 2.05448358573147
47.3201370384469 51.5629996193376 0.2660266 0.185694297041159 1.04340250963762 0.0330033 1.1231711690717 3.35688149310643
47.4651752767528 52.2177121771218 0.30003 0.145038238305872 0.654712557784123 0.0340034 0.449684623891099 5.42034560351376
47.1849315068493 52.3253424657534 0.3330333 -0.28024376990345 0.107630288631654 0.0330033 0.0901208496006309 4.85671324192731
46.3370581064608 52.4561154002438 0.3660366 -0.847873400388529 0.130772934490381 0.0330033 0.735990863481633 3.52162643335779
46.1727426875795 52.4215769393811 0.40004 -0.164315418881301 -0.0345384608627128 0.0340034 0.0281924621609027 3.22184676886486
46.56 52.49 0.4330433 0.387257312420516 0.0684230606189118 0.0330033 0.15464994124762 3.97155389392259
46.5150955021565 52.4540973505853 0.4660466 -0.044904497843504 -0.0359026494146661 0.0330033 0.00330541416156969 3.76914268802838
47.1241872561769 52.4286952752492 0.4990499 0.609091754020355 -0.0254020753360962 0.0330033 0.371638030246973 5.03065122687136
47.1997760358343 52.3426651735722 0.5330533 0.0755887796574157 -0.0860301016770109 0.0340034 0.0131148420046542 4.95775501411203
47.5734742584385 51.5652915103989 0.5660566 0.37369822260419 -0.777373663173321 0.0330033000000001 0.74396017377304 4.2404349859608
37
51.5783828382838 51.2735148514851 0 0 0 0 0 0
52.5778979384927 50.6809733017911 0.0330033 0.999515100208903 -0.592541549693998 0.0330033 1.35013592365938 1.35013592365938
53.8262573481385 50.4934683213586 0.0660066 1.24835940964574 -0.187504980432557 0.0330033 1.59355933333807 5.66141240121671
53.4753424657534 50.3205479452055 0.10001 -0.350914882385041 -0.172920376153115 0.0340034 0.153042711168242 4.50660175271384
52.3749279538905 50.5221902017291 0.1330133 -1.10041451186294 0.201642256523634 0.0330033 1.25157169753449 1.19897285052786
52.3713245589471 50.457014841781 0.1660166 -0.00360339494341844 -0.0651753599480998 0.0330033 0.00426081199948262 1.29542883821524
52.286231884058 50.4792490118577 0.20002 -0.0850926748891041 0.0222341700767004 0.0340034 0.00773512163878241 1.13190849560243
52.7247157390784 49.9619988031119 0.2330233 0.438483855020429 -0.5172502087458 0.0330033 0.459815869561151 3.03415346458464
52.9682000617475 48.9292991664094 0.2660266 0.243484322669055 -1.03269963670252 0.0330033 1.12575315503113 7.42693909279135
53.5092847317744 48.5522696011004 0.30003 0.541084670026962 -0.377029565308973 0.0340034 0.434923913255259 11.133557835027
53.8131973222824 48.2116671979598 0.3330333 0.30391259050802 -0.340602403140579 0.0330033 0.208372859694433 14.3693068312884
53.5789473684211 47.4736842105263 0.3660366 -0.234249953861379 -0.737982987433519 0.0330033 0.599491930625359 18.4409713392128
53.0210185933711 47.5153597413096 0.40004 -0.557928775049994 0.0416755307833085 0.0340034 0.313021367894858 16.2049277539945
53.0535767734211 46.8165219994014 0.4330433 0.0325581800500743 -0.69883774190825 0.0330033 0.489434224603594 22.0409824297917
52.8611489245848 46.7843724475905 0.4660466 -0.192427848836324 -0.0321495518108463 0.0330033 0.0380620706894136 21.7978883546087
52.6628895184136 47.4697828139754 0.4990499 -0.198259406171211 0.685410366384922 0.0330033 0.509094162483274 15.6445321524238
53.1180811808118 47.5410516605166 0.5330533 0.455191662398207 0.0712688465411588 0.0340034 0.21227869800415 16.3019524579184
53.4 47.2 0.5660566 0.281918819188192 -0.341051660516605 0.0330033000000001 0.195794455753598 19.9118123291289
52.8292682926829 47.5609756097561 0.5990599 -0.570731707317073 0.360975609756096 0.0330033 0.456038072575846 15.3476620414053
53.5789473684211 47.4736842105263 0.6330633 0.749679075738129 -0.0872913992297839 0.0340034 0.569638504979069 18.4409713392128
53.1635604113111 48.2050128534704 0.6660666 -0.415386957110002 0.731328642944121 0.0330033 0.707387908127595 11.9284924498487
53.0513687056438 47.1808043257857 0.6990699 -0.112191705667257 -1.0242085276847 0.0330033000000001 1.06159008700259 18.9199668126129
53 47.4420131291028 0.7330733 -0.0513687056437959 0.26120880331711 0.0340033999999999 0.0708687828498759 16.7014008031045
52.6284850520658 46.9355055424924 0.7660766 -0.371514947934159 -0.506507586610404 0.0330033000000001 0.394573291832417 19.9210394242972
52.9283314669653 46.7614781634938 0.7990799 0.299846414899442 -0.174027378998602 0.0330033 0.120193401169171 22.1808363738585
53.2500864752681 47.0657212037357 0.8330833 0.321755008302787 0.304243040241893 0.0340034 0.196090112903557 20.5001204319466
53.1337161607875 46.6333059885152 0.8660866 -0.116370314480541 -0.432415215220558 0.0330033 0.200524968446542 23.9506000360755
53.1689133425034 46.5843191196699 0.8990899 0.0351971817159082 -0.0489868688452972 0.0330033000000001 0.00363855492000902 24.5183438961276
53 46.5 0.9330933 -0.168913342503437 -0.0843191196698783 0.0340033999999999 0.0356414312175867 24.8074393918352
53.0438617985788 46.4437637833864 0.9660966 0.0438617985787815 -0.056236216613577 0.0330033000000001 0.00508636943357475 25.4741239628679
51.8493466564181 46.1698693312836 0.9990999 -1.19451514216064 -0.273894452102795 0.0330033 1.50188459574374 26.1206189866109
49.6053064099554 46.0777177741254 1.0331033 -2.24404024646275 -0.0921515571582461 0.0340034000000001 5.0442085372313 30.8893378611256
51.7450394128839 46.1791247621636 1.0661066 2.13973300292854 0.101406988038249 0.0330032999999998 4.5887407010446 25.9805847960347
51.6604305484367 46.1570989236289 1.0991099 -0.0846088644472331 -0.0220258385347236 0.0330033000000001 0.00764379750620799 26.1844437735623
48.9853453013372 47.3321121084448 1.1321132 -2.67508524709946 1.17501318481586 0.0330033000000001 8.53673706374029 22.2584992508602
47.4489100817439 49.5224795640327 1.1661166 -1.53643521959337 2.19036745558793 0.0340033999999998 7.15834277450568 20.1186698249094
47.7803617571059 50.835142118863 1.1991199 0.331451675362075 1.31266255483035 0.0330033000000001 1.83294319595406 14.6171347857782
28
44.5632754342432 48.3672456575682 0 0 0 0 0 0
44.6181990971727 48.2544547398432 0.0330033 0.0549236629295535 -0.11279091772505 0.0330033 0.0157383998708582 0.0157383998708582
44.8055555555556 48.2083333333333 0.0670067 0.18735645838283 -0.0461214065098545 0.0340034 0.0372296266362043 0.0839527839768826
44.9997295835587 48.4756625202812 0.10001 0.194174028003125 0.267329186947897 0.0330033 0.109168447345182 0.202246440575252
45.5344827586207 48.3620689655172 0.1330133 0.534753175062008 -0.113593554763995 0.0330033 0.298864453922819 0.943270465065126
44.7085520222291 48.4961407841927 0.1670167 -0.825930736391605 0.134071818675416 0.0340034 0.700136833879313 0.037719240684352
44.5675375208449 48.3046136742635 0.20002 -0.14101450138417 -0.191527109929176 0.0330033 0.0565677234384486 0.0039409307148887
44.809583074051 48.5392034847542 0.2330233 0.242045553206111 0.234589810490725 0.0330033 0.113618429012927 0.0902369477582325
44.3204667863555 49.0002992220227 0.2660266 -0.489116287695552 0.461095737268536 0.0330033 0.451844021816293 0.4597128549576
44.5793403858121 48.5868077162414 0.30003 0.258873599456599 -0.413491505781295 0.0340034 0.237990765848898 0.0484655802777269
44.6428571428571 48.5178571428571 0.3330333 0.0635167570450719 -0.0689505733842992 0.0330033 0.00878855999554632 0.0290170678468494
44.4289263041678 49.0778360474745 0.3660366 -0.213930838689329 0.559978904617324 0.0330033 0.359342777358738 0.522988390979093
44.7246447819696 48.3253307202352 0.40004 0.295718477801806 -0.752505327239291 0.0340034 0.65371368563693 0.0277969283572941
44.7894736842105 48.2763157894737 0.4330433 0.0648289022409045 -0.0490149307614942 0.0330033 0.00660525000331483 0.0594338891999866
45 47.1864406779661 0.4660466 0.210526315789473 -1.08987511150758 0.0330033 1.23214908832355 1.58502874618869
44.9457939145998 46.6031705446177 0.50005 -0.0542060854001534 -0.583270133348357 0.0340034 0.343142348150619 3.25828139194567
43.9095630919646 48.0259700580507 0.5330533 -1.03623082263529 1.42279951343297 0.0330033 3.09813277320451 0.54380886127344
44.0562560620757 46.8251697381183 0.5660566 0.146692970111097 -1.20080031993238 0.0330033000000001 1.46344023582973 2.63506678510042
44.0099977277891 47.2849352419905 0.60006 -0.046258334286513 0.45976550387212 0.0340033999999999 0.213524152041747 1.4775120561272
44.2193862919415 46.7920848867221 0.6330633 0.209388564152356 -0.492850355268345 0.0330033000000001 0.286745043485919 2.59939119620556
45 47.5 0.6660666 0.780613708058503 0.707915113277892 0.0330033 1.1105015688161 0.942843376906458
44.4622767262063 48.2452679285524 0.70007 -0.537723273793652 0.745267928552387 0.0340034 0.844570604508129 0.025079305400973
45.4960802759486 48.6155534650361 0.7330733 1.03380354974222 0.370285536483678 0.0330033 1.20586115798863 0.931781639958511
45.5443942814146 50.1437170805117 0.8330833 0.0483140054660254 1.5281636154756 0.10001 2.33761827878762 4.11844490880961
45.2352036894696 49.803996925442 0.8660866 -0.309190591944962 -0.339720155069699 0.0330033 0.211008605907856 2.51574178590843
46.4473487677371 50.5429424943988 0.9990999 1.21214507826748 0.738945568956844 0.1330133 2.01533624464904 8.28338905177752
45.9791492910759 49.5954962468724 1.0331033 -0.468199476661219 -0.947446247526415 0.0340034000000001 1.11686514189772 3.51329828858838
45 50.5139977603583 1.0661066 -0.979149291075899 0.91850151348595 0.0330032999999998 1.80237836449042 4.79927293716922
11
43.7241379310345 49.6551724137931 0 0 0 0 0 0
43.7101449275362 48.4927536231884 0.0330033 -0.0139930034982498 -1.1624187906047 0.0330033 1.35141324889779 1.35141324889779
44.3792818819645 47.4737928188196 0.0660066 0.669136954428275 -1.01896080436876 0.0330033 1.48602538462138 5.18763053380677
45.171182658591 47.2521517373287 0.10001 0.791900776626498 -0.221641081490986 0.0340034 0.676231609026145 7.86844681506476
45 47.5 0.1330133 -0.171182658591007 0.24784826267134 0.0330033 0.090732263911487 6.27259215219976
45.3439661798616 47.5196003074558 0.1660166 0.343966179861646 0.0196003074558035 0.0330033 0.118696904940976 7.1845117770644
44.5629546726357 48.3393956351427 0.20002 -0.781011507225941 0.819795327686897 0.0340034 1.2820433537166 2.43488205722612
44.4188596491228 48.3566337719298 0.2330233 -0.144095023512897 0.0172381367871211 0.0330033 0.0210605291610737 2.16884086999573
45.5728968405025 47.9029311001142 0.2660266 1.15403719137966 -0.45370267181562 0.0330033 1.5376479535001 6.48825912670043
46.4367652297827 47.4820092625579 0.30003 0.863868389280213 -0.420921837556314 0.0340034 0.923443787329374 12.0809849438005
45.4864864864865 47.3783783783784 0.3330333 -0.950278743296202 -0.103630884179509 0.0330033 0.913769050116436 8.28966351060382
12
50.7829142011834 45.4622781065089 0 0 0 0 0 0
51.409475465313 46.2230682459109 0.0330033 0.626561264129599 0.760790139402012 0.0330033 0.971380653919013 0.971380653919013
52.4307105907977 46.5899809420093 0.0660066 1.02123512548469 0.366912696098368 0.0330033 1.1775461080819 3.98694662682147
53.4219594594595 46.8962837837838 0.10001 0.991248868661742 0.306302841774531 0.0340034 1.07639575050234 9.02093215768586
53.0067208064968 46.7356482777933 0.1330133 -0.415238652962678 -0.160635505990449 0.0330033 0.198226904699067 6.5667874109523
53.2668104998202 46.4775260697591 0.1660166 0.26008969332343 -0.258122208034258 0.0330033 0.134273722853557 7.20046924926518
53 47.5 0.20002 -0.26681049982021 1.02247393024092 0.0340034 1.11664078083662 9.06777995452716
52.2573757763975 46.8121118012422 0.2330233 -0.742624223602483 -0.687888198757761 0.0330033 1.02468091147139 3.99608794022032
52.8608325736858 46.7049529018535 0.2660266 0.603456797288295 -0.1071588993887 0.0330033 0.375643135911644 5.86198540976784
53.1828119110441 46.4229174519412 0.30003 0.321979337358286 -0.282035449912343 0.0340034 0.183214688692938 6.68233696978711
52.4576768046904 46.4111396115793 0.3330333 -0.725135106353733 -0.0117778403618658 0.0330033 0.525959639990229 3.70516793390989
52.4993481095176 45 0.3660366 0.0416713048272328 -1.41113961157933 0.0330033 1.99305150101427 3.15984640943674
28
49.9028352978656 46.4874163746416 0 0 0 0 0 0
48.3677663601947 46.6149269875608 0.10001 -1.53506893767086 0.127510612919238 0.10001 2.372695599809 2.372695599809
48.4052765416402 46.5607120152575 0.1340134 0.0375101814454766 -0.0542149723033702 0.0340034 0.00434627693392778 2.24805447928062
48.4881516587678 46.875683558148 0.1670167 0.0828751171275925 0.31497154289054 0.0330033 0.106075357869759 2.15208120451898
48.630929425376 47.0408792903972 0.20002 0.142777766608241 0.165195732249209 0.0330033 0.0476751205909897 1.92406574759012
48.3659286592866 46.6731242312423 0.2330233 -0.265000766089415 -0.367755059154909 0.0330033 0.205469189562007 2.39656942371134
48.7538461538462 46.6628205128205 0.2670267 0.387917494559559 -0.0103037184218024 0.0340034 0.150586149198682 1.35094266476474
49.3327526132404 47.4076655052265 0.30003 0.578906459394261 0.744844992405973 0.0330033 0.889926751440653 1.17185272965164
49.3415285943346 46.9203634420096 0.3330333 0.00877598109416766 -0.487302063216859 0.0330033 0.237540318659573 0.502508378571385
49.0588235294118 47.4705882352941 0.3670367 -0.282705064922816 0.550224793284492 0.0340034 0.382669476877976 1.67898277286743
49.6284680337756 47.3848009650181 0.40004 0.569644504363865 -0.0857872702760218 0.0330033 0.331854317093364 0.880576498649375
48.9874925550923 47.4431209053008 0.4330433 -0.640975478683316 0.0583199402826793 0.0330033 0.414250779707882 1.75122348667012
49.2401204365826 48.6161083929244 0.4670467 0.252627881490298 1.17298748762358 0.0340034 1.43972049262775 4.97052069606596
49.6811428571429 50.3131428571429 0.50005 0.441022420560245 1.6970344642185 0.0330033 3.0744267481822 14.685330657185
49.4414874225301 50.2639445862195 0.5330533 -0.239655434612786 -0.0491982709233909 0.0330033 0.0598551972012946 14.4750071949201
49.0164179104478 50.0876865671642 0.5670567 -0.42506951208231 -0.17625801905529 0.0340034 0.211750979383188 13.7476812438831
49.6963292547275 50.3915461624027 0.60006 0.679911344279709 0.303859595238492 0.0330033 0.554610089698742 15.2848741455358
49.7840236686391 50.3994082840237 0.6330633 0.0876944139115778 0.00786212162100242 0.0330033000000001 0.00775212318767857 15.3177969023102
50.1278409090909 50.5710227272727 0.6660666 0.343817240451855 0.171614443249055 0.0330033 0.147661811963612 16.7264683683321
50.2467929138668 50.4349419670128 0.70007 0.11895200477592 -0.136080760259901 0.0340034 0.0326675527531232 15.701265144031
50.559070018924 50.4068667207353 0.7330733 0.312277105057206 -0.0280752462774885 0.0330033 0.0983052097964506 15.792735024617
51.006272869838 50.4668060637742 0.7660766 0.447202850913918 0.0599393430388417 0.0330033000000001 0.203583114709464 17.053116773215
51.5877122069523 50.1447049312854 0.80008 0.581439337114354 -0.322101132488811 0.0340034 0.441820842294554 16.2145697853311
51.2793313069909 50.1398176291793 0.8330833 -0.308380899961421 -0.0048873021060345 0.0330033 0.0951226651828913 15.2347761872867
51.6762509335325 50.2860343539955 0.8660866 0.396919626541603 0.146216724816185 0.0330033 0.178924520549898 17.5745015698987
51.0889044452223 50.0091004550228 0.90009 -0.587346488310224 -0.276933898972764 0.0340034 0.42166828173061 13.8090187843215
51.513195714659 48.4533577214528 0.9330933 0.424291269436743 -1.55574273356992 0.0330033 2.60035853437586 6.45818605107709
51.5555555555556 47.4444444444444 0.9660966 0.0423598408965518 -1.00891327700839 0.0330033000000001 1.01970035664459 3.64738697656942
35
43.7461439588689 50.5163881748072 0 0 0 0 0 0
43.0618769336542 49.8329322791337 0.0330033 -0.684267025214716 -0.683455895673475 0.0330033 0.935333323127029 0.935333323127029
42.3721817551162 50.3454734651405 0.0670067 -0.689695178537974 0.512541186006757 0.0340034 0.738377906651741 1.91698397532141
42.2382420971473 50.2050886661527 0.10001 -0.133939657968938 -0.140384798987817 0.0330033 0.0376477237636859 2.37067540867211
42.0421052631579 50.2098684210526 0.1340134 -0.196136833989371 0.00477975489997107 0.0340034 0.0384925037042779 2.9977022359222
42.2 50.2333333333333 0.1670167 0.15789473684211 0.0234649122807014 0.0330033 0.0254813500307801 2.47068118482855
42.3015018418816 50.5483139699632 0.20002 0.10150184188155 0.314980636629826 0.0330033 0.109515425357078 2.08801010257
42.5346178967995 50.652841280209 0.2330233 0.233116054917922 0.104527310245849 0.0330033 0.0652690536477275 1.48641484904723
42.5999477397439 50.6830415469036 0.2670267 0.0653298429444504 0.0302002666945711 0.0340034 0.00518004448756978 1.34153911916746
42.4700437130368 50.5955258421188 0.30003 -0.129904026707152 -0.087515704784785 0.0330033 0.0245340547387101 1.63469460780032
42.1698869850529 50.2796208530806 0.3330333 -0.300156727983911 -0.315904989038231 0.0330033 0.189890023453252 2.54064481214127
42.3825757575758 50.5233585858586 0.3670367 0.212688772522895 0.243737732778023 0.0340034 0.104644596337067 1.85936682620802
42.7214923804519 50.6707829742512 0.40004 0.338916622876162 0.147424388392594 0.0330033 0.136598427554713 1.07374861124774
42.3470220288279 50.5085667663856 0.4330433 -0.374470351624069 -0.162216207865541 0.0330033 0.16654214233973 1.95760334955146
41.9550621200106 50.3930742796722 0.4670467 -0.391959908817277 -0.115492486713421 0.0340034 0.166971084607298 3.22318047022145
41.287146078677 50.4204460035079 0.50005 -0.667916041333548 0.027371723835671 0.0330033 0.446861049536414 6.05587547502172
40.9895727365209 50.324516785351 0.5330533 -0.29757334215617 -0.0959292181569253 0.0330033 0.0977523088581919 7.63549953396921
40.885752688172 50.2346774193548 0.5670567 -0.103820048348815 -0.0898393659961272 0.0340034 0.0188497141217365 8.26119917121629
40.7387679481241 49.6838814265864 0.60006 -0.146984740047905 -0.550795992768457 0.0330033 0.32498073945674 9.73737795583624
40.9493365500603 49.5126658624849 0.6330633 0.210568601936181 -0.171215564101459 0.0330033000000001 0.0736539055119388 8.82959016222011
41.1786689061516 49.3972286374134 0.6660666 0.22933235609127 -0.115437225071531 0.0330033 0.0659190824825883 7.84444621646525
41.7447329740323 48.968397844194 0.70007 0.566064067880752 -0.428830793219369 0.0340034 0.504324378158858 6.40191999389631
42.2140910044034 49.1388131683791 0.7330733 0.469358030371097 0.170415324185093 0.0330033 0.249338343390946 4.24489915362166
42.4350688210652 50.3665469778576 0.7660766 0.220977816661794 1.22773380947845 0.0330033000000001 1.55616150239308 1.74137040127019
42.7298998569385 50.4240343347639 0.80008 0.294831035873251 0.0574873569063783 0.0340034 0.0902301359181757 1.04128130647908
42.4542646709432 49.6426704680447 0.8330833 -0.275635185995263 -0.781363866719282 0.0330033 0.686504247973151 2.43233472568173
42.7207837648705 49.8332167016562 0.8660866 0.266519093927322 0.190546233611506 0.0330033 0.107340294571371 1.51808678916368
42.4065130704475 49.5367744793974 0.90009 -0.314270694423044 -0.29644222225874 0.0340034 0.186644060510843 2.75425390944708
42.5412822878229 49.4178966789668 0.9330933 0.134769217375386 -0.118877800430639 0.0330033 0.0322946733872007 2.65837521278948
42.5685101114321 49.7208006603384 0.9660966 0.0272278236092305 0.302903981371635 0.0330033000000001 0.0924921763092833 2.01978097180735
42.7860380779692 48.9653218495014 1.0001 0.217527966537062 -0.755478810837069 0.0340034 0.618066649849541 3.32761004803598
43.0151515151515 48.7937373737374 1.0331033 0.229113437182342 -0.171584475763986 0.0330033000000001 0.0819341994207087 3.50187573519841
43.4794630872483 48.3903355704698 1.0661066 0.464311572096804 -0.40340180326757 0.0330032999999998 0.378318250862533 4.59121836369813
44.1342497806376 48.3579994150336 1.0991099 0.654786693389291 -0.0323361554361625 0.0330033000000001 0.429791240788072 4.80926816720761
44.4684684684685 47 1.1331133 0.334218687830855 -1.35799941503364 0.0340034 1.95586454252708 12.8867384930922
16
52.7954545454545 47.4318181818182 0 0 0 0 0 0
52.8676902972885 48.4171839268213 0.0340034 0.0722357518339223 0.985365745003122 0.0340034 0.97616365526857 0.97616365526857
51.2239367707941 47.2235604064735 0.0670067 -1.64375352649434 -1.19362352034783 0.0330033 4.12666276419015 2.51303941706517
50.9765359678913 46.7480703920963 0.10001 -0.247400802902803 -0.475490014377144 0.0330033 0.287297911049328 3.77597583175415
51.327876984127 47.5823412698413 0.1340134 0.351341016235658 0.834270877744949 0.0340034 0.819448407142832 2.17644109854017
51.195132942767 47.5515998197386 0.1670167 -0.13274404135997 -0.0307414501026528 0.0330033 0.0185660172709914 2.57537687281131
51.7058823529412 47.4117647058824 0.20002 0.510749410174164 -0.139835113856265 0.0330033 0.280418819060451 1.18756970459551
51.6304347826087 46.8913043478261 0.2340234 -0.0754475703324786 -0.520460358056269 0.0340034 0.276571320177134 1.64942625255824
51.6975329503211 46.3443730990199 0.2670267 0.0670981677123592 -0.546931248806146 0.0330033 0.303635955031006 2.38796863716254
52.3398058252427 46.7428982380439 0.30003 0.642272874921666 0.398525139023931 0.0330033 0.571336732294186 0.682226445160672
53.0829523187459 47.4330502939255 0.3340334 0.743146493503197 0.690152055881669 0.0340034 1.02857657104379 0.0826564877477414
53.3176593521421 46.9926854754441 0.3670367 0.234707033396191 -0.440364818481441 0.0330033 0.249008564881834 0.465535393935019
53.9101694915254 46.6927966101695 0.40004 0.592510139383315 -0.299888865274603 0.0330033 0.441001596787724 1.78874229435589
53.1272273699216 47.3182466143977 0.4330433 -0.782942121603824 0.625450004228227 0.0330033 1.00418607357059 0.122971707981185
52.4530672579453 47.5469327420547 0.4670467 -0.674160111976292 0.228686127656971 0.0340034 0.506789201562627 0.130480416626381
52.4940036900369 46.4584870848708 0.50005 0.0409364320915913 -1.08844565718385 0.0330033 1.18638974011477 1.03824604251673
25
43.8543247344461 49.6934749620637 0 0 0 0 0 0
43.555608365019 50.0099809885932 0.0330033 -0.298716369427119 0.316506026529424 0.0330033 0.189407534193164 0.189407534193164
43.6808300395257 50.395256916996 0.0660066 0.125221674506683 0.385275928402891 0.0330033 0.164118008772967 0.522598321434157
43.4245591116917 50.1247550620509 0.10001 -0.256270927833988 -0.270501854945103 0.0340034 0.138846041981634 0.370701015146478
43.3554294557648 49.3417590920815 0.1330133 -0.0691296559269432 -0.782995969969441 0.0330033 0.617861598316964 0.372600552287915
43.2947813822285 48.2877291960508 0.1660166 -0.0606480735362709 -1.05402989603073 0.0330033 1.11465721055021 2.2892099216743
43.974427100631 48.4324144802391 0.20002 0.679645718402526 0.144685284188348 0.0340034 0.482852134003548 1.60469811718292
44.3074141048825 47.3851717902351 0.2330233 0.332987004251443 -1.04724269000404 0.0330033 1.20759759676725 5.53355351067659
44.7983415001885 47.2687523558236 0.2660266 0.490927395306002 -0.11641943441149 0.0330033 0.254563192170627 6.77044737121458
45.6298370672098 46.8826374745418 0.30003 0.831495567021314 -0.386114881281841 0.0340034 0.840469579523387 11.0532514250547
45.9717230443975 46.5782241014799 0.3330333 0.341885977187687 -0.304413373061834 0.0330033 0.209553523096463 14.188163527353
46.3226919758412 47.5043140638481 0.3660366 0.350968931443781 0.926089962368224 0.0330033 0.980821809237967 10.8852622766686
45.8181818181818 47.5681818181818 0.3990399 -0.504510157659425 0.0638677543336783 0.0330033 0.258609589225165 8.37360559277031
46.1751891767943 46.8362760834671 0.4330433 0.357007358612492 -0.731905734714722 0.0340034 0.663140258611766 13.54999719161
46.3652468903129 47.5382585751979 0.4660466 0.190057713518542 0.701982491730789 0.0330033 0.528901353164463 10.9496877470375
45.9053364269142 46.8696055684455 0.4990499 -0.4599104633987 -0.668653006752407 0.0330033 0.658614477782642 12.1808873148545
45.8879151291513 46.6353782287823 0.5330533 -0.0174212977628656 -0.234227339663192 0.0340034 0.0551659482614389 13.4874455235437
45.9653691275168 46.8354362416107 0.5660566 0.0774539983654918 0.20005801282845 0.0330033000000001 0.0460223303596698 12.6248937571236
46.6711254612546 47.4704797047971 0.5990599 0.705756333737831 0.635043463186314 0.0330033 0.901372202746732 12.8760742483789
46.5259900990099 47.5259900990099 0.6330633 -0.145135362244709 0.0555103942128525 0.0340034 0.0241456772395691 11.8357864517771
46.714328358209 48.3432835820896 0.6660666 0.18833825919905 0.817293483079652 0.0330033 0.703439937362598 10.002637490493
46.7358490566038 47.5471698113208 0.6990699 0.0215206983948235 -0.796113770768798 0.0330033000000001 0.634260276467116 12.9098082192919
45.0542253521127 46.7422535211268 0.7330733 -1.6816237044911 -0.804916290193994 0.0340033999999999 3.47574851772604 10.1494694857226
45.6109839816934 46.3295194508009 0.7660766 0.556758629580692 -0.412734070325847 0.0330033000000001 0.480329584420311 14.4020483926947
45.9387755102041 45.3061224489796 0.7990799 0.327791528510716 -1.02339700182132 0.0330033 1.15478870950026 23.5937971106236
12
52.5373091328147 49.1763180639585 0 0 0 0 0 0
52.8154408405665 49.5824577432618 0.0330033 0.278131707751719 0.406139679303251 0.0330033 0.242306685961435 0.242306685961435
52.8901576943991 50.2604676454595 0.0660066 0.0747168538326619 0.678009902197729 0.0330033 0.465280035724826 1.29988242248092
53.0669897377423 50.2306157354618 0.0990099 0.176832043343175 -0.0298519099976886 0.0330033 0.0321607080834328 1.39210512337369
53.023102310231 50.4328932893289 0.1330133 -0.0438874275112795 0.202277553867127 0.0340034 0.0428423150920262 1.81497630823892
53.5223106191629 50.5887236250432 0.1660166 0.499208308931898 0.155830335714306 0.0330033 0.273492029235479 2.96511739709117
54.008024691358 49.4493827160494 0.1990199 0.485714072195101 -1.13934090899385 0.0330033 1.53401586683528 2.23756855836277
53.7777777777778 49.8611111111111 0.2330233 -0.230246913580245 0.411728395061729 0.0340034 0.222533912513336 2.00770397656496
53.8566629339306 49.7995520716685 0.2660266 0.0788851561527935 -0.061559039442578 0.0330033 0.0100123831983435 2.12911508088507
52.4536817102138 50 0.2990299 -1.40298122371679 0.200447928331464 0.0330033 2.00853568607425 0.685445477571936
52.6441213653603 49.5322376738306 0.3330333 0.190439655146527 -0.467762326169407 0.0340034 0.255068856035742 0.138087621712861
53.5535339398181 49.6431070678796 0.3660366 0.909412574457747 0.11086939404904 0.0330033 0.839323253118668 1.25060483255058
22
44.9135802469136 46.4320987654321 0 0 0 0 0 0
45.0283346698744 46.5455760491847 0.0330033 0.114754422960786 0.113477283752609 0.0330033 0.026045671516933 0.026045671516933
45.6392251815981 46.5738498789346 0.0660066 0.610890511723696 0.0282738297499137 0.0330033 0.373986626762766 0.546653949412451
45.6283839212469 46.552091878589 0.0990099 -0.0108412603511425 -0.0217580003456135 0.0330033 0.000590943505040971 0.525342640045529
45.5917826375083 46.5984095427435 0.1330133 -0.0366012837386407 0.0463176641545289 0.0340034 0.00348497998404821 0.487617757258299
46.2699443413729 46.6836734693878 0.1660166 0.678161703864632 0.0852639266442168 0.0330033 0.467173233775371 1.90301338840885
46.4511568123393 46.6558483290488 0.1990199 0.181212470966422 -0.027825140338912 0.0330033 0.0336121980686364 2.41420556176513
46.7105263157895 46.6842105263158 0.2330233 0.259369503450138 0.0283621972669437 0.0340034 0.0680769535537802 3.29257551442439
47.6293819188192 46.5468173431734 0.2660266 0.918855603029712 -0.137393183142358 0.0330033 0.863172505993085 7.38873907320426
47.3610188261351 46.4629014396456 0.2990299 -0.268363092684076 -0.083915903527803 0.0330033 0.0790606283798497 5.99090440380059
46.9670215528434 46.7748636717736 0.3330333 -0.393997273291689 0.311962232127939 0.0340034 0.252554285635532 4.33410897791811
46.8301282051282 46.6037968441815 0.3660366 -0.136893347715215 -0.171066827592107 0.0330033 0.0480036481511064 3.70263630638286
45.8682519280206 46.6474935732648 0.3990399 -0.961876277107642 0.0436967290833223 0.0330033 0.927115376595038 0.957792941948905
45 47.4893526405451 0.4330433 -0.868251928020563 0.84185906728036 0.0340034 1.46258809967358 1.12525413016506
44.8327526132404 46.9250871080139 0.4660466 -0.167247386759584 -0.564265532531202 0.0330033 0.346367279580631 0.249570612286792
45.8355517389437 46.7868183769858 0.4990499 1.00279912570333 -0.138268731028113 0.0330033 1.02472432849149 0.975857434937158
46.1360362763404 46.394505201387 0.5330533 0.300484537396606 -0.392313175598794 0.0340034 0.244200584962863 1.49581201993948
47.4200606585789 46.519280762565 0.5660566 1.2840243822385 0.124775561177955 0.0330033000000001 1.66428755485023 6.29004475468579
46.260989010989 46.3631368631369 0.5990599 -1.15907164758984 -0.156143899428123 0.0330033 1.36782800157525 1.82026612147546
46.0334928229665 45.4916267942584 0.6330633 -0.227496188022506 -0.871510068878493 0.0340034 0.811284315721367 2.1386917065649
46.13813459268 46.5362455726092 0.6660666 0.104641769713538 1.04461877835084 0.0330033 1.10217829205198 1.51037990318072
45.5806451612903 46.1573504063039 0.6990699 -0.557489431389726 -0.378895166305348 0.0330033000000001 0.454356013160797 0.520462260836104
12
47.7775153519131 46.2170524326878 0 0 0 0 0 0
47.919097538742 46.2967183226983 0.0670067 0.141582186828941 0.0796658900105029 0.0670067 0.0263921696584308 0.0263921696584308
48.7292307692308 46.1026373626374 0.10001 0.810133230488745 -0.194080960060909 0.0330033 0.693983270200294 0.918853043814817
49.968497232865 46.3756917837378 0.1340134 1.23926646363428 0.273054421100404 0.0340034 1.61034008477109 4.82556804636138
54.0562130177515 47.4718934911243 0.20002 4.08771578488643 1.0962017073865 0.0660066 17.9110785212868 40.9966704609426
54.214552238806 47.5951492537313 0.2670267 0.15833922105449 0.12325576260708 0.0670067 0.0402632919399955 43.3345947313901
54.0344827586207 47.5172413793103 0.30003 -0.180069480185281 -0.0779078744210011 0.0330033 0.0384946545909959 40.8401324255209
52.5744773519164 47.7038327526132 0.40004 -1.46000540670431 0.186591373302896 0.10001 2.16643212819688 25.2213601491933
54 47.4705882352941 0.4330433 1.42552264808362 -0.233244517319122 0.0330033 2.08651782505877 40.2906672040933
54.1732243229433 48.5109862033725 0.50005 0.173224322943284 1.04039796807839 0.0670067 1.11243459804081 46.1672253864041
54.3791238507301 48.3677663601947 0.5330533 0.205899527786841 -0.14321984317781 0.0330033 0.0629065390227205 48.2068051696257
54.516952884192 48.2694848084544 0.5670567 0.137829033461863 -0.0982815517402784 0.0340034 0.0286561058775083 49.6324969085847
12
41.2836311357568 64.5282398849866 0 0 0 0 0 0
41.9174277016743 64.4611872146119 0.0340034 0.63379656591745 -0.0670526703747782 0.0340034 0.406194147573141 0.406194147573141
41.2625520450649 64.3431300514328 0.0670067 -0.654875656609377 -0.118057163179103 0.0330033 0.44279961939746 0.0347099785427439
41.1236641221374 64.4804071246819 0.10001 -0.138887922927495 0.137277073249166 0.0330033 0.0381348499749706 0.0278774184046846
43.1928127159641 63.2646855563234 0.1330133 2.06914859382666 -1.2157215683585 0.0330033 5.75935483510691 5.24154384768617
42.5640636846096 63.5799848369977 0.1670167 -0.628749031354516 0.315299280674296 0.0340034 0.494738980822971 2.53869514819795
41.6689714779602 64.457216940363 0.20002 -0.895092206649309 0.877232103365287 0.0330033 1.57072622157902 0.153531437992456
41.2668918918919 64.4640663390663 0.2330233 -0.402079586068346 0.00684939870332357 0.0330033 0.16171490779549 0.00439844628115607
41.2004179728318 64.5686520376176 0.2670267 -0.0664739190601296 0.104585698551219 0.0340034 0.0153569502566591 0.00855757256425672
41.1621374045802 64.0909923664122 0.30003 -0.038280568251615 -0.477659671205345 0.0330033 0.229624163401665 0.205946119214734
42.0435958093951 64.2024332544779 0.3330333 0.881458404814914 0.111440888065658 0.0330033 0.789387990951716 0.683696265661556
41.0148786217698 65.5144870790916 0.3670367 -1.02871718762529 1.31205382461376 0.0340034 2.77974429079927 1.0449114416543
22
50.5846019247594 46.6204724409449 0 0 0 0 0 0
50.8593833541258 46.4362858670469 0.0330033 0.274781429366421 -0.18418657389801 0.0330033 0.10942952792894 0.10942952792894
51.0095841934533 46.1570333235034 0.0660066 0.150200839327432 -0.279252543543478 0.0330033 0.100542275210167 0.39538574427912
48.6719714964371 44.6365795724466 0.10001 -2.3376126970162 -1.52045375105683 0.0340034 7.77621273035417 7.59398606902305
48.2614225153085 44.5923221855864 0.1330133 -0.410548981128528 -0.0442573868601244 0.0330033 0.170509182197359 9.51055602680708
48.1709677419355 44.6110215053763 0.1660166 -0.0904547733730396 0.0186993197899099 0.0330033 0.00853173058657328 9.86352303095336
47.0970024979184 45.5308076602831 0.20002 -1.07396524401708 0.919786154906753 0.0340034 1.99940791611482 13.3507190963164
47.3272195640617 44.7514619883041 0.2330233 0.230217066143268 -0.779345671979002 0.0330033 0.660379573976015 14.1037399158653
47.7452364149612 44.5248176899553 0.2660266 0.418016850899512 -0.226644298348788 0.0330033 0.226105725609959 12.4537653335769
48.4631860776439 44.6926372155288 0.30003 0.717949662682727 0.167819525573478 0.0340034 0.543615111309949 8.21695385274788
48.799053715558 44.6331756192597 0.3330333 0.33586763791412 -0.0594615962691094 0.0330033 0.116342751628881 7.13753106486235
49.0351262349067 44.5900109769484 0.3660366 0.236072519348667 -0.0431646423112682 0.0330033 0.0575934207374866 6.52364867021922
49.2965194109772 44.5689424364123 0.40004 0.261393176070541 -0.021068540536092 0.0340034 0.0687702758965659 5.86793192180877
49.8084650415216 44.452986873828 0.4330433 0.511945630544325 -0.115955562584297 0.0330033 0.275534021127667 5.30038214518206
48.8976480836237 45.5474738675958 0.4660466 -0.910816957897872 1.0944869937678 0.0330033 2.02748931032121 3.99713920053165
49.3890814558059 44.8630849220104 0.4990499 0.4914333721822 -0.684388945585418 0.0330033 0.70989498813389 4.51768008339351
50.1221957040573 45.5828162291169 0.5330533 0.733114248251383 0.719731307106542 0.0340034 1.05546965541848 1.29054992688913
50.7364199781261 45.1235873131608 0.5660566 0.61422427406886 -0.459228915956167 0.0330033000000001 0.588162656105695 2.2637138071093
51.0363558597092 45.4272882805817 0.5990599 0.299935881583018 0.303700967420916 0.0330033 0.182195810673382 1.62777005828419
50.0551517742625 45.4997862334331 0.6330633 -0.981204085446649 0.0724979528513998 0.0340034 0.968017410464838 1.53625503756834
49.9914059814369 46.6318322447576 0.6660666 -0.0637457928255856 1.13204601132455 0.0330033 1.2855916978588 0.352010472316917
47.9840612049729 46.7156518967166 0.6990699 -2.00734477646402 0.0838196519589616 0.0330033000000001 4.03645878565189 6.7718711640687
33
54.9476825842697 48.7162921348315 0 0 0 0 0 0
54.6728778467909 48.7422360248447 0.0330033 -0.274804737478775 0.0259438900132594 0.0330033 0.0761907291697983 0.0761907291697983
54.5936811168259 48.5466568699486 0.0660066 -0.0791967299650267 -0.195579154896151 0.0330033 0.0445233278670461 0.154093162044254
54.2939142461964 48.4336099585062 0.10001 -0.299766870629462 -0.113046911442346 0.0340034 0.102639780913634 0.50732225267905
54.7519455252918 48.5583657587549 0.1330133 0.45803127909543 0.124755800248643 0.0330033 0.225356662325475 0.0632537365179781
54.4330250990753 49.4829590488771 0.1660166 -0.318920426216536 0.924593290122282 0.0330033 0.956582990397283 0.852650484158928
54.8460539136083 48.7810977590127 0.20002 0.413028814533021 -0.701861289864482 0.0340034 0.663202071844787 0.0145281556259083
55.0603094411115 48.7113988001263 0.2330233 0.214255527503148 -0.069698958886363 0.0330033 0.0507633759354953 0.0127087536066
55.3037726604606 49.3708966193043 0.2660266 0.243463219349096 0.659497819177957 0.0330033 0.494211712676308 0.555307173453536
54.9805680119581 49.4358317317959 0.30003 -0.323204648502411 0.0649351124915967 0.0340034 0.108677813647864 0.518818682953939
55.2726323119777 50.4341922005571 0.3330333 0.292064300019568 0.998360468761248 0.0330033 1.0820251809311 3.05677296135771
54.6846113445378 50.3681722689076 0.3660366 -0.588020967439903 -0.0660199316495422 0.0330033 0.350127289523969 2.79791445452933
54.4974564926372 50.3855421686747 0.3990399 -0.187154851900601 0.0173698997671323 0.0330033 0.0353286520078562 2.98909920907227
54.6165803108808 50.4172508381591 0.4330433 0.119123818243615 0.0317086694844022 0.0340034 0.0151959237934089 3.00288922586929
55.5288718929254 50.0891013384321 0.4660466 0.912291582044602 -0.328149499726976 0.0330033 0.939958024840508 2.22238612198645
54.7695143104944 48.6637033824805 0.4990499 -0.759357582431065 -1.42539795595164 0.0330033 2.60838327082666 0.0345095106539023
55.5 48.4114554510238 0.5330533 0.730485689505635 -0.252247931456687 0.0340034 0.5972383614967 0.397979931513891
54.9814490724536 48.8484424221211 0.5660566 -0.518550927546379 0.436986971097305 0.0330033000000001 0.459852677368006 0.0186038741550118
55.2213740458015 48.4600971547536 0.5990599 0.239924973347904 -0.388345267367463 0.0330033 0.208376039522698 0.140542883932522
55.7142857142857 47.4285714285714 0.6990699 0.49291166848419 -1.03152572618221 0.10001 1.3070072367036 2.24590497628124
55.0386965376782 47.4806517311609 0.7330733 -0.67558917660751 0.0520803025894665 0.0340033999999999 0.459133093467023 1.53509074689821
52.9240129799892 47.4826933477555 0.7660766 -2.11468355768902 0.00204161659464575 0.0330033000000001 4.47189071735861 5.61700463476389
52.5439119468012 47.4443934877322 0.7990799 -0.380101033187991 -0.0382998600233719 0.0330033 0.145943674708388 7.39583944604858
52.0337003670337 46.8635301968635 0.8320832 -0.510211579767493 -0.580863290868642 0.0330033 0.597718018807589 11.9240191611501
52.2394205729167 46.4637044270833 0.8660866 0.205720205882962 -0.399825769780193 0.0340034 0.202181449288852 12.4088345032358
52.5968183373247 46.4946972288744 0.8990899 0.357397764407999 0.0309928017911076 0.0330033000000001 0.128693715766698 10.4620466337385
52.808925844222 46.4763278465977 0.9320932 0.212107506897297 -0.0183693822767879 0.0330033 0.0453270286874177 9.59172040566227
53.0873626373626 46.0884615384615 0.9660966 0.278436793140678 -0.387866308136118 0.0340034 0.227967320761607 10.3662839480781
52.2112286411717 46.1591537835639 0.9990999 -0.876133996190951 0.070692245102336 0.0330033 0.772608172799135 14.02713673022
50.8652081863091 45.4100211714891 1.0321032 -1.34602045486258 -0.74913261207481 0.0330033 2.3729707353825 27.5980248930445
49.6199954761366 44.9036417100204 1.0661066 -1.24521271017248 -0.506379461468704 0.0340034 1.80697485257243 42.9205531839793
50.1788840262582 44.7673231218089 1.0991099 0.55888855012158 -0.136318588211459 0.0330033000000001 0.330939168948967 38.3357959527046
51.9312267657993 46.0302467049679 1.1321132 1.75234273954106 1.26292358315899 0.0330033000000001 4.66568105372141 16.3138457560749
11
55.281724644782 47.5830475257227 0 0 0 0 0 0
55.021021021021 47.4894894894895 0.0340034 -0.260703623760946 -0.0935580362331976 0.0340034 0.0767194855859014 0.0767194855859014
54.5290456431535 47.6618257261411 0.0670067 -0.49197537786749 0.172336236651596 0.0330033 0.271739550891095 0.572731684353541
54.7060518731988 47.5878962536023 0.1340134 0.177006230045315 -0.0739294725387794 0.0670067 0.036796772384717 0.331422650104244
54.8223724646589 47.5298094652735 0.1670167 0.116320591460038 -0.0580867883287937 0.0330033 0.0169045549759672 0.21383871646422
55 47.25 0.20002 0.177627535341117 -0.279809465273509 0.0330033 0.109844878168007 0.190289429867527
54.0758122743682 47.4620938628159 0.2670267 -0.924187725631768 0.212093862815884 0.0670067 0.899106758852583 1.46885443368744
54.658154859967 48.3179571663921 0.3330333 0.582342585598816 0.855863303576207 0.0660066 1.07162488141029 0.928931456482961
54.1919278660369 48.7393731215114 0.3670367 -0.466226993930121 0.421415955119286 0.0340034 0.394959017098218 2.52474590243914
54.4152148664344 48.4965156794425 0.40004 0.223287000397448 -0.242857442068868 0.0330033 0.108836821714723 1.5852632638323
54.4994703389831 47.4867584745763 0.4330433 0.0842554725486764 -1.00975720486624 0.0330033 1.02670859743368 0.621193380311619
79
54.7226490066225 48.357880794702 0 0 0 0 0 0
54.5180309101317 48.4453348597596 0.0330033 -0.204618096490861 0.0874540650576066 0.0330033 0.0495167789066436 0.0495167789066436
55.4092022869589 48.367819221345 0.0660066 0.891171376827231 -0.0775156384146385 0.0330033 0.800195097074971 0.471454179064767
55.1230719794344 48.2130462724936 0.10001 -0.286130307524438 -0.154772948851381 0.0340034 0.105825218580182 0.181315595978884
55.3033419023136 48.3685732647815 0.1330133 0.180269922879177 0.155526992287918 0.0330033 0.0566858904249903 0.337318568022525
54.9069524307371 47.4866701515944 0.1660166 -0.396389471576562 -0.881903113187136 0.0330033 0.934877714225908 0.792975736804358
54.6235230934479 46.5206766917293 0.20002 -0.283429337289157 -0.965993459865032 0.0340034 1.01347555373819 3.38514486264229
53.0950792326939 45.5212677231026 0.2330233 -1.528443860754 -0.999408968626739 0.0330033 3.33495892204814 10.6953570869746
53.0408163265306 45.4897959183673 0.2660266 -0.0542629061633022 -0.0314718047352329 0.0330033 0.00393493747857997 11.0544720216846
53.4837758112094 45.4193004635483 0.30003 0.442959484678831 -0.0704954548190955 0.0340034 0.201182714217086 10.1700611569566
53.9107358262967 45.4487334137515 0.3330333 0.426960015087303 0.0294329502032511 0.0330033 0.183161153041017 9.12234149647774
54.1243131868132 46.5182005494505 0.3660366 0.213577360516446 1.06946713569904 0.0330033 1.18937524326549 3.74242915803529
54.7688564476886 46.5915112192484 0.3990399 0.644543260875373 0.0733106697978982 0.0330033 0.420810469446076 3.12219660469778
54.3353413654619 46.57917383821 0.4330433 -0.433515082226712 -0.0123373810384635 0.0340034 0.188087537488921 3.31380564597448
54.5773358585859 46.6912878787879 0.4660466 0.241994493124011 0.112114040577893 0.0330033 0.0711308927970485 2.79864785836741
54.7368171021378 47.4646080760095 0.4990499 0.159481243551909 0.773320197221629 0.0330033 0.623458394475763 0.798136884890783
54.2134874759152 46.8273603082852 0.5330533 -0.523329626222548 -0.63724776772434 0.0340034 0.679958615151885 2.60173842369377
54.7963456414161 48.3498287019414 0.5660566 0.582858165500845 1.52246839365621 0.0330033000000001 2.65763365077314 0.0054960301777192
54.4191409628135 46.8157970596714 0.5990599 -0.377204678602574 -1.53403164227 0.0330033 2.49553644904527 2.47013937850273
54.4229445506692 46.5116634799235 0.6330633 0.00380358785572099 -0.304133579747855 0.0340034 0.0925117016108212 3.49834113430607
54.1507731958763 46.6572164948454 0.6660666 -0.272171354792924 0.145553014921838 0.0330033 0.0952629265226524 3.21930100372348
54.3551349846925 46.5738936821598 0.6990699 0.204361788816165 -0.0833228126856014 0.0330033000000001 0.0487064318419826 3.31767657403197
54.374102500619 46.5736568457539 0.7330733 0.0189675159265121 -0.000236836405854035 0.0340033999999999 0.000359822751905629 3.30493976684717
54.3510924872793 46.5267883867106 0.7660766 -0.0230100133397073 -0.0468684590433384 0.0330033000000001 0.00272611316699059 3.49095365367029
55.0225943646996 48.3955342902711 0.7990799 0.671501877420368 1.86874590356057 0.0330033 3.94312602345347 0.0913850035605816
54.8737584945112 48.5865133298484 0.8320832 -0.148835870188393 0.190979039577279 0.0330033 0.0586251098125958 0.0751069134574715
54.9166861143524 48.4044340723454 0.8660866 0.0429276198411586 -0.18207925750302 0.0340034 0.034995636558078 0.0398176068355196
54.6646433990895 48.3616590794133 0.8990899 -0.252042715262867 -0.0427749929321379 0.0330033000000001 0.0653552303374231 0.00337892594063073
54.0874751491054 47.3552967906845 0.9320932 -0.577168249984162 -1.00636228872879 0.0330033 1.34588824496522 1.40862051438502
53.7375296912114 46.6559778305622 0.9660966 -0.349945457893966 -0.699318960122312 0.0340034 0.61150883148717 3.86693376494402
53.2126556016597 46.2572614107884 0.9990999 -0.524874089551652 -0.39871641977377 0.0330033 0.434467593279889 6.69268187910463
53.6359857482185 46.4848574821853 1.0321032 0.423330146558783 0.227596071396896 0.0330033 0.231008384700781 4.68905336639623
53.8193181818182 46.4349431818182 1.0661066 0.183332433599652 -0.0499143003670923 0.0340034 0.0361022185907072 4.51369564208493
53.81875 46.5653409090909 1.0991099 -0.000568181818181301 0.130397727272722 0.0330033000000001 0.0170038901084698 4.03023265567975
54.3751701606316 46.5760958344677 1.1321132 0.556420160631632 0.0107549253768298 0.0330033000000001 0.309719063577192 3.29549919292812
54.2721856381311 46.6958294136093 1.1651165 -0.102984522500556 0.119733579141545 0.0330032999999998 0.0249419418487122 2.96533203974481
54.7778100493755 48.2297415045019 1.1991199 0.505624411244469 1.53391209089261 0.0340034 2.60854234783284 0.0194624183305858
54.8743439333128 48.2124112380364 1.2321232 0.0965338839372052 -0.0173302664654571 0.0330033000000001 0.00961912888376555 0.0441727427000277
55.4042257436753 48.3686405337781 1.2651265 0.529881810362532 0.156229295741717 0.0330033000000001 0.305182325801028 0.464662620476481
55.6233766233766 48.8181818181818 1.2991299 0.219150879701338 0.449541284403672 0.0340033999999998 0.250114474457174 1.02318727180011
55.5734265734266 48.6368631368631 1.3321332 -0.0499500499500485 -0.181318681318686 0.0330033000000001 0.0353714716851595 0.80165361541475
55.1322626358054 48.4156825696741 1.3651365 -0.441163937621191 -0.221180567189066 0.0330033000000001 0.243546463159511 0.171124370402281
55.3411598966894 47.5689128903499 1.3991399 0.20889726088398 -0.846769679324218 0.0340034 0.760656955427669 1.00502607522908
55.5884315906563 48.4538375973304 1.4321432 0.247271693966923 0.88492470698052 0.0330032999999998 0.844235027661831 0.758787190786849
55.6 48.4857142857143 1.4651465 0.0115684093437167 0.0318766883839174 0.0330033000000001 0.00114995135706917 0.786086167004849
55.4337386018237 48.558358662614 1.4991499 -0.166261398176296 0.0726443768996958 0.0340034 0.0329200580186819 0.545839787925929
55.6829268292683 48.4878048780488 1.5321532 0.249188227444584 -0.070553784565206 0.0330033000000001 0.0670726092134473 0.939013764098808
55.7905386929177 47.6915504511895 1.5651565 0.107611863649403 -0.796254426859278 0.0330032999999998 0.645601425491095 1.58438450878107
56.0849358974359 48.4375 1.5991599 0.294397204518205 0.745949548810501 0.0340034 0.643110443398723 1.86216479073427
56.0816130580893 48.4438310129621 1.6321632 -0.00332283934660182 0.00633101296207172 0.0330033000000001 5.11229864492454E-05 1.85417073319796
55.9272392960336 48.358024691358 1.6651665 -0.154373762055677 -0.0858063216040463 0.0330033000000001 0.0311939832384398 1.45103778604977
56 48.4940476190476 1.6991699 0.0727607039663809 0.136022927689595 0.0340034 0.0237963568989321 1.65016696433482
55.7177489177489 48.4727272727273 1.7321732 -0.282251082251079 -0.0213203463203442 0.0330032999999998 0.0801202305991249 1.00341354663859
56.0814700591108 47.3225391930095 1.7651765 0.36372114136185 -1.15018807971776 0.0330033000000001 1.45522568739841 2.91832688488042
55.5855772206747 46.6183844011142 1.7991799 -0.495892838436056 -0.704154791895306 0.0340034 0.74174367816129 3.7704928059122
56.1384550443225 47.5842127479949 1.8321832 0.552877823647783 0.965828346880727 0.0330033000000001 1.23849828351987 2.60306898288322
56.5348518111965 48.3553787047201 1.8651865 0.396396766873991 0.771165956725156 0.0330032999999998 0.751827329599978 3.28408526536004
56.3228476821192 48.9652317880795 1.8981898 -0.212004129077286 0.609853083359383 0.0330033000000001 0.416866534028765 2.92951103021797
56.4747320061256 48.5068912710567 1.9321932 0.151884324006375 -0.458340517022812 0.0340034 0.233144877423612 3.09199895921109
56.5152112676056 48.550985915493 1.9651965 0.0404792614800584 0.0440946444362993 0.0330033000000001 0.0035829082779346 3.2505690471766
56.9122645842903 48.054203031695 1.9981998 0.397053316684669 -0.496782883797962 0.0330032999999998 0.404444569924916 4.88663656171037
56.9160678355849 48.2040816326531 2.0322032 0.00380325129463444 0.149878600958068 0.0340034000000002 0.022478059745558 4.83474034149383
56.8436062557498 48.1398344066237 2.0652065 -0.0724615798351707 -0.0642472260293303 0.0330032999999998 0.00937838660467267 4.54600387997941
56.0506087371688 47.6302220100263 2.0982098 -0.792997518580997 -0.509612396597475 0.0330032999999998 0.888549859241441 2.29296435286823
55.9473955647241 47.3945332645694 2.1322132 -0.10321317244469 -0.235688745456891 0.0340034 0.0662021437011402 2.42804259539424
56.1580357142857 48.6142857142857 2.1652165 0.210640149561634 1.21975244971635 0.0330033000000003 1.53216531119637 2.12607848332294
55.8107170393215 50.1723207401696 2.1982198 -0.347318674964207 1.55803502588391 0.0330032999999998 2.54810340385997 4.47608435949007
55.004704775347 50.3147494707128 2.2312231 -0.80601226397453 0.142428730543152 0.0330032999999998 0.669941712961482 3.90889047182298
54.7673531655225 50.2974828375286 2.2652265 -0.237351609824479 -0.0172666331841711 0.0340034 0.0566339233077885 3.76405454636016
54.7997311827957 50.2341397849462 2.2982298 0.0323780172731958 -0.0633430525823684 0.0330033000000003 0.00506067831299605 3.52628946035598
54.936170212766 49.531914893617 2.3312331 0.136439029970262 -0.702224891329216 0.0330032999999998 0.511735406901555 1.42394737088819
54.4410492937446 50.3603343903142 2.3652365 -0.49512091902136 0.828419496697194 0.0340034 0.931423586960588 4.08911880087328
54.4552119859739 50.1791520561046 2.3982398 0.014162692229263 -0.181182334209659 0.0330032999999998 0.0330276200808413 3.38855156762435
53.8102168102168 50.4247104247104 2.4312431 -0.644995175757053 0.24555836860587 0.0330033000000003 0.476317689142248 5.10431723251858
54.2321428571429 50.125 2.4652465 0.421926046926046 -0.299710424710426 0.0340033999999996 0.267847927754744 3.36330656841046
53.9910104279036 48.4955052139518 2.4982498 -0.241132429239222 -1.62949478604818 0.0330033000000003 2.71339810618903 0.554235490643646
55.2810572687225 48.2022026431718 2.5312531 1.29004684081883 -0.293302570780007 0.0330032999999998 1.75024724953281 0.336055474045333
55.2276657060519 48.507204610951 2.5652565 -0.0533915626705905 0.305001967779198 0.0340034 0.0958768593135905 0.277339468801691
54.9093686354379 49.6491853360489 2.5982598 -0.318297070613994 1.14198072509787 0.0330032999999998 1.40543300165651 1.70233163828806
94
48.2339222614841 48.3229681978799 0 0 0 0 0 0
47.1865037194474 48.1609989373007 0.0340034 -1.0474185420367 -0.161969260579113 0.0340034 1.12331964357484 1.12331964357484
46.6106870229008 48.2036780013879 0.0670067 -0.575816696546632 0.0426790640871815 0.0330033 0.333386370533233 2.64912279075778
46.5627552409475 47.0204192757964 0.10001 -0.0479317819533094 -1.18325872559158 0.0330033 1.40239866740983 4.48943290495023
46.2518826278889 46.3313425084394 0.1340134 -0.310872613058592 -0.689076767356987 0.0340034 0.571468572861032 7.89505399598167
46.038954382368 46.4900051255766 0.1670167 -0.212928245520843 0.158662617137267 0.0330033 0.0705122638174312 8.17763761477863
46.4803972817564 47.4934657605855 0.20002 0.441442899388385 1.00346063500884 0.0330033 1.20180507943276 3.76292414800635
46.3838614831754 46.6419470761189 0.2340234 -0.0965357985809732 -0.851518684466548 0.0340034 0.734403230403307 6.24855689524249
46.6379310344828 48.2241379310345 0.2670267 0.254069551307332 1.58219085491557 0.0330033 2.56787923827996 2.55695541830995
46.5555555555556 47.5 0.30003 -0.0823754789272044 -0.724137931034484 0.0330033 0.531161462691389 3.49419145429104
46.7313575525813 48.4636711281071 0.3340334 0.175801997025708 0.963671128107073 0.0340034 0.959568385305386 2.27749801901477
47.0006700167504 48.5380234505863 0.3670367 0.269312464169154 0.0743523224791929 0.0330033 0.0780574712149117 1.56715986085727
47.8181818181818 49.4545454545455 0.40004 0.817511801431401 0.916522003959187 0.0330033 1.50833812922098 1.453307204
48.1670555296314 49.5949603359776 0.4340434 0.348873711449535 0.14041488143215 0.0340034 0.141429205468178 1.62243515921114
48.6923076923077 50.2564102564103 0.4670467 0.525252162676338 0.661449920432652 0.0330033 0.713405831636532 3.94831539688559
47.741935483871 49.5430107526882 0.50005 -0.950372208436725 -0.71339950372208 0.0330033 1.41214618647981 1.73055482488935
47.357861936721 50.3231064237776 0.5330533 -0.384073547149974 0.780095671089391 0.0330033 0.756061745672771 4.76803461532126
47.14374850012 50.2860571154308 0.5670567 -0.214113436601004 -0.037049308346802 0.0340034 0.0472172149820684 5.04219692817795
46.8214953271028 50.0003115264797 0.60006 -0.322253173017188 -0.285745588951016 0.0330033 0.185497649124609 4.8084304869643
46.2798714577856 48.3295354951797 0.6330633 -0.541623869317235 -1.67077603130008 0.0330033000000001 3.08484896258102 3.81835767282869
46.2186795491143 48.3768115942029 0.6670667 -0.0611919086712334 0.0472760990232288 0.0340034 0.0059794792256827 4.06410230108704
46.6449200618876 48.6449200618876 0.70007 0.426240512773234 0.268108467684669 0.0330033 0.253563125173411 2.62858099306064
46 48.4414522721808 0.7330733 -0.644920061887568 -0.203467789706757 0.0330033 0.457321027673217 5.00444714621717
45.2651434643996 48.5366631243358 0.7670767 -0.734856535600429 0.0952108521549988 0.0340034 0.549079234282745 8.85931306761165
44.8193193193193 48.5372872872873 0.80008 -0.445824145080252 0.000624162951474716 0.0330033000000001 0.198759557915927 11.7054459247248
44.8642991533396 48.5750235183443 0.8330833 0.0449798340202818 0.0377362310570248 0.0330033 0.00344720860288127 11.4178917755158
45.0933137398971 48.4944893460691 0.8670867 0.229014586557533 -0.0805341722752431 0.0340034 0.0589334337601761 9.89284139014079
44.8817453625632 48.6235244519393 0.90009 -0.211568377333897 0.129035105870223 0.0330033 0.0614112368346379 11.3274240235129
45.5740418118467 48.6855400696864 0.9330933 0.692296449283454 0.0620156177471216 0.0330033 0.483120310535035 7.20642236858859
45.3637463697967 48.3639883833495 0.9660966 -0.210295442049983 -0.321551686336946 0.0330033000000001 0.147619659933131 8.23959230483946
45.1916579770594 47.8031282586027 1.0001 -0.172088392737273 -0.560860124746753 0.0340034 0.344178494445841 9.52560553875356
45.1258223684211 46.796875 1.0331033 -0.0658356086383805 -1.00625325860271 0.0330033000000001 1.01687994781336 11.9892453938737
45.1367107942974 48.3052443991853 1.0661066 0.0108884258762956 1.50836939918533 0.0330032999999998 2.27529680221679 9.59303300551324
45.0155642023346 48.2750673451063 1.10011 -0.12114659196272 -0.0301770540790756 0.0340034 0.0155871513370733 10.3601230885888
44.8486932599725 48.3510316368638 1.1331133 -0.166870942362138 0.0759642917575647 0.0330033000000001 0.0336164850270564 11.4605629492829
44.9428071928072 48.5414585414585 1.1661166 0.094113932834702 0.190426904594716 0.0330032999999998 0.0451198383471399 10.8791764255093
44.925011327594 48.5201631173539 1.20012 -0.0177958652131736 -0.0212954241046646 0.0340034 0.000770187906482969 10.9877774046837
45.3894494090516 48.2205246468723 1.2331233 0.46443808145758 -0.299638470481575 0.0330033000000001 0.305485944500535 8.1015204893685
45.7300528217959 46.6452599388379 1.2661266 0.340603412744343 -1.57526470803438 0.0330033000000001 2.59746958515174 9.08406717346181
45.7272727272727 46.8939393939394 1.2991299 -0.00278009452321726 0.248679455101474 0.0330032999999998 0.061849200315124 8.3254152098536
46.3935185185185 46.6064814814815 1.3331333 0.666245791245792 -0.28745791245791 0.0340034 0.526515505787391 6.33341258469379
46.1519740400216 46.4002163331531 1.3661366 -0.241544478496884 -0.206265148328427 0.0330033000000001 0.10088904650728 8.03148313016111
46.4210526315789 47.4736842105263 1.3991399 0.26907859155731 1.07346787737326 0.0330033000000001 1.22473657218672 4.00777958620758
46.9166666666667 48.6833333333333 1.4331433 0.495614035087719 1.20964912280701 0.0340034 1.70888427208371 1.86502533292822
46.5880794701987 48.5001324503311 1.4661466 -0.328587196467986 -0.183200883002208 0.0330032999999998 0.141532109215479 2.74018566597279
45.936740262962 47.5058298189035 1.4991499 -0.651339207236632 -0.994302631427622 0.0330033000000001 1.41288048574754 5.94476026472987
45.5828278114792 47.4167055529631 1.5331533 -0.353912451482813 -0.089124265940363 0.0340034 0.133197158093983 7.84961376441804
46.2132775744903 48.5 1.5661566 0.630449763011093 1.08329444703686 0.0330033000000001 1.57099376266165 4.11434521003805
46.7097692064496 48.645589630098 1.5991599 0.496491631959245 0.145589630098009 0.0330032999999998 0.267700280997629 2.42712712369756
46.448229251149 48.6896458502298 1.6331633 -0.261539955300613 0.044056220131786 0.0340034 0.0703440987509469 3.32315202789262
46.4212871287129 50.3267326732673 1.6661666 -0.0269421224360897 1.63708682303754 0.0330033000000001 2.68077914412449 7.30071819738139
46.9672717974942 50.3968294553823 1.6991699 0.545984668781379 0.0700967821149234 0.0330033000000001 0.30301281740718 5.90530391329511
46.8528428093645 50.4361204013378 1.7331733 -0.114428988129703 0.0392909459555426 0.0340034 0.014637771758469 6.37279268804597
46.9888003982081 50.3598805375809 1.7661766 0.135957588843517 -0.0762398637569106 0.0330032999999998 0.0242969827898152 5.69934033403429
46.8546144121365 50.3496839443742 1.7991799 -0.134185986071529 -0.0101965932066719 0.0330033000000001 0.0181098493710109 6.01006686035996
46.8555068226121 50.3579434697856 1.8331833 0.000892410475550776 0.00825952541136132 0.0340034 6.90161564777962E-05 6.04115347938846
47.052474170745 50.2724306688418 1.8661866 0.196967348132887 -0.0855128009438104 0.0330032999999998 0.0461085753557576 5.19622351680002
47.6992619926199 50.3136531365314 1.8991899 0.646787821874952 0.0412224676896003 0.0330033000000001 0.420033778368165 4.24868812807586
47.1277307177887 50.4645563976817 1.9331933 -0.571531274831251 0.150903261150312 0.0340034 0.349419792336034 5.81005974887365
47.9680638722555 50.5501497005988 1.9661966 0.840333154466819 0.0855933029171254 0.0330033000000001 0.713486024000418 5.03101812917663
48.3555307885205 50.543048202842 1.9991999 0.387466916264991 -0.00710149775678559 0.0330032999999998 0.150181042470291 4.94354386228073
47.3692748091603 50.7175572519084 2.0322032 -0.98625597936018 0.17450904906638 0.0330033000000003 1.00315426502976 6.48167195448331
48.160307438924 50.4298654954708 2.0662066 0.791032629763663 -0.287691756437631 0.0340034 0.708499168072986 4.44443536469642
48.488894695584 50.6778155212961 2.0992099 0.328587256660043 0.24795002582529 0.0330032999999998 0.169448800546135 5.61031685875125
48.7265665458312 50.6980838943553 2.1322132 0.237671850247168 0.0202683730592028 0.0330032999999998 0.056898715346379 5.88387296254366
47.8330206378987 50.7134146341463 2.1662166 -0.893545907932491 0.0153307397910822 0.0340034 0.798659321165442 5.87495627645253
47.7180389397138 50.4571897724607 2.1992199 -0.11498169818487 -0.256224861685631 0.0330033000000003 0.0788719706632972 4.8210373310871
46.9895780376207 49.3998474834774 2.2322232 -0.728460902093069 -1.05734228898333 0.0330032999999998 1.64862800195075 2.70806154321111
47.1333174904943 49.4244296577947 2.2662266 0.143739452873554 0.0245821743172954 0.0340034 0.0212653136065545 2.42454820960318
47.184607517259 50.2935310662235 2.2992299 0.0512900267647112 0.869101408428797 0.0330032999999998 0.757967924978444 4.98417945054277
47.1842105263158 48.7631578947368 2.3322332 -0.000396990943222875 -1.53037317148663 0.0330032999999998 2.34204220160786 1.2956616961691
46.8240685984624 48.6416321703134 2.3652365 -0.360141927853341 -0.121525724423421 0.0330033000000003 0.144470709894559 2.0892340784627
46.2181818181818 47.5296442687747 2.3992399 -0.605886780280628 -1.11198790153872 0.0340034 1.60361588368731 4.69257239125531
46.2530413625304 46.5750202757502 2.4322432 0.034859544348592 -0.954623993024498 0.0330032999999998 0.912522155890228 6.97921107431694
45.6828874538745 46.5470479704797 2.4652465 -0.570153908655875 -0.0279723052705023 0.0330032999999998 0.325857929417718 9.66167124372457
45.4281661078153 46.6182615424297 2.4992499 -0.254721346059213 0.0712135719500111 0.0340034 0.0699543369680969 10.7782923749862
45.5857142857143 46.7142857142857 2.5322532 0.157548177898967 0.0960241718560013 0.0330033000000003 0.0340420699399154 9.60086481595344
45.6707345693499 46.4670265195963 2.5652565 0.0850202836356289 -0.247259194689377 0.0330032999999998 0.0683655579879221 10.014450658298
45.9487179487179 47.4871794871795 2.5992599 0.277983379368031 1.02015296758315 0.0340034 1.11798683647358 5.92070152001919
46.3768913342503 46.7713204951857 2.6322632 0.428173385532396 -0.715858991993791 0.0330032999999998 0.695786544496641 5.85617445797871
46.4476534296029 47.4739556472408 2.6652665 0.0707620953525421 0.702635152055144 0.0330033000000003 0.498703431042238 3.91157865089283
46.3716169326856 46.9909784871617 2.6992699 -0.0760364969172542 -0.482977160079152 0.0340034 0.23904848602157 5.24237772713022
46.2094792276185 47.5523698069046 2.7322732 -0.162137705067146 0.561391319742931 0.0330032999999998 0.341448849287151 4.69219147754062
46.8444444444444 47.4888888888889 2.7652765 0.634965216825954 -0.0634809180157347 0.0330032999999998 0.407210653530951 2.62633689773214
46.7443026435734 47.4302643573382 2.7992799 -0.100141800871057 -0.0586245315506915 0.0340034 0.0134652159812365 3.01588675298229
46.9874371859297 47.4874371859297 2.8322832 0.243134542356266 0.0571728285914546 0.0330033000000003 0.0623831380159388 2.25183711551051
47.8587786259542 48.3896599583623 2.8652865 0.871341440024551 0.902222772432602 0.0330032999999998 1.57324183620003 0.145180538194827
48.2857142857143 49.4285714285714 2.8982898 0.426935659760083 1.03891147020918 0.0330032999999998 1.26161110050698 1.2250409174895
47.4858583029964 50.3433211985438 2.9322932 -0.799855982717922 0.914749769972396 0.0340034 1.4765367347542 4.64142593328023
47.2430506058446 50.2183416488477 2.9652965 -0.242807697151747 -0.124979549696121 0.0330033000000003 0.0745754656383797 4.57426715658349
47.1368953525134 49.8710085361998 2.9982998 -0.106155253331181 -0.347333112647895 0.0330032999999998 0.131909228951483 3.59989692807147
47.2803541315346 49.3010118043845 3.0323032 0.143458779021138 -0.569996731815323 0.0340034 0.345476695558385 1.86586147468001
46.3840560893274 50.463515969878 3.0653065 -0.896298042207128 1.16250416549347 0.0330032999999998 2.15476611525399 8.00394961909551
45.8791312559018 49.4457034938621 3.0983098 -0.504924833425648 -1.01781247601582 0.0330033000000003 1.29089132374337 6.8055752248157
