x y time dx dy dt dr^2 TotalDisplacementSquared
14
6.69841358196493E-05 1.75814082939048E-05 0 0 0 0 0 0
6.69021889600277E-05 1.78061948433985E-05 0.1640164 -8.19468596216382E-08 2.24786549493697E-07 0.1640164 5.72442806351306E-14 5.72442806351306E-14
6.69277273686432E-05 1.79212914116902E-05 0.3280328 2.55384086154891E-08 1.15096568291719E-07 0.1640164 1.3899430347142E-14 1.18702447100448E-13
6.72467159277504E-05 1.80041735084839E-05 0.4920492 3.1898855910724E-07 8.28820967936217E-08 0.1640164 1.0862314281022E-13 2.4767873982844E-13
6.72800471327573E-05 1.81249672689186E-05 0.6550655 3.33312050068457E-08 1.20793760434712E-07 0.1630163 1.57021017871669E-14 3.8301986454326E-13
6.68389010302841E-05 1.83151732750546E-05 0.8190819 -4.41146102473155E-07 1.90206006136073E-07 0.1640164 2.30788208497491E-13 5.59504191603758E-13
6.68662062798092E-05 1.7987529809221E-05 0.9830983 2.73052495251136E-08 -3.27643465833649E-07 0.1640164 1.08095817355114E-13 1.78842061569603E-13
6.69139157273215E-05 1.81064814814815E-05 1.1471147 4.77094475123039E-08 1.18951672260494E-07 0.1640164 1.64256917154971E-14 2.80632713678446E-13
6.69738684671168E-05 1.79663665916479E-05 1.3111311 5.99527397952499E-08 -1.40114889833569E-07 0.1640164 2.32265133620302E-14 1.48298309529291E-13
6.70526054316626E-05 1.79024067122985E-05 1.4741474 7.87369645458398E-08 -6.39598793493903E-08 0.1630163 1.02903757522814E-14 1.07728072380511E-13
6.6975348763475E-05 1.8075776791376E-05 1.6381638 -7.72566681876583E-08 1.73370079077507E-07 0.1640164 3.60257770987991E-14 2.44477423648157E-13
6.69724675324675E-05 1.8108961038961E-05 1.8021802 -2.88123100742155E-09 3.31842475850088E-08 0.1640164 1.10949577990129E-15 2.78448047742113E-13
6.68930862437634E-05 1.82055416963649E-05 1.9661966 -7.93812887041696E-08 9.65806574038943E-08 0.1640164 1.56292123809031E-14 3.97832529335456E-13
6.70062962962963E-05 1.8181975308642E-05 2.130213 1.13210052532935E-07 -2.35663877229584E-08 0.1640164 1.33718906248187E-14 3.61171825915524E-13
14
3.02475570032573E-05 3.6807003257329E-05 0 0 0 0 0 0
3.05E-05 3.66617424242424E-05 0.3280328 2.52442996742673E-07 -1.45260833086567E-07 0.3280328 8.48281762334246E-14 8.48281762334246E-14
3.03196656050955E-05 3.66132563694267E-05 0.6550655 -1.8033439490446E-07 -4.8486054815676E-08 0.3270327 3.48713914971463E-14 4.27375070308664E-14
3.01290322580645E-05 3.68861290322581E-05 0.8190819 -1.90633347031024E-07 2.72872662831311E-07 0.1640164 1.10800563120901E-13 2.03090034811464E-14
2.98448338150289E-05 3.71479407514451E-05 0.9830983 -2.84198443035613E-07 2.61811719187023E-07 0.1640164 1.49314131327531E-13 2.78424341231027E-13
2.96605113636364E-05 3.709375E-05 1.1471147 -1.84322451392539E-07 -5.41907514450841E-08 0.1640164 3.69114036295379E-14 4.26846277430419E-13
2.94967948717949E-05 3.76264245014245E-05 1.310131 -1.63716491841491E-07 5.32674501424502E-07 0.1630163 3.10545214168727E-13 1.23509495331308E-12
2.96791930379747E-05 3.79347310126582E-05 1.4741474 1.82398166179812E-07 3.08306511233724E-07 0.1640164 1.28321995894869E-13 1.59480748717172E-12
2.97233025708635E-05 3.81044825313118E-05 1.6381638 4.41095328888608E-08 1.69751518653577E-07 0.1640164 3.07612289768691E-14 1.95829517629948E-12
2.90396294390118E-05 3.85560988162635E-05 2.1292129 -6.83673131851709E-07 4.51616284951704E-07 0.4910491 6.71366220049503E-13 4.51842427474848E-12
2.89022712731926E-05 3.8691298784389E-05 2.2932293 -1.37358165819258E-07 1.35199968125491E-07 0.1640164 3.71462970983645E-14 5.36036332881418E-12
2.88531073446328E-05 3.93095393307258E-05 2.7842784 -4.91639285598104E-08 6.18240546336771E-07 0.4910491 3.84638465006224E-13 8.2071766490903E-12
2.91849423917362E-05 3.9483214143822E-05 2.9482948 3.31835047103425E-07 1.73674813096241E-07 0.1640164 1.40277439190147E-13 8.29125452160195E-12
2.91375579598145E-05 3.925E-05 3.1123112 -4.73844319216639E-08 -2.33214143822011E-07 0.1640164 5.66341212671722E-14 7.20033096114507E-12
15
1.67675E-05 2.89720833333333E-05 0 0 0 0 0 0
1.67687292555714E-05 2.89317211948791E-05 0.1640164 1.22925557136355E-09 -4.03621384542454E-08 0.1640164 1.6306132898594E-15 1.6306132898594E-15
1.68363414066139E-05 2.90405798789008E-05 0.3280328 6.76121510425176E-08 1.08858684021705E-07 0.1640164 1.64216160555336E-14 9.43091601925275E-15
1.66942391899288E-05 2.88926518883415E-05 0.4910491 -1.42102216685036E-07 -1.4792799055925E-07 0.1630163 4.20757303776983E-14 1.16765007457656E-14
1.63689851767389E-05 2.8895724059293E-05 0.6550655 -3.25254013189962E-07 3.07217095150136E-09 0.1640164 1.05799611330531E-13 1.64644803090799E-13
1.6398114075437E-05 2.88296343146274E-05 0.8190819 2.91288986981009E-08 -6.60897446656285E-08 0.1640164 5.2163470893322E-15 1.56737684195553E-13
1.66422728854856E-05 2.86393143056039E-05 0.9830983 2.44158810048571E-07 -1.90320009023516E-07 0.1640164 9.58352303590454E-14 1.26417056025607E-13
1.67169511710996E-05 2.86648471615721E-05 1.1461146 7.46782856140875E-08 2.55328559681516E-08 0.1630163 6.2287730761496E-15 9.69492493417257E-14
1.66015785420945E-05 2.87867684804928E-05 1.310131 -1.15372629005186E-07 1.21921318920762E-07 0.1640164 2.81756515309466E-14 6.18715248768047E-14
1.67728095582911E-05 2.89035119478639E-05 1.4741474 1.71231016196639E-07 1.16743467371052E-07 0.1640164 4.29490980815496E-14 4.73022631444895E-15
1.67384615384615E-05 2.88981900452489E-05 1.6381638 -3.43480198295545E-08 -5.32190261499821E-09 0.1640164 1.20810911365499E-15 6.30345027245451E-15
1.63555702917772E-05 2.8690450928382E-05 1.8021802 -3.82891246684352E-07 -2.07739116866904E-07 0.1640164 1.89761247464138E-13 2.49002896035223E-13
1.66352030947776E-05 2.90215667311412E-05 1.9651965 2.79632803000375E-07 3.31115802759236E-07 0.1630163 1.8783217935074E-13 1.99510777900456E-14
1.68838383838384E-05 2.8972095959596E-05 2.1292129 2.48635289060822E-07 -4.94707715452378E-08 0.1640164 6.42668642036395E-14 1.35346197135501E-14
1.68775671406003E-05 2.88471563981043E-05 2.2932293 -6.27124323806782E-09 -1.24939561491697E-07 0.1640164 1.56492225174886E-14 2.77215145856583E-14
14
3.54896870554765E-05 2.63472617354196E-05 0 0 0 0 0 0
3.52460585585586E-05 2.63462837837838E-05 0.1640164 -2.43628496917971E-07 -9.77951635846352E-10 0.1640164 5.93558008999118E-14 5.93558008999118E-14
3.49665641813989E-05 2.66769792467333E-05 0.3270327 -2.79494377159637E-07 3.306954629495E-07 0.1630163 1.87476596079237E-13 3.82371178650085E-13
3.51610429447853E-05 2.68197852760736E-05 0.4910491 1.94478763386357E-07 1.42806029340338E-07 0.1640164 5.82155514242402E-14 3.31285447964227E-13
3.47024847428073E-05 2.69300348735833E-05 0.6550655 -4.58558201977958E-07 1.1024959750964E-07 0.1640164 2.22430598352295E-13 9.59312011636837E-13
3.469140625E-05 2.67067057291667E-05 0.8190819 -1.10784928073215E-08 -2.23329144416592E-07 0.1640164 4.99986397487289E-14 7.66452229033079E-13
3.50164909894594E-05 2.67714212852771E-05 0.9820982 3.25084739459371E-07 6.47155561104498E-08 0.1630163 1.09868191032052E-13 4.03825840629424E-13
3.50155862282878E-05 2.66866470223325E-05 1.1461146 -9.04761171526047E-10 -8.47742629446131E-08 0.1640164 7.1874942505799E-15 3.39953967313931E-13
3.50338660578387E-05 2.67147640791476E-05 1.310131 1.82798295508135E-08 2.81170568151374E-08 0.1640164 1.12472105235246E-15 3.42830754533168E-13
3.45296590378328E-05 2.69267281644092E-05 1.4741474 -5.04207020005872E-07 2.11964085261513E-07 0.1640164 2.99153492463952E-13 1.25743513698685E-12
3.45208786091276E-05 2.71397081651661E-05 1.6381638 -8.78042870518669E-09 2.12980000756943E-07 0.1640164 4.54375766506743E-14 1.56656114973495E-12
3.48310291858679E-05 2.71954685099846E-05 1.8011801 3.10150576740298E-07 5.57603448185411E-08 0.1630163 9.93025963066223E-14 1.15328492161536E-12
3.48137559808612E-05 2.70862440191388E-05 1.9651965 -1.72732050066529E-08 -1.09224490845882E-07 0.1640164 1.22283530117441E-14 1.00297763328131E-12
3.45973154362416E-05 2.68554250559284E-05 2.1292129 -2.16440544619637E-07 -2.30818963210346E-07 0.1640164 1.00123903132744E-13 1.05455706712647E-12
12
8.3839591015756E-05 2.30889205497821E-05 0 0 0 0 0 0
8.38306253077302E-05 2.31009354997538E-05 0.1630163 -8.96570802576946E-09 1.20149499717179E-08 0.1630163 2.24742943226231E-16 2.24742943226231E-16
8.40513897866839E-05 2.32202650290886E-05 0.3270327 2.20764478953711E-07 1.19329529334742E-07 0.1640164 6.29764917389547E-14 6.21100916108718E-14
8.43387645914397E-05 2.33407101167315E-05 0.4910491 2.87374804755785E-07 1.2044508764296E-07 0.1640164 9.7091297545746E-14 3.12572244685454E-13
8.42993915533286E-05 2.35361488904796E-05 0.6550655 -3.93730381111226E-08 1.9543877374808E-07 0.1640164 3.97465504142531E-14 4.11429723075095E-13
8.43384757383966E-05 2.3621835443038E-05 0.8180818 3.9084185068063E-08 8.5686552558375E-08 0.1630163 8.86975881177376E-15 5.32884249938176E-13
8.42346899961963E-05 2.35384176492963E-05 0.9820982 -1.03785742200358E-07 -8.34177937416634E-08 0.1640164 1.77300085968059E-14 3.58150846816661E-13
8.41328313253012E-05 2.36027108433735E-05 1.1461146 -1.01858670895055E-07 6.42931940771838E-08 0.1640164 1.45088036411536E-14 3.49970344930928E-13
8.4190431955411E-05 2.35995123084069E-05 1.310131 5.76006301098459E-08 -3.19853496661793E-09 0.1640164 3.32806321498397E-15 3.83793308913616E-13
8.39922089825848E-05 2.3493583868011E-05 1.4741474 -1.98222972826272E-07 -1.05928440395878E-07 0.1640164 5.05131814407883E-14 1.87044644918988E-13
8.39011627906977E-05 2.37505672149745E-05 1.6371637 -9.10461918871164E-08 2.56983346963477E-07 0.1630163 7.43298496736962E-14 4.41567393029664E-13
8.35E-05 2.41255186721992E-05 1.8011801 -4.01162790697668E-07 3.74951457224697E-07 0.1640164 3.01520179915265E-13 1.18985772538076E-12
11
8.60297316057381E-05 8.73623322535863E-06 0 0 0 0 0 0
8.58496820536976E-05 9.02626000942063E-06 0.1640164 -1.80049552040487E-07 2.90026784062002E-07 0.1640164 1.16533376663327E-13 1.16533376663327E-13
8.56576923076923E-05 9.03178519593614E-06 0.3280328 -1.91989746005291E-07 5.52518651550748E-09 0.1640164 3.68905902572072E-14 2.25764206602644E-13
8.56901276276276E-05 9.07685810810811E-06 0.4910491 3.24353199353311E-08 4.50729121719693E-08 0.1630163 3.08361739096934E-15 2.31356172696537E-13
8.55832526621491E-05 9.07913843175218E-06 0.6550655 -1.06874965478553E-07 2.28032364406872E-09 0.1640164 1.14274581219637E-14 3.16927427640151E-13
8.54971561530507E-05 9.17786970010341E-06 0.8190819 -8.60965090984109E-08 9.87312683512354E-08 0.1640164 1.71604722291764E-14 4.786793886302E-13
8.5195246179966E-05 9.15464063384267E-06 0.9830983 -3.01909973084619E-07 -2.32290662607415E-08 0.1640164 9.16892213673015E-14 8.71430685300258E-13
8.51827380952381E-05 9.54270833333333E-06 1.1471147 -1.25080847279548E-08 3.88067699490662E-07 0.1640164 1.50752991571537E-13 1.3678001066119E-12
8.5047994269341E-05 9.57315544412607E-06 1.310131 -1.34743825897118E-07 3.04471107927409E-08 0.1630163 1.90829251730183E-14 1.6642469979427E-12
8.51584460355343E-05 9.53957836117741E-06 1.4741474 1.10451766193364E-07 -3.35770829486677E-08 0.1640164 1.33270131545753E-14 1.40450195208894E-12
8.49515931372549E-05 9.29330065359477E-06 1.6381638 -2.06852898279436E-07 -2.46277707582635E-07 0.1640164 1.03440830778761E-13 1.47270667682487E-12
13
5.56448839208942E-05 3.63703783319003E-05 0 0 0 0 0 0
5.57162356321839E-05 3.61021551724138E-05 0.1640164 7.13517112896724E-08 -2.6822315948646E-07 0.1640164 7.70347299888639E-14 7.70347299888639E-14
5.56441582914573E-05 3.61300251256281E-05 0.3280328 -7.20773407266222E-08 2.78699532143492E-08 0.1640164 5.9718773383916E-15 5.77701903033638E-14
5.54321567357513E-05 3.63377590673575E-05 0.4920492 -2.12001555705996E-07 2.07733941729366E-07 0.1640164 8.80980501681819E-14 4.63168717181506E-14
5.50109237255653E-05 3.65848984285167E-05 0.6550655 -4.21233010185944E-07 2.47139361159164E-07 0.1630163 2.38515112704471E-13 4.47924401113761E-13
5.47921866521975E-05 3.66180141074335E-05 0.8190819 -2.18737073367841E-07 3.31156789168574E-08 0.1640164 4.89425554556525E-14 7.8841610936683E-13
5.47184329199549E-05 3.66695321307779E-05 0.9830983 -7.37537322426007E-08 5.15180233443715E-08 0.1640164 8.09371974902445E-15 9.47804452524415E-13
5.48014705882353E-05 3.68482620320856E-05 1.1471147 8.30376682803902E-08 1.78729901307662E-07 0.1640164 3.88396319748907E-14 9.39718880609663E-13
5.52579710144928E-05 3.73644927536232E-05 1.3111311 4.56500426257456E-07 5.16230721537625E-07 0.1640164 4.74886797032495E-13 1.13796508061757E-12
5.52017833553501E-05 3.7302179656539E-05 1.4741474 -5.61876591426866E-08 -6.23130970842212E-08 0.1630163 7.03997510816231E-15 1.06459181978402E-12
5.47945838837516E-05 3.72998678996037E-05 1.8021802 -4.07199471598417E-07 -2.31175693527064E-09 0.3280328 1.65816753890158E-13 1.58696100963422E-12
5.48177419354839E-05 3.73032258064516E-05 1.9661966 2.31580517322243E-08 3.35790684791704E-09 0.1640164 5.47570898431665E-16 1.55436827480545E-12
5.46870598591549E-05 3.73173415492958E-05 2.1292129 -1.30682076328945E-07 1.41157428441616E-08 0.1630163 1.72770592696867E-14 1.81416626834686E-12
18
1.60536898839138E-05 2.99357379767828E-05 0 0 0 0 0 0
1.61358144030933E-05 2.98721604639923E-05 0.1630163 8.21245191795157E-08 -6.35775127904878E-08 0.1630163 1.07865367830913E-14 1.07865367830913E-14
1.60189352360044E-05 2.93488474204171E-05 0.4910491 -1.16879167088889E-07 -5.23313043575143E-07 0.3280328 2.87517281275272E-13 3.45648410702465E-13
1.68265936004031E-05 2.9907848324515E-05 0.6550655 8.07658364398733E-07 5.59000904097868E-07 0.1640164 9.64794044365471E-13 5.98157987666681E-13
1.67424414992752E-05 2.99706460965003E-05 0.8180818 -8.41521011279127E-08 6.27977719853199E-08 0.1630163 1.10251362905627E-14 4.75597364485218E-13
1.66402374947457E-05 2.99825556956704E-05 0.9820982 -1.02204004529522E-07 1.19095991701386E-08 0.1640164 1.05874970942639E-14 3.46229998574487E-13
1.62940278988666E-05 3.00245204882302E-05 1.1461146 -3.46209595879081E-07 4.19647925597175E-08 0.1640164 1.21622128093337E-13 6.56446957703833E-14
1.60115200899129E-05 3.01404186569261E-05 1.310131 -2.82507808953714E-07 1.15898168695935E-07 0.1640164 9.32430476268994E-14 4.36724723500192E-14
1.59082152974504E-05 2.98645892351275E-05 1.4741474 -1.0330479246247E-07 -2.75829421798623E-07 0.1640164 8.67537500754765E-14 2.62249987458089E-14
1.58663217623498E-05 2.9855473965287E-05 1.6371637 -4.18935351006251E-08 -9.11526984042865E-09 0.1630163 1.83815642749114E-15 4.15491245197913E-14
1.59404088050314E-05 2.98570754716981E-05 1.8011801 7.40870426816471E-08 1.60150641106327E-09 0.1640164 5.49145471609688E-15 1.90203925389331E-14
1.59267799352751E-05 2.98675161812298E-05 1.9651965 -1.36288697563671E-08 1.0440709531661E-08 0.1640164 2.94754506360535E-16 2.07603484519463E-14
1.57156816015253E-05 3.0498093422307E-05 2.2932293 -2.11098333749819E-07 6.30577241077184E-07 0.3280328 4.42190163476462E-13 4.30493246073953E-13
1.57483319432861E-05 3.03492493744787E-05 2.4562456 3.26503417608102E-08 -1.48844047828227E-07 0.1630163 2.32205953909893E-14 2.64235147928867E-13
1.57553346265761E-05 3.03256547041707E-05 2.620262 7.00268329006803E-09 -2.35946703080216E-08 0.1640164 6.05746040205236E-16 2.41050913877934E-13
1.60868924889543E-05 3.03365243004418E-05 2.7842784 3.31557862378205E-07 1.08695962711174E-08 0.1640164 1.10048764227901E-13 1.61732090213636E-13
1.62312595614482E-05 3.00800611932687E-05 2.9482948 1.44367072493896E-07 -2.56463107173087E-07 0.1640164 8.66151769613319E-14 5.23601811965583E-14
1.62588347659981E-05 2.98022922636103E-05 3.1123112 2.75752045498479E-08 -2.77768929658425E-07 0.1640164 7.7915970189553E-14 5.98921810094914E-14
10
8.4E-05 2.41295391061452E-05 0 0 0 0 0 0
8.39287749287749E-05 2.46301044634378E-05 0.1640164 -7.12250712250721E-08 5.00565357292544E-07 0.1640164 2.55638687692429E-13 2.55638687692429E-13
8.41278458844133E-05 2.46573992994746E-05 0.3270327 1.99070955638376E-07 2.7294836036809E-08 0.1630163 4.03742534530527E-14 2.94980953863122E-13
8.4322695035461E-05 2.48690898345154E-05 0.4910491 1.94849151047691E-07 2.11690535040763E-07 0.1640164 8.27790742898504E-14 6.51067365743942E-13
8.43025477707006E-05 2.54402866242038E-05 0.9830983 -2.01472647603538E-08 5.71196789688454E-07 0.4920492 3.26671684827719E-13 1.80959420965263E-12
8.41031073446328E-05 2.51579566854991E-05 1.1461146 -1.99440426067866E-07 -2.82329938704763E-07 0.1630163 1.19486677839167E-13 1.06827384204117E-12
8.39259354177345E-05 2.51819579702717E-05 1.310131 -1.77171926898282E-07 2.4001284772595E-08 0.1640164 3.19659533515854E-14 1.11307102791527E-12
8.42474804031355E-05 2.51100223964166E-05 1.4741474 3.21544985401005E-07 -7.19355738550789E-08 0.1640164 1.08565904422392E-13 1.02259403243739E-12
8.39325626204239E-05 2.51518946692357E-05 1.6381638 -3.14917782711603E-07 4.18722728191341E-08 0.1640164 1.00926497099033E-13 1.0497586975461E-12
8.3962962962963E-05 2.53999485596708E-05 1.8021802 3.04003425390675E-08 2.48053890435074E-07 0.1640164 6.24549133864682E-14 1.61531192171952E-12
