x y time dx dy dt dr^2 TotalDisplacementSquared
14
6.31861749116608E-05 3.79213780918728E-05 0 0 0 0 0 0
6.32312030075188E-05 3.81278195488722E-05 0.034 4.50280958580223E-08 2.06441456999393E-07 0.034 4.46456045846314E-14 4.46456045846314E-14
6.32427461139896E-05 3.80129533678756E-05 0.1 1.15431064708389E-08 -1.14866180996536E-07 0.066 1.33274828437261E-14 1.15863321079323E-14
6.29911812961444E-05 3.76294093519278E-05 0.167 -2.51564817845257E-07 -3.83544015947834E-07 0.067 2.10390869746909E-13 1.23268255197213E-13
6.29375E-05 3.75625E-05 0.2 -5.36812961443829E-08 -6.69093519278121E-08 0.033 7.35854293114075E-15 1.9063269651575E-13
6.29464040311498E-05 3.78038250114521E-05 0.234 8.90403114979676E-09 2.41325011452133E-07 0.034 5.83170429230888E-14 7.13088018573966E-14
6.30571982055465E-05 3.79018148450245E-05 0.267 1.10794174396695E-07 9.79898335723348E-08 0.033 2.18773565637791E-14 1.70177113473395E-14
6.30008087343308E-05 3.78044884755358E-05 0.3 -5.63894712157165E-08 -9.73263694886839E-08 0.033 1.26521946618359E-14 4.80238021053504E-14
6.32771285475793E-05 3.78953811908737E-05 0.333 2.76319813248527E-07 9.0892715337894E-08 0.033 8.46141248951964E-14 8.94840274835698E-15
6.3358607281725E-05 3.78617002474373E-05 0.367 8.14787341456906E-08 -3.36809434364227E-08 0.034 7.77319006875164E-15 3.3294367362434E-14
6.34509336890244E-05 3.79067263719512E-05 0.4 9.23264072993959E-08 4.50261245139671E-08 0.033 1.05515173735612E-14 7.03118830877339E-14
6.34213702822169E-05 3.78521761305678E-05 0.433 -2.95634068074548E-08 -5.45502413833887E-08 0.033 3.84972385704904E-15 6.01057737794999E-14
6.35227151256013E-05 3.7788882950294E-05 0.467 1.01344843384346E-07 -6.32931802738739E-08 0.034 1.42768039497788E-14 1.30814278141113E-13
6.34891191709845E-05 3.81432642487047E-05 0.5 -3.35959546168212E-08 3.54381298410701E-07 0.033 1.2671479282987E-13 1.41008690850791E-13
13
4.52526840490797E-05 3.73840746421268E-05 0 0 0 0 0 0
4.4954071969697E-05 3.76529356060606E-05 0.033 -2.98612079382785E-07 2.68860963933818E-07 0.033 1.61455391880733E-13 1.61455391880733E-13
4.49384027187765E-05 3.76505947323704E-05 0.067 -1.56692509204177E-08 -2.34087369017288E-09 0.034 2.51005114040355E-16 1.69805713080632E-13
4.50227857878476E-05 3.74268795056643E-05 0.1 8.43830690710305E-08 -2.23715226706176E-07 0.033 5.7169005006042E-14 5.46854668600375E-14
4.50291095890411E-05 3.74294520547945E-05 0.133 6.32380119351694E-09 2.57254913026372E-09 0.033 4.66084705627469E-17 5.2044648761994E-14
4.48095009596929E-05 3.76223608445298E-05 0.167 -2.19608629348201E-07 1.92908789735228E-07 0.034 8.54417512413058E-14 2.53191564974103E-13
4.50672983479106E-05 3.70966958211856E-05 0.2 2.57797388217696E-07 -5.25665023344132E-07 0.033 3.42783210139253E-13 1.16954444923519E-13
4.50289750957854E-05 3.70526819923372E-05 0.233 -3.83232521251529E-08 -4.40138288484562E-08 0.033 3.40588878334923E-15 1.59866784118628E-13
4.50514577259475E-05 3.68708454810496E-05 0.267 2.24826301620809E-08 -1.81836511287599E-07 0.034 3.35699854962502E-14 3.03896204901352E-13
4.47780261348005E-05 3.73987276478679E-05 0.3 -2.73431591146974E-07 5.27882166818387E-07 0.033 3.53424417082041E-13 2.25514846165136E-13
4.48327974276527E-05 3.70952572347267E-05 0.333 5.47712928521875E-08 -3.03470413141262E-07 0.033 9.50941861728286E-14 2.59720269670713E-13
4.50578004216444E-05 3.68692902319044E-05 0.367 2.2500299399168E-07 -2.25967002822259E-07 0.034 1.01687433669695E-13 3.0298261725034E-13
4.49250626566416E-05 3.72572681704261E-05 0.4 -1.32737765002808E-07 3.87977938521637E-07 0.033 1.6814619503744E-13 1.23415658048297E-13
12
3.70428571428571E-06 3.54595238095238E-05 0 0 0 0 0 0
3.73338926174497E-06 3.54523489932886E-05 0.033 2.91035474592523E-08 -7.17481623522076E-09 0.033 8.98494462722136E-16 8.98494462722136E-16
3.69098922624878E-06 3.56545053868756E-05 0.066 -4.24000354961906E-08 2.02156393587025E-07 0.033 4.26649704781903E-14 3.8194612100714E-14
3.74867924528302E-06 3.56269811320755E-05 0.1 5.76900190342431E-08 -2.75242548001415E-08 0.034 4.08572289847444E-15 3.00127404705802E-14
3.91439962476548E-06 3.57508208255159E-05 0.133 1.6572037948246E-07 1.23839693440473E-07 0.033 4.27995138472408E-14 1.29001806903021E-13
4E-06 3.56228390957447E-05 0.166 8.56003752345216E-08 -1.27981729771264E-07 0.033 2.37067473955357E-14 1.14118821488916E-13
4.14160682226212E-06 3.5661131059246E-05 0.2 1.41606822262118E-07 3.82919635012797E-08 0.034 2.15187665799585E-14 2.3189523462224E-13
4.28722280887012E-06 3.54487856388596E-05 0.233 1.45615986607998E-07 -2.12345420386406E-07 0.033 6.62945931149001E-14 3.39930964551719E-13
4.34920634920635E-06 3.56937830687831E-05 0.266 6.19835403362323E-08 2.44997429923515E-07 0.033 6.3865699941741E-14 4.70800025895132E-13
4.5E-06 3.5625E-05 0.299 1.50793650793651E-07 -6.87830687830697E-08 0.033 2.74698356708941E-14 6.60543594104309E-13
4.39382239382239E-06 3.56749034749035E-05 0.333 -1.06177606177607E-07 4.99034749034735E-08 0.034 1.37640408610485E-14 5.21849232685526E-13
4.41406791406791E-06 3.56290713790714E-05 0.366 2.02455202455205E-08 -4.58320958320968E-08 0.033 2.51046209837429E-15 5.32537149467146E-13
12
2.15026276276276E-05 4.66313813813814E-05 0 0 0 0 0 0
2.14313953488372E-05 4.66841085271318E-05 0.034 -7.12322787904185E-08 5.27271457504028E-08 0.034 7.85418944066013E-15 7.85418944066013E-15
2.11971947194719E-05 4.63457095709571E-05 0.134 -2.34200629365262E-07 -3.38398956174686E-07 0.1 1.69363788335202E-13 1.74897644655524E-13
2.11730769230769E-05 4.60400452488688E-05 0.234 -2.4117796395025E-08 -3.05664322088319E-07 0.1 9.40123459006634E-14 4.58282088484828E-13
2.12394345238095E-05 4.5891369047619E-05 0.267 6.63576007326014E-08 -1.48676201249728E-07 0.033 2.6507943993037E-14 6.16888864017777E-13
2.12375919117647E-05 4.59014246323529E-05 0.3 -1.84261204481828E-09 1.0055584733891E-08 0.033 1.04510003488171E-16 6.03080786135139E-13
2.09120567375887E-05 4.55904255319149E-05 0.367 -3.25535174176053E-07 -3.10999100438046E-07 0.067 2.02693590099107E-13 1.43236305669992E-12
2.09129169899147E-05 4.54569433669511E-05 0.4 8.60252326010169E-10 -1.33482164963773E-07 0.033 1.78182283974804E-14 1.72706328597072E-12
2.11650280898876E-05 4.58885767790262E-05 0.433 2.52111099972979E-07 4.31633412075094E-07 0.033 2.49867409149173E-13 6.65732125162267E-13
2.10971962616822E-05 4.5840031152648E-05 0.467 -6.78318282053993E-08 -4.85456263782424E-08 0.034 6.95783475814272E-15 7.90609777008757E-13
2.11185822637106E-05 4.5779463243874E-05 0.5 2.13860020283754E-08 -6.05679087739972E-08 0.033 4.12583265601292E-15 8.73255354560233E-13
2.12087438423645E-05 4.59070197044335E-05 0.533 9.01615786539125E-08 1.27556460559518E-07 0.033 2.43997608958375E-14 6.11067518271321E-13
16
7.90507575757576E-05 2.96882575757576E-05 0 0 0 0 0 0
7.90128811777077E-05 2.96735015772871E-05 0.033 -3.78763980499031E-08 -1.4755998470509E-08 0.033 1.65236102009636E-15 1.65236102009636E-15
7.93676829268293E-05 2.94961382113821E-05 0.067 3.54801749121606E-07 -1.77363365904952E-07 0.034 1.57342044744885E-13 1.37351528319953E-13
7.9382245271507E-05 2.9401769371568E-05 0.1 1.45623446777421E-08 -9.43688398140843E-08 0.033 9.11753981036966E-15 1.91959583573027E-13
7.94360877270713E-05 2.93300841825432E-05 0.133 5.38424555643218E-08 -7.168518902483E-08 0.033 8.03777634672157E-15 2.7676750511819E-13
7.95987460815047E-05 2.94271159874608E-05 0.167 1.62658354433361E-07 9.70318049176164E-08 0.034 3.58729114325394E-14 3.68486331569124E-13
7.96027327935223E-05 2.96769568151147E-05 0.2 3.98671201756429E-09 2.49840827653895E-07 0.033 6.24363330354941E-14 3.04804348217487E-13
7.98880555555555E-05 2.95876388888889E-05 0.233 2.85322762033289E-07 -8.93179262258208E-08 0.033 8.93867704795859E-14 7.11192027120959E-13
7.99549800796813E-05 2.96312749003984E-05 0.266 6.69245241257244E-08 4.36360115095162E-08 0.033 6.3829934299133E-15 8.20865361893144E-13
7.99895332875772E-05 2.96302333562114E-05 0.3 3.45532078959394E-08 -1.04154418701441E-09 0.034 1.19500899019351E-15 8.84666647156424E-13
8.00593988549618E-05 2.9594465648855E-05 0.333 6.98655673846105E-08 -3.57677073564311E-08 0.033 6.16052639550884E-15 1.0261541556669E-12
7.98599523241955E-05 2.96320023837902E-05 0.366 -1.99446530766352E-07 3.75367349352658E-08 0.033 4.11879251043337E-14 6.57960787522765E-13
7.98880013596193E-05 2.95627124405167E-05 0.4 2.80490354238339E-08 -6.92899432735707E-08 0.034 5.58784462706214E-15 7.1673873459778E-13
7.99962377727615E-05 2.94900300978179E-05 0.433 1.08236413142166E-07 -7.2682342698748E-08 0.033 1.69978440700598E-14 9.3322693593686E-13
8.00355133614627E-05 2.91037271448664E-05 0.466 3.92755887012584E-08 -3.86302952951521E-07 0.033 1.50772543326895E-13 1.31141978211763E-12
7.99447565543071E-05 2.90995630461923E-05 0.566 -9.07568071556142E-08 -4.16409867412781E-09 0.1 8.25413776284921E-15 1.14579542278776E-12
12
4.91002098635887E-06 3.56476915005247E-05 0 0 0 0 0 0
4.5756351039261E-06 3.56801385681293E-05 0.1 -3.3438588243277E-07 3.24470676046715E-08 0.1 1.12866730566484E-13 1.12866730566484E-13
4.43465539661899E-06 3.56342652795839E-05 0.133 -1.40979707307111E-07 -4.5873288545458E-08 0.033 2.19796364743736E-14 2.26152707317496E-13
4.24893617021277E-06 3.54296352583587E-05 0.166 -1.8571922640622E-07 -2.04630021225206E-07 0.033 7.63650766435531E-14 4.84581658886478E-13
4.34968884633796E-06 3.54855193872666E-05 0.2 1.00752676125195E-07 5.58841289079695E-08 0.034 1.3274137610191E-14 3.40271901458981E-13
4.31233664401464E-06 3.54168844746471E-05 0.233 -3.73522023233246E-08 -6.86349126194869E-08 0.033 6.10593824868719E-15 4.10498456277877E-13
4.39789555728761E-06 3.56408807482463E-05 0.266 8.55589132729708E-08 2.23996273599148E-07 0.033 5.74946582267562E-14 2.62318841448019E-13
4.55168097281831E-06 3.56165951359084E-05 0.3 1.53785415530705E-07 -2.42856123378559E-08 0.034 2.42397449965762E-14 1.2937454919659E-13
4.71207729468599E-06 3.55942028985507E-05 0.366 1.60396321867678E-07 -2.23922373577139E-08 0.066 2.62283923625639E-14 4.20427356142126E-14
4.64146567717996E-06 3.55807050092764E-05 0.4 -7.06116175060272E-08 -1.34978892742907E-08 0.034 5.1681935416785E-15 7.66091440979249E-14
4.47362204724409E-06 3.56188976377953E-05 0.433 -1.67843629935868E-07 3.81926285188428E-08 0.033 2.9630160983227E-14 1.91273120591377E-13
4.35411764705882E-06 3.56291176470588E-05 0.466 -1.19504400185271E-07 1.02200092635485E-08 0.033 1.43857502529884E-14 3.09373510677509E-13
13
4.99383759274526E-05 4.01696207749382E-05 0 0 0 0 0 0
5.00572630808635E-05 4.02757043541895E-05 0.033 1.18887153410924E-07 1.06083579251369E-07 0.033 2.5387881032934E-14 2.5387881032934E-14
5.00039635354736E-05 4.02366230677765E-05 0.066 -5.32995453898764E-08 -3.90812864130794E-08 0.033 4.36818848646863E-15 8.79104157151044E-15
5.00427761341223E-05 4.01327662721894E-05 0.099 3.88125986486401E-08 -1.03856795587106E-07 0.033 1.22926518034823E-14 1.2257657525536E-14
5.0001556247221E-05 4.01306136060471E-05 0.133 -4.12198869012954E-08 -2.15266614221576E-09 0.034 1.70371304767543E-15 5.51331203092983E-15
5.00422935779817E-05 4.0017247706422E-05 0.166 4.07373307606633E-08 -1.13365899625116E-07 0.033 1.45113573153155E-14 3.40164301005057E-14
4.98198653198653E-05 4.01094276094276E-05 0.199 -2.22428258116331E-07 9.21799030055936E-08 0.033 5.79714645267857E-14 1.76679812848862E-14
4.98165914221219E-05 4.01439051918736E-05 0.233 -3.27389774342635E-09 3.44775824459731E-08 0.034 1.19942209775328E-15 1.54927569509951E-14
4.9713436123348E-05 3.99495594713656E-05 0.266 -1.03155298773878E-07 -1.94345720507947E-07 0.033 4.8411274744881E-14 9.9024892800647E-14
4.97227474150665E-05 3.99889217134417E-05 0.299 9.31129171845413E-09 3.93622420760167E-08 0.033 1.63608625471709E-15 7.91478061795735E-14
4.96085075702956E-05 4.01616798846431E-05 0.333 -1.14239844770871E-07 1.72758171201458E-07 0.034 4.28961278501452E-14 1.08876190792134E-13
4.96149854333576E-05 4.03561544064093E-05 0.366 6.4778630620097E-09 1.9447452176621E-07 0.033 3.78623023260463E-14 1.39376207340817E-13
4.9560254735467E-05 4.0648105813194E-05 0.399 -5.47306978905979E-08 2.91951406784669E-07 0.033 8.82310732151392E-14 3.71923567663279E-13
14
4.7323875083949E-05 1.36798186702485E-05 0 0 0 0 0 0
4.73975938967136E-05 1.3574823943662E-05 0.033 7.37188127646533E-08 -1.04994726586517E-07 0.033 1.64583559664074E-14 1.64583559664074E-14
4.7244964028777E-05 1.35510791366906E-05 0.066 -1.52629867936639E-07 -2.37448069713242E-08 0.033 2.38596924444613E-14 2.28008221290466E-14
4.72679282868526E-05 1.41852589641434E-05 0.166 2.29642580756106E-08 6.34179827452778E-07 0.1 4.02711410696998E-13 2.58599934797943E-13
4.7459826946848E-05 1.41826328800989E-05 0.266 1.91898659995374E-07 -2.62608404453779E-09 0.1 3.68319920254291E-14 2.71305038653189E-13
4.76927304964539E-05 1.39493794326241E-05 0.299 2.32903549605936E-07 -2.33253447474775E-07 0.033 1.08651234177912E-13 2.08717319946713E-13
4.76927425237053E-05 1.39755652808169E-05 0.333 1.20272514294584E-11 2.61858481928083E-08 0.034 6.85698790231581E-16 2.23529245775131E-13
4.71244218316374E-05 1.41258094357077E-05 0.366 -5.68320692067957E-07 1.50244154890757E-07 0.033 3.45561715111439E-13 2.38689362732545E-13
4.70815377081293E-05 1.41023506366308E-05 0.399 -4.28841235080881E-08 -2.34587990769235E-08 0.033 2.38936330318842E-15 2.37260666334033E-13
4.7023320377568E-05 1.44175458078845E-05 0.433 -5.82173305612628E-08 3.15195171253754E-07 0.034 1.02737253559362E-13 6.34574461132369E-13
4.72536706869428E-05 1.4412034609334E-05 0.466 2.3035030937482E-07 -5.51119855047588E-09 0.033 5.30916383385383E-14 5.41068838809918E-13
4.74439633844631E-05 1.44552201880257E-05 0.499 1.90292697520299E-07 4.31855786916984E-08 0.033 3.80763049364888E-14 6.15668713691634E-13
4.74030984204131E-05 1.46831713244228E-05 0.532 -4.08649640500158E-08 2.27951136397113E-07 0.033 5.36316658715444E-14 1.01299288567924E-12
4.74402631578947E-05 1.46902631578947E-05 0.566 3.71647374816106E-08 7.09183347189324E-09 0.0339999999999999 1.4315118140701E-15 1.0345442463715E-12
13
4.95749297533562E-05 4.03254761161411E-05 0 0 0 0 0 0
4.96874788494078E-05 4.03313028764805E-05 0.033 1.12549096051552E-07 5.8267603394242E-09 0.033 1.27012501580746E-14 1.27012501580746E-14
4.97101034355375E-05 4.00051717768748E-05 0.066 2.26245861297158E-08 -3.26131099605774E-07 0.033 1.06873366027613E-13 1.20866794107296E-13
4.97412718204489E-05 4.01228179551122E-05 0.099 3.1168384911382E-08 1.1764617823745E-07 0.033 1.4812091471862E-14 6.87400135162712E-14
4.99865702479339E-05 4.01317148760331E-05 0.133 2.45298427485004E-07 8.89692092084005E-09 0.034 6.02504737284874E-14 2.06991314944349E-13
5.00836730072464E-05 4.00843523550725E-05 0.166 9.71027593124916E-08 -4.7362520960597E-08 0.033 1.16721542578427E-14 3.16960366530628E-13
5.00519284853355E-05 3.99223583768582E-05 0.199 -3.17445219109018E-08 -1.61993978214284E-07 0.033 2.72497636490415E-14 3.90031702034395E-13
4.99304697156984E-05 3.98518232385661E-05 0.233 -1.2145876963708E-07 -7.0535138292044E-08 0.034 1.9727438455631E-14 3.5075571325733E-13
5.00737513007284E-05 4.04842611862643E-05 0.266 1.43281585030017E-07 6.32437947698172E-07 0.033 4.2050737029739E-13 2.74035634616802E-13
5.00992348158776E-05 4.04983261597322E-05 0.299 2.54835151491619E-08 1.40649734678817E-08 0.033 8.47233023009782E-16 3.04772936154944E-13
4.99438579654511E-05 4.05952495201535E-05 0.333 -1.55376850426514E-07 9.69233604213642E-08 0.034 3.35361034438329E-14 2.08885715191943E-13
5.00094339622641E-05 4.06352201257862E-05 0.366 6.55759968130951E-08 3.9970605632611E-08 0.033 5.89786067266878E-15 2.8473525906969E-13
5.01841332027424E-05 4.06094515181195E-05 0.399 1.74699240478255E-07 -2.57686076666701E-08 0.033 3.11838457647578E-14 4.51770871672798E-13
12
5.50939245810056E-05 1.00841480446927E-05 0 0 0 0 0 0
5.50667647058824E-05 1.02041176470588E-05 0.034 -2.71598751232318E-08 1.19969602366087E-07 0.034 1.51303643085866E-14 1.51303643085866E-14
5.52979204339964E-05 1.01586799276673E-05 0.1 2.31155728114025E-07 -4.54377193915558E-08 0.066 5.5497556983431E-14 4.71693096171706E-14
5.53254039497307E-05 1.01144524236984E-05 0.134 2.74835157343176E-08 -4.42275039688838E-08 0.034 2.71141574443611E-15 5.45010535322939E-14
5.54826193820225E-05 1.01193820224719E-05 0.167 1.57215432291771E-07 4.92959877352561E-09 0.033 2.47409930947564E-14 1.52325081527697E-13
5.54265873015873E-05 1.01031746031746E-05 0.2 -5.60320804351662E-08 -1.62074192973076E-08 0.033 3.40227447817167E-15 1.11026495592493E-13
5.55417817679558E-05 1.01029005524862E-05 0.234 1.151944663685E-07 -2.74050688414462E-10 0.034 1.32698401857033E-14 2.00927716451504E-13
5.543673565381E-05 1.06582784571966E-05 0.3 -1.05046114145836E-07 5.55377904710426E-07 0.066 3.19479303137683E-13 4.47145162199162E-13
5.54914455307263E-05 1.0625E-05 0.334 5.47098769162915E-08 -3.3278457196614E-08 0.034 4.10062634558264E-15 4.50543743026514E-13
5.54873217115689E-05 1.06376782884311E-05 0.367 -4.12381915732141E-09 1.26782884310614E-08 0.033 1.77744881983478E-16 4.61157033068486E-13
5.55065789473684E-05 1.06217105263158E-05 0.4 1.92572357994791E-08 -1.59677621152721E-08 0.033 6.25810557606659E-16 4.59257047727043E-13
5.55783160865475E-05 1.0601599247413E-05 0.433 7.1737139179092E-08 -2.01112789028066E-08 0.033 5.55068067670689E-15 5.02390877837798E-13
18
2.32091212458287E-05 4.70970522803115E-05 0 0 0 0 0 0
2.30615789473684E-05 4.70578947368421E-05 0.033 -1.47542298460277E-07 -3.91575434693507E-08 0.033 2.33020430454954E-14 2.33020430454954E-14
2.30519983686786E-05 4.70940048939641E-05 0.1 -9.58057868979267E-09 3.61101571220033E-08 0.067 1.39573093540707E-15 2.46968850874657E-14
2.30085128561501E-05 4.71170952050035E-05 0.133 -4.34855125285232E-08 2.30903110393612E-08 0.033 2.42415226376279E-15 4.06454448396477E-14
2.29863145720894E-05 4.71025443330763E-05 0.167 -2.21982840606678E-08 -1.45508719271419E-08 0.034 7.04491689078185E-16 4.96729765063253E-14
2.29457058242843E-05 4.70787265547878E-05 0.2 -4.0608747805134E-08 -2.38177782885742E-08 0.033 2.21635696090465E-15 6.9723516523381E-14
2.29219590958019E-05 4.76278256189451E-05 0.267 -2.37467284823651E-08 5.49099064157346E-07 0.067 3.02073689372088E-13 3.64182437412296E-13
2.29957966373098E-05 4.76263010408327E-05 0.3 7.38375415079098E-08 -1.52457811243778E-09 0.033 5.45430687435322E-15 3.25611639112953E-13
2.30202821869489E-05 4.76124338624339E-05 0.333 2.44855496390066E-08 -1.38671783988045E-08 0.033 7.91840777868527E-16 3.01278365349615E-13
2.29951188455008E-05 4.75986842105263E-05 0.4 -2.51633414480068E-08 -1.37496519075455E-08 0.067 8.22246680407647E-16 2.97431620757163E-13
2.28539299242424E-05 4.75471117424242E-05 0.433 -1.41188921258422E-07 -5.15724681020728E-08 0.033 2.25940309522562E-14 3.2871439436745E-13
2.28334901222954E-05 4.75583254938852E-05 0.466 -2.04398019470347E-08 1.12137514609856E-08 0.033 5.43533725462758E-16 3.53871718527566E-13
2.29608599779493E-05 4.75391400220507E-05 0.5 1.27369855653892E-07 -1.91854718345112E-08 0.034 1.65911624588062E-14 2.57075228525211E-13
2.30227717923604E-05 4.75433398628795E-05 0.533 6.19118144111468E-08 4.19984082881086E-09 0.033 3.85071142666763E-15 2.33898725162372E-13
2.30111363636364E-05 4.75968181818182E-05 0.566 -1.16354287240661E-08 5.34783189386516E-08 0.0329999999999999 2.99531379809697E-15 2.88963969885537E-13
2.30462382445141E-05 4.7600052246604E-05 0.6 3.51018808777432E-08 3.23406478579358E-09 0.034 1.24260121619399E-15 2.79539838207518E-13
2.30748341625207E-05 4.75970149253731E-05 0.7 2.85959180066229E-08 -3.03732123083478E-09 0.1 8.26951846900778E-16 2.67995667200431E-13
2.29923846823325E-05 4.75972584856397E-05 0.733 -8.24494801882665E-08 2.43560266547149E-10 0.033 6.79797610491879E-15 2.9718098580502E-13
18
6.37546979865772E-05 1.81191275167785E-05 0 0 0 0 0 0
6.38167602245389E-05 1.83720930232558E-05 0.033 6.20622379617117E-08 2.52965506477292E-07 0.033 6.78432688481289E-14 6.78432688481289E-14
6.36709354120267E-05 1.8347438752784E-05 0.066 -1.45824812512167E-07 -2.46542704718493E-08 0.033 2.18727089967078E-14 5.91421893816534E-14
6.37522236340534E-05 1.81238881829733E-05 0.099 8.1288222026636E-08 -2.23550569810648E-07 0.033 5.6582632302917E-14 2.87863630303906E-17
6.37152087475149E-05 1.83492379058979E-05 0.133 -3.70148865384579E-08 2.2534972292463E-07 0.034 5.21525994476624E-14 5.45101911824106E-14
6.36194401840491E-05 1.85122699386503E-05 0.166 -9.57685634658247E-08 1.63032032752358E-07 0.033 3.57510614516738E-14 1.72855637019942E-13
6.36430722891566E-05 1.86259036144578E-05 0.199 2.3632105107545E-08 1.13633675807524E-07 0.033 1.34710886693435E-14 2.69282309503692E-13
6.3589971209213E-05 1.86019673704415E-05 0.233 -5.31010799435734E-08 -2.39362440163724E-08 0.034 3.39266846878509E-15 2.60269235466016E-13
6.37516556291391E-05 1.86258278145695E-05 0.266 1.61684419926019E-07 2.38604441280792E-08 0.033 2.67111724408023E-14 2.56754447720283E-13
6.37821848290598E-05 1.82445245726496E-05 0.366 3.05291999207569E-08 -3.81303241919962E-07 0.1 1.46324194346475E-13 1.64799481307933E-14
6.39163292847503E-05 1.80107962213225E-05 0.399 1.3414445569051E-07 -2.33728351327038E-07 0.033 7.26236772065585E-14 3.78603461243117E-14
6.39617239300784E-05 1.81089511754069E-05 0.433 4.53946453280238E-08 9.81549540843361E-08 0.034 1.16950688357552E-14 4.29632992062658E-14
6.40497702909648E-05 1.79539305768249E-05 0.466 8.8046360886409E-08 -1.55020598581963E-07 0.033 3.17835476500499E-14 1.14357693786639E-13
6.3977254978524E-05 1.78993557204217E-05 0.499 -7.25153124407569E-08 -5.45748564031996E-08 0.033 8.23688548981045E-15 9.78312571383225E-14
6.41391794046661E-05 1.80245374094932E-05 0.532 1.61924426142122E-07 1.25181689071454E-07 0.033 4.18899750602375E-14 1.56773249251948E-13
6.41858608893957E-05 1.79489737742303E-05 0.566 4.66814847295325E-08 -7.55636352628315E-08 0.0339999999999999 7.88902399068781E-15 2.14853744870019E-13
6.41321808510638E-05 1.81321808510638E-05 0.599 -5.36800383318337E-08 1.83207076833497E-07 0.033 3.64463795171821E-14 1.42663702517012E-13
6.4125E-05 1.81299157303371E-05 0.632 -7.18085106383626E-09 -2.26512072675078E-09 0.033 5.66953939077543E-17 1.37239966696776E-13
16
9.06402966625463E-05 2.56032138442522E-05 0 0 0 0 0 0
9.06533396048918E-05 2.55682031984948E-05 0.033 1.30429423454643E-08 -3.50106457573389E-08 0.033 1.39586366137298E-15 1.39586366137298E-15
9.05130289968652E-05 2.53985109717868E-05 0.066 -1.4031060802661E-07 -1.69692226707991E-07 0.033 4.8482518529913E-14 5.81003247234848E-14
9.04542579075426E-05 2.54094890510949E-05 0.099 -5.87710893226188E-08 1.09780793080567E-08 0.033 3.57455916546122E-15 7.21397138471788E-14
9.04381162428646E-05 2.54099636741048E-05 0.133 -1.6141664678031E-08 4.74623009935726E-10 0.034 2.60778605579555E-16 7.82225503646816E-14
9.03348925159236E-05 2.53738057324841E-05 0.166 -1.03223726940982E-07 -3.61579416207505E-08 0.033 1.1962534545836E-14 1.45899774519386E-13
9.04868094351335E-05 2.53593265052762E-05 0.199 1.51916919209881E-07 -1.44792272078504E-08 0.033 2.32883983627582E-14 8.3039363091662E-14
9.06253009630819E-05 2.53408908507223E-05 0.233 1.38491527948403E-07 -1.84356545539153E-08 0.034 1.95197766723147E-14 6.90382239368928E-14
9.06713740458015E-05 2.53330788804071E-05 0.266 4.60730827196727E-08 -7.81197031518488E-09 0.033 2.18375583149913E-15 7.39387024415494E-14
9.08666512059369E-05 2.56611781076067E-05 0.299 1.9527716013539E-07 3.28099227199555E-07 0.033 1.45782272159488E-13 5.45962351397855E-14
9.08607512953368E-05 2.575E-05 0.333 -5.89991060013517E-09 8.88218923933195E-08 0.034 7.92413751342002E-15 7.01464206379938E-14
9.07144572526417E-05 2.54176272814601E-05 0.366 -1.46294042695089E-07 -3.32372718539865E-07 0.033 1.31873570957653E-13 3.99421654122496E-14
9.07069057815846E-05 2.53977516059957E-05 0.399 -7.55147105711274E-09 -1.98756754644158E-08 0.033 4.52067190293192E-16 4.66515060883975E-14
9.09207582349285E-05 2.53986948415165E-05 0.466 2.13852453343947E-07 9.43235520750818E-10 0.067 4.57337614944724E-14 1.20486716063087E-13
9.08640049906425E-05 2.51383343730505E-05 0.499 -5.67532442859857E-08 -2.6036046846594E-07 0.033 7.10085042767886E-14 2.66158338804305E-13
9.06550621976503E-05 2.4923203178991E-05 0.533 -2.08942792992232E-07 -2.15131194059513E-07 0.034 8.99385214008666E-14 4.62632525895814E-13
18
2.31370738636364E-05 4.78892045454545E-05 0 0 0 0 0 0
2.30295570698467E-05 4.77927597955707E-05 0.033 -1.07516793789685E-07 -9.6444749883851E-08 0.033 2.08614507269722E-14 2.08614507269722E-14
2.2975850449294E-05 4.78560654685494E-05 0.067 -5.37066205527132E-08 6.33056729787285E-08 0.034 6.89200932248283E-15 2.70911877503443E-14
2.28962680577849E-05 4.78739967897271E-05 0.1 -7.9582391509053E-08 1.79313211777057E-08 0.033 6.65488931747823E-15 5.82187119660316E-14
2.28308997632202E-05 4.79155485398579E-05 0.133 -6.53682945647063E-08 4.15517501308003E-08 0.033 5.99956187323067E-15 9.44365858067688E-14
2.29755467800729E-05 4.81643377885784E-05 0.167 1.44647016852698E-07 2.48789248720442E-07 0.034 8.28188497632666E-14 1.01789300196351E-13
2.32581003811944E-05 4.8148665819568E-05 0.2 2.82553601121506E-07 -1.56719690103913E-08 0.033 8.0082148119394E-14 8.19675707167948E-14
2.32833517089305E-05 4.81426405733186E-05 0.233 2.52513277361288E-08 -6.02524624935086E-09 0.033 6.73933144802705E-16 8.56270282434311E-14
2.31599740932642E-05 4.81162564766839E-05 0.267 -1.23377615666289E-07 -2.63840966346933E-08 0.034 1.59181566027274E-14 5.20769999920055E-14
2.30300319488818E-05 4.80977635782748E-05 0.3 -1.29942144382461E-07 -1.84928984091783E-08 0.033 1.72269481782846E-14 5.49548416852278E-14
2.30664913598798E-05 4.81264087152517E-05 0.333 3.64594109980025E-08 2.86451369769338E-08 0.033 2.14983252274857E-15 6.12477080056996E-14
2.32247506234414E-05 4.81318578553616E-05 0.367 1.58259263561604E-07 5.44914010990283E-09 0.034 2.50756876309985E-14 6.65678430187552E-14
2.32307692307692E-05 4.81155128205128E-05 0.4 6.01860732783521E-09 -1.63450348487757E-08 0.033 3.03383798374364E-16 5.99942571820134E-14
2.31748265227448E-05 4.81707787201234E-05 0.433 -5.59427080244355E-08 5.52658996105393E-08 0.033 6.18390624086944E-15 8.070927911018E-14
2.30404299847793E-05 4.7941400304414E-05 0.467 -1.34396537965493E-07 -2.29378415709355E-07 0.034 7.06768870104441E-14 1.20644365738922E-14
2.30613231552163E-05 4.79736641221374E-05 0.5 2.08931704369846E-08 3.2263817723404E-08 0.033 1.47747850499793E-15 1.28715899195916E-14
2.2910950283197E-05 4.79343926998112E-05 0.533 -1.50372872019307E-07 -3.92714223262018E-08 0.033 2.41542452508579E-14 5.31738429248882E-14
2.27444812362031E-05 4.75703642384106E-05 0.566 -1.66469046993889E-07 -3.64028461400608E-07 0.0329999999999999 1.60228664316747E-13 2.55788112510841E-13
15
6.32076600372902E-05 4.36480733374767E-05 0 0 0 0 0 0
6.32075027183762E-05 4.36440739398333E-05 0.033 -1.5731891401316E-10 -3.99939764342605E-09 0.033 1.60199307509481E-17 1.60199307509481E-17
6.32239304812834E-05 4.3661876114082E-05 0.066 1.64277629071989E-08 1.78021742487289E-08 0.033 5.86788802117247E-16 4.5524398975129E-16
6.32289335088874E-05 4.36986504279131E-05 0.1 5.00302760399762E-09 3.67743138311027E-08 0.034 1.3773804429548E-15 3.01060267080852E-15
6.32313268892794E-05 4.37312170474517E-05 0.133 2.39338039201442E-09 3.25666195385708E-08 0.033 1.0663129778709E-15 7.47299639148158E-15
6.31480570585342E-05 4.34982784062961E-05 0.166 -8.32698307452517E-08 -2.32938641155556E-07 0.033 6.11942752557398E-14 2.59910364839892E-14
6.31086705202312E-05 4.32942196531792E-05 0.2 -3.93865383029706E-08 -2.04058753116925E-07 0.034 4.31912741231256E-14 1.35011354378497E-13
6.3165780141844E-05 4.32875886524823E-05 0.233 5.710962161276E-08 -6.63100069692035E-09 0.033 3.30547905099518E-15 1.3170313375812E-13
6.32614531138153E-05 4.36330529706514E-05 0.266 9.56729719713465E-08 3.45464318169128E-07 0.033 1.28498912693891E-13 3.11930650159982E-15
6.35262488436633E-05 4.38435476410731E-05 0.3 2.64795729847954E-07 2.10494670421681E-07 0.034 1.14424784821643E-13 1.39709030912687E-13
6.34911616161616E-05 4.38794677544678E-05 0.333 -3.50872275016556E-08 3.5920113394674E-08 0.033 2.52136808003918E-15 1.33916521437197E-13
6.34896677471637E-05 4.41264181523501E-05 0.366 -1.49386899792603E-09 2.4695039788233E-07 0.033 6.09867306588239E-14 3.08342110344326E-13
6.3627962085308E-05 4.41155213270142E-05 0.4 1.38294338144362E-07 -1.08968253358626E-08 0.034 1.92440647651876E-14 3.95161434490646E-13
6.35503549245785E-05 4.40849600709849E-05 0.433 -7.76071607295279E-08 -3.05612560293085E-08 0.033 6.95686176658772E-15 3.08309803689013E-13
6.38365384615385E-05 4.4125E-05 0.466 2.86183536959932E-07 4.00399290150872E-08 0.033 8.35042127424299E-14 6.22947113910543E-13
15
4.5861285814116E-05 3.76076170510133E-05 0 0 0 0 0 0
4.61116955445545E-05 3.75788985148515E-05 0.033 2.50409730438456E-07 -2.87185361617901E-08 0.033 6.35297874175362E-14 6.35297874175362E-14
4.62372262773723E-05 3.76186131386861E-05 0.067 1.25530732817808E-07 3.97146238346409E-08 0.034 1.73352162281028E-14 1.41452145857443E-13
4.60435429056924E-05 3.76370008496177E-05 0.133 -1.93683371679825E-07 1.83877109315418E-08 0.066 3.78513563785671E-14 3.40810550503259E-14
4.60368098159509E-05 3.76308063102542E-05 0.166 -6.7330897415232E-09 -6.19453936350567E-09 0.033 8.37068153934262E-17 3.13464169642845E-14
4.59962006079027E-05 3.76301291793313E-05 0.2 -4.06092080481812E-08 -6.77130922859703E-10 0.034 1.64956628458716E-15 1.87087975039244E-14
4.60157058388766E-05 3.76086474501109E-05 0.233 1.95052309738344E-08 -2.14817292204401E-08 0.033 8.41918725642939E-16 2.3846605769355E-14
4.62324669966997E-05 3.76126237623762E-05 0.266 2.167611578231E-07 3.97631226537243E-09 0.033 4.70012106000428E-14 1.37800537462883E-13
4.62681572629052E-05 3.78352340936375E-05 0.333 3.56902662054921E-08 2.22610331261215E-07 0.0669999999999999 5.08291546860469E-14 2.17353893932766E-13
4.64164490861619E-05 3.76264142732811E-05 0.4 1.4829182325672E-07 -2.08819820356339E-07 0.067 6.55961822184562E-14 3.08559594193675E-13
4.64499089253188E-05 3.76354735883424E-05 0.433 3.34598391568761E-08 9.05931506132873E-09 0.033 1.20163202578444E-15 3.47253153713985E-13
4.64410469667319E-05 3.75728962818004E-05 0.466 -8.86195858686278E-09 -6.25773065420532E-08 0.033 3.99445360405336E-15 3.37328525897245E-13
4.64887787056367E-05 3.7562891440501E-05 0.566 4.77317389048437E-08 -1.00048412993488E-08 0.1 2.37841574830533E-15 3.95747709144749E-13
4.60234030837004E-05 3.81718061674009E-05 0.599 -4.65375621936296E-07 6.0891472689984E-07 0.033 5.87351614128101E-13 3.44591368147738E-13
4.60019104803493E-05 3.81705786026201E-05 0.633 -2.14926033510991E-08 -1.22756478079111E-09 0.034 4.63438914098717E-16 3.36701005340788E-13
12
6.41889681208054E-05 5.58619966442953E-06 0 0 0 0 0 0
6.33112808842653E-05 5.59557867360208E-06 0.066 -8.7768723654009E-07 9.37900917254986E-09 0.066 7.7042285099844E-13 7.7042285099844E-13
6.30309956167815E-05 5.47667501565435E-06 0.1 -2.80285267483812E-07 -1.18903657947729E-07 0.034 9.26979110418226E-14 1.35289596876471E-12
6.28876941457587E-05 4.99372759856631E-06 0.133 -1.43301471022802E-07 -4.82947417088043E-07 0.033 2.53773519269312E-13 2.04433710696209E-12
6.27556378865979E-05 4.92123067010309E-06 0.166 -1.32056259160727E-07 -7.24969284632158E-08 0.033 2.26946602201257E-14 2.49661932370865E-12
6.2744391025641E-05 4.87163461538462E-06 0.2 -1.12468609569092E-08 -4.95960547184771E-08 0.034 2.58626052502222E-15 2.59740619319001E-12
6.2836112283664E-05 5.04337273111017E-06 0.233 9.17212580229645E-08 1.71738115725558E-07 0.033 3.79067695662802E-14 2.12487999562439E-12
6.26657909292035E-05 4.80005530973451E-06 0.266 -1.70321354460455E-07 -2.4331742137566E-07 0.033 8.82127313301445E-14 2.93809170343489E-12
6.2728835978836E-05 4.93241943241943E-06 0.299 6.30450496324428E-08 1.32364122684919E-07 0.033 2.14949392573055E-14 2.55941446377929E-12
6.26549079754601E-05 4.80463957055215E-06 0.333 -7.39280033758618E-08 -1.27779861867285E-07 0.034 2.17930427819637E-14 2.96417670987832E-12
6.25E-05 4.86588330632091E-06 0.366 -1.54907975460119E-07 6.12437357687599E-08 0.033 2.77472760320666E-14 3.37146896885569E-12
6.225E-05 4.86806656101426E-06 0.433 -2.5E-07 2.18325469335578E-09 0.067 6.25047666010561E-14 4.27531252772035E-12
13
3.82571917808219E-05 3.15582191780822E-05 0 0 0 0 0 0
3.80339554173147E-05 3.19530844997408E-05 0.066 -2.23236363507247E-07 3.94865321658607E-07 0.066 2.05753096240495E-13 2.05753096240495E-13
3.80291285507944E-05 3.21408281174771E-05 0.099 -4.82686652025421E-09 1.87743617736331E-07 0.033 3.52709646411298E-14 3.91446013153471E-13
3.7990194564546E-05 3.22966337245213E-05 0.133 -3.89339862484022E-08 1.55805607044179E-07 0.034 2.5791242471596E-14 6.16543555891968E-13
3.80722891566265E-05 3.19564710454722E-05 0.166 8.20945920804874E-08 -3.40162679049094E-07 0.033 1.22450170266718E-13 1.92793530313992E-13
3.80467128027682E-05 3.21066897347174E-05 0.199 -2.55763538583338E-08 1.502186892452E-07 0.033 2.32198044752327E-14 3.45121351698303E-13
3.80821727019499E-05 3.16316155988858E-05 0.233 3.54598991816886E-08 -4.75074135831619E-07 0.034 2.26952838986135E-13 3.60187125560047E-14
3.81354385964912E-05 3.16156140350877E-05 0.266 5.32658945413686E-08 -1.60015637980742E-08 0.033 3.09330556527604E-15 1.81180075053489E-14
3.79507978723404E-05 3.15877659574468E-05 0.299 -1.84640724150803E-07 -2.78480776409111E-08 0.033 3.48677124432272E-14 9.47502393253889E-14
3.77294558578568E-05 3.18600777345919E-05 0.333 -2.21342014483675E-07 2.72311777145084E-07 0.034 1.23145991347605E-13 3.69623792526022E-13
3.77034828244275E-05 3.19661259541985E-05 0.366 -2.59730334292669E-08 1.06048219606581E-07 0.033 1.19208233472435E-14 4.72981546392998E-13
3.76613005050505E-05 3.225E-05 0.399 -4.21823193769768E-08 2.83874045801525E-07 0.033 8.23638219477477E-14 8.33647118113765E-13
3.76447906026558E-05 3.21340653728294E-05 0.433 -1.65099023947306E-08 -1.15934627170581E-07 0.034 1.37134146542653E-14 7.06634043024146E-13
11
6.28925537938845E-05 1.8108295583239E-05 0 0 0 0 0 0
6.29590032154341E-05 1.80819935691318E-05 0.033 6.64494215495992E-08 -2.63020141071273E-08 0.033 5.10732157036786E-15 5.10732157036786E-15
6.30241496598639E-05 1.805E-05 0.067 6.51464444298639E-08 -3.19935691318314E-08 0.034 5.26764768764663E-15 2.07158469680552E-14
6.29212747380675E-05 1.80205180442375E-05 0.1 -1.0287492179642E-07 -2.94819557625168E-08 0.033 1.14524352502026E-14 8.529788987921E-15
6.30298475867909E-05 1.81193903471634E-05 0.133 1.08572848723334E-07 9.88723029259368E-08 0.033 2.15637957657782E-14 1.89726793571586E-14
6.30655603917301E-05 1.81441784548422E-05 0.167 3.5712804939287E-08 2.47881076787984E-08 0.034 1.88985471892726E-15 3.12188633726272E-14
6.29109654731458E-05 1.79418158567775E-05 0.2 -1.54594918584365E-07 -2.02362598064724E-07 0.033 6.48502099476116E-14 2.80544892559048E-14
6.28738569562377E-05 1.77948236446767E-05 0.233 -3.71085169080274E-08 -1.46992212100812E-07 0.033 2.29837524454036E-14 9.86142280039799E-14
6.28941368078176E-05 1.78137214983713E-05 0.267 2.02798515798364E-08 1.88978536946536E-08 0.034 7.68401254364723E-16 8.677639740871E-14
6.29204366123093E-05 1.7931877958969E-05 0.3 2.62998044917211E-08 1.18156460597628E-07 0.033 1.46526288972617E-14 3.19006297163809E-14
6.2936797752809E-05 1.79462078651685E-05 0.333 1.63611404996757E-08 1.43299061995741E-08 0.033 4.73033130138722E-16 2.82299562505893E-14
20
2.36418017159199E-05 4.79407769304099E-05 0 0 0 0 0 0
2.37180709534368E-05 4.79355875831486E-05 0.033 7.62692375168825E-08 -5.18934726135711E-09 0.033 5.8439259164056E-15 5.8439259164056E-15
2.37717798594848E-05 4.79567915690867E-05 0.066 5.37089060479694E-08 2.12039859380937E-08 0.033 3.33425560853248E-15 1.71507864565117E-14
2.37062461348176E-05 4.79179035250464E-05 0.1 -6.55337246672154E-08 -3.88880440402701E-08 0.034 5.80694903803639E-15 4.67627579997858E-15
2.37129331184529E-05 4.79317082997583E-05 0.133 6.68698363529785E-09 1.38047747118719E-08 0.033 2.3528755498428E-16 5.1419164881986E-15
2.37544326241135E-05 4.80195035460993E-05 0.166 4.14995056606173E-08 8.77952463410381E-08 0.033 9.43021425015917E-15 1.8883601498407E-14
2.37754696531792E-05 4.74597182080925E-05 0.266 2.10370290657131E-08 -5.59785338006812E-07 0.1 3.13802181239312E-13 2.4928461176883E-13
2.375E-05 4.74333197389886E-05 0.299 -2.546965317919E-08 -2.63984691039028E-08 0.033 1.34558240409793E-15 2.69219669803105E-13
2.39718364197531E-05 4.76207561728395E-05 0.366 2.21836419753085E-07 1.87436433850927E-07 0.067 8.43438138636199E-14 2.11336191010182E-13
2.40320478001086E-05 4.74961977186312E-05 0.399 6.02113803555504E-08 -1.24558454208326E-07 0.033 1.91402188390885E-14 3.49942681770426E-13
2.39737774627923E-05 4.75832742735648E-05 0.433 -5.82703373162907E-08 8.70765549336667E-08 0.034 1.09777586300702E-14 2.38016046162786E-13
2.39908346333853E-05 4.7594383775351E-05 0.499 1.70571705929916E-08 1.11095017861658E-08 0.066 4.14368098575238E-16 2.41812195346079E-13
2.40358805275407E-05 4.75283165244376E-05 0.533 4.50458941553933E-08 -6.60672509134628E-08 0.034 6.39401422352134E-15 3.25421696263356E-13
2.39743337702053E-05 4.74275884665793E-05 0.566 -6.15467573353996E-08 -1.00728057858255E-07 0.0329999999999999 1.39341449783986E-14 3.73939966536106E-13
2.39738689547582E-05 4.76086193447738E-05 0.599 -4.64815447138278E-10 1.81030878194498E-07 0.033 3.27723949132712E-14 2.2059731280529E-13
2.40748236167843E-05 4.78073709617527E-05 0.633 1.00954662026062E-07 1.98751616978896E-07 0.034 4.96940490365223E-14 2.0530511910153E-13
2.40374777975133E-05 4.76703374777975E-05 0.666 -3.73458192709322E-08 -1.37033483955179E-07 0.0329999999999999 2.01728859419114E-14 2.29697059074403E-13
2.3982E-05 4.76134545454545E-05 0.699 -5.54777975133227E-08 -5.68829323429654E-08 0.033 6.31345400886361E-15 2.228748161839E-13
2.35716316088687E-05 4.79340534394542E-05 0.766 -4.10368391131325E-07 3.20598893999694E-07 0.0670000000000001 2.71185867273539E-13 4.96904925421506E-15
2.3706546275395E-05 4.7375E-05 0.799 1.3491466652636E-07 -5.59053439454239E-07 0.0329999999999999 3.30742715409533E-13 3.24295392965695E-13
17
5.02681775259679E-05 4.11550991501416E-05 0 0 0 0 0 0
5.03581757508343E-05 4.11276418242492E-05 0.034 8.99982248663704E-08 -2.74573258924775E-08 0.034 8.85358522426349E-15 8.85358522426349E-15
5.01783667621776E-05 4.11688753581662E-05 0.067 -1.7980898865661E-07 4.12335339170227E-08 0.033 3.40314767209993E-14 8.25575720012181E-15
5.03129359543437E-05 4.11447368421053E-05 0.1 1.3456919216604E-07 -2.41385160609298E-08 0.033 1.86915354378445E-14 2.11069433851258E-15
5.01005805148915E-05 4.11559818273599E-05 0.134 -2.12355439452224E-07 1.12449852546561E-08 0.034 4.52212823583248E-14 2.80895372408226E-14
5.0005698005698E-05 4.08675925925926E-05 0.167 -9.48825091934609E-08 -2.88389234767322E-07 0.033 9.2171041280529E-14 1.51555519194815E-13
5.01380442942943E-05 4.09042792792793E-05 0.2 1.32346288596288E-07 3.66866866866857E-08 0.033 1.88614530852591E-14 7.98452656052275E-14
5.0242597577389E-05 4.11287012113055E-05 0.234 1.04553283094667E-07 2.24421932026239E-07 0.034 6.12965925802633E-14 1.35118494409656E-15
5.01282505910165E-05 4.11282505910165E-05 0.267 -1.14346986372418E-07 -4.50620288972914E-10 0.033 1.30754363510987E-14 2.03003922519726E-14
5E-05 4.11291460832745E-05 0.3 -1.28250591016545E-07 8.95492257974695E-10 0.033 1.64490160024773E-14 7.25927471140693E-14
4.997798972854E-05 4.11120689655172E-05 0.334 -2.20102714600117E-08 -1.70771177572817E-08 0.034 7.7608000063947E-16 8.60605545648691E-14
5E-05 4.10984548335975E-05 0.367 2.20102714600117E-08 -1.36141319197733E-08 0.033 6.69796637672395E-16 7.51277640310171E-14
4.99714285714286E-05 4.10337797619048E-05 0.4 -2.8571428571432E-08 -6.46750716927045E-08 0.033 4.99919142906891E-15 1.02778335982354E-13
4.99661431513903E-05 4.09598352214212E-05 0.433 -5.28542003824839E-09 -7.3944540483545E-08 0.033 5.49573073230335E-15 1.29352765285803E-13
5.02509842519685E-05 4.11254921259842E-05 0.467 2.84841100578184E-07 1.65656904563036E-07 0.034 1.08576662607998E-13 1.17218455027452E-15
5.02462257368799E-05 4.11304816678648E-05 0.5 -4.75851508856095E-09 4.98954188059031E-09 0.033 4.7538994026227E-17 1.08790147781054E-15
5.01978941684665E-05 4.11139308855292E-05 0.533 -4.83315684134169E-08 -1.65507823356847E-08 0.033 2.60986890122401E-15 6.63457635286875E-15
29
2.48709935897436E-05 1.95941506410256E-05 0 0 0 0 0 0
2.47304582210243E-05 1.95926549865229E-05 0.033 -1.40535368719334E-07 -1.49565450272959E-09 0.033 1.97524268434707E-14 1.97524268434707E-14
2.45608465608466E-05 1.95936948853615E-05 0.067 -1.69611660177697E-07 1.03989883863775E-09 0.034 2.87691966578292E-14 9.61913872468812E-14
2.44914871438499E-05 1.96170952050035E-05 0.1 -6.93594169966651E-08 2.34003196419259E-08 0.033 5.35830368546159E-15 1.44551595490998E-13
2.43364811133201E-05 1.95457256461233E-05 0.133 -1.55006030529815E-07 -7.13695588802175E-08 0.033 2.91204834353669E-14 2.88048567583691E-13
2.41551094890511E-05 2.01207420924574E-05 0.2 -1.81371624268984E-07 5.7501644633416E-07 0.067 3.63539579644736E-13 7.89788602345328E-13
2.41788990825688E-05 2.01172591743119E-05 0.233 2.37895935177121E-08 -3.48291814549384E-09 0.033 5.78075478546182E-16 7.52637344458432E-13
2.4415559772296E-05 2.01560721062619E-05 0.3 2.36660689727206E-07 3.88129319499342E-08 0.067 5.75147257487069E-14 5.23175695168091E-13
2.45188470066519E-05 2.01356245380636E-05 0.333 1.03287234355872E-07 -2.04475681982963E-08 0.033 1.10863558261087E-14 4.17201197156597E-13
2.45470479704797E-05 2.01323800738007E-05 0.366 2.82009638278211E-08 -3.24446426282421E-09 0.033 8.05820909170818E-16 3.94631686545664E-13
2.46144695787832E-05 2.01082293291732E-05 0.4 6.74216083034445E-08 -2.41507446275726E-08 0.034 5.12893173228932E-15 3.30081465806712E-13
2.475E-05 2.01222316865417E-05 0.433 1.35530421216849E-07 1.40023573685717E-08 0.033 1.85645610870937E-14 2.93509039392414E-13
2.47716599190283E-05 2.01331983805668E-05 0.466 2.16599190283411E-08 1.09666940250648E-08 0.033 5.89420470153684E-16 3.00439643642201E-13
2.49368974583699E-05 2.01603856266433E-05 0.5 1.65237539341511E-07 2.71872460764939E-08 0.034 2.80425907568613E-14 3.24965378837333E-13
2.46543745480839E-05 2.01372017353579E-05 0.533 -2.82522910285977E-07 -2.3183891285381E-08 0.033 8.03566876515903E-14 3.41828300265054E-13
2.48291139240506E-05 2.01331990794016E-05 0.566 1.74739375966759E-07 -4.002655956306E-09 0.0329999999999999 3.05498707679568E-14 2.92327125314123E-13
2.46380065717415E-05 2.0131161007667E-05 0.6 -1.91107352309125E-07 -2.03807173457804E-09 0.034 3.65261738429992E-14 3.42663084437822E-13
2.44326484018265E-05 2.00933789954338E-05 0.633 -2.05358169915026E-07 -3.77820122332437E-08 0.033 4.35994583992418E-14 4.4137545361515E-13
2.4405777537797E-05 2.01811555075594E-05 0.7 -2.68708640295081E-08 8.77765121256075E-08 0.0669999999999999 8.42675941462924E-15 5.61000688323106E-13
2.44083912611718E-05 2.0146722939424E-05 0.733 2.61372337482157E-09 -3.44325681353652E-08 0.033 1.19243329827666E-15 5.19337059357324E-13
2.42945501730104E-05 2.01027249134948E-05 0.766 -1.13841088161415E-07 -4.39980259292199E-08 0.033 1.48956196394433E-14 5.909348033126E-13
2.4419346473029E-05 2.01838692946058E-05 0.799 1.24796300018662E-07 8.11443811109989E-08 0.0329999999999999 2.2158527084235E-14 5.51753208416969E-13
2.45884801288937E-05 1.99197099892589E-05 0.833 1.6913365586462E-07 -2.64159305346947E-07 0.034 9.83863321475133E-14 1.85802744783442E-13
2.48758637709773E-05 2.01108094768016E-05 0.866 2.87383642083629E-07 1.91099487542719E-07 0.033 1.19108371876341E-13 2.66960071250597E-13
2.49351851851852E-05 2.01450617283951E-05 0.899 5.93214142078935E-08 3.42522515934824E-08 0.0329999999999999 4.69224692284769E-15 3.07623587111895E-13
2.50679385760819E-05 1.99100744532341E-05 0.933 1.32753390896713E-07 -2.34987275161E-07 0.034 7.28424822821671E-14 1.38595182764098E-13
2.50043859649123E-05 1.98873555840822E-05 0.966 -6.35526111696194E-08 -2.27188691519054E-08 0.033 4.55508140201823E-15 1.03762664385919E-13
2.52563025210084E-05 1.98402255639098E-05 1.033 2.51916556096123E-07 -4.71300201723821E-08 0.0669999999999999 6.56831900367804E-14 2.09015840184865E-13
2.54683490162532E-05 1.95545337895637E-05 1.099 2.12046495244802E-07 -2.85691774346045E-07 0.0660000000000001 1.26583506074596E-13 3.5840300050024E-13
15
1.13753101736973E-05 5.04625723738627E-05 0 0 0 0 0 0
1.14332549941246E-05 5.07628084606345E-05 0.066 5.79448204272879E-08 3.00236086771847E-07 0.066 9.34993100144224E-14 9.34993100144224E-14
1.13415354330709E-05 5.06152121609799E-05 0.099 -9.17195610536918E-08 -1.47596299654666E-07 0.033 3.01971455516317E-14 2.44396377155592E-14
1.1187154402382E-05 5.04521480221182E-05 0.133 -1.54381030688901E-07 -1.63064138861635E-07 0.034 5.04234160192541E-14 3.55112613885495E-14
1.12109337203677E-05 5.05071359458152E-05 0.166 2.37793179857171E-08 5.49879236969488E-08 0.033 3.58912771636731E-15 2.90055303543793E-14
1.12463818398097E-05 5.06792228390166E-05 0.199 3.54481194419929E-08 1.7208689320146E-07 0.033 3.08704679837044E-14 6.35599393304558E-14
1.10850925390399E-05 5.06422064777328E-05 0.233 -1.61289300769768E-07 -3.7016361283861E-08 0.034 2.73844495454981E-14 1.16494686739326E-13
1.09160496515679E-05 5.04285714285714E-05 0.266 -1.69042887471964E-07 -2.13635049161361E-07 0.033 7.42154320350362E-14 2.12076291467202E-13
1.10209587274291E-05 5.0411758383491E-05 0.299 1.04909075861119E-07 -1.68130450804611E-08 0.033 1.12885926829117E-14 1.28147009089869E-13
1.12785888077859E-05 5.05920519059205E-05 0.333 2.57630080356826E-07 1.80293522429551E-07 0.034 9.88790125347196E-14 2.61199718456759E-14
1.13028059236165E-05 5.05841777084957E-05 0.366 2.42171158306341E-08 -7.87419742480466E-09 0.033 6.48471684239151E-16 2.00447236909796E-14
1.12286036036036E-05 5.06064189189189E-05 0.399 -7.42023200129189E-08 2.22412104232035E-08 0.033 6.00065573638884E-15 4.22146462332592E-14
1.13627572016461E-05 5.09475308641975E-05 0.433 1.34153598042486E-07 3.41111945278612E-07 0.034 1.34354547079504E-13 2.35342314455158E-13
1.13974495217853E-05 5.09252125398512E-05 0.466 3.46923201392446E-08 -2.23183243463083E-08 0.033 1.70166467827086E-15 2.14526073919654E-13
1.17892206477733E-05 5.11632085020243E-05 0.532 3.91771125987944E-07 2.37995962173066E-07 0.0660000000000001 2.10126693168545E-13 6.62212864635091E-13
11
3.75314716312057E-05 3.1114804964539E-05 0 0 0 0 0 0
3.74976525821596E-05 3.11239101274313E-05 0.033 -3.38190490460519E-08 9.10516289224716E-09 0.033 1.22663206967362E-15 1.22663206967362E-15
3.75393343419062E-05 3.11217851739788E-05 0.067 4.16817597465808E-08 -2.12495345243369E-09 0.034 1.7418845227467E-15 1.10545543383873E-16
3.75086972612879E-05 3.11106587712805E-05 0.1 -3.06370806182699E-08 -1.1126402698288E-08 0.033 1.06242754581484E-15 5.35862843686724E-16
3.74313113291704E-05 3.10912132024978E-05 0.133 -7.73859321175507E-08 -1.94455687827642E-08 0.033 6.36671263498738E-15 1.05886573400113E-14
3.74386856368564E-05 3.10931571815718E-05 0.167 7.37430768598557E-09 1.94397907404564E-09 0.034 5.81594684879132E-17 9.07786725478416E-15
3.75356783919598E-05 3.11520100502513E-05 0.233 9.69927551034289E-08 5.88528686794412E-08 0.066 1.28712546943533E-14 1.40191523889816E-15
3.74401132404181E-05 3.10921167247387E-05 0.267 -9.55651515416775E-08 -5.98933255125793E-08 0.034 1.27199086301396E-14 8.86111179252891E-15
3.74227416798732E-05 3.10772583201268E-05 0.366 -1.73715605449019E-08 -1.48584046118927E-08 0.099 5.22543303375905E-16 1.32319528233764E-14
3.74260299625468E-05 3.11367041198502E-05 0.4 3.28828267359427E-09 5.94457997234024E-08 0.034 3.54461590769632E-15 1.15975184929084E-14
3.74332386363636E-05 3.1078125E-05 0.433 7.20867381681956E-09 -5.85791198501866E-08 0.033 3.48347826061983E-15 1.09951410742197E-14
22
2.37930929095355E-05 4.78257946210269E-05 0 0 0 0 0 0
2.38228346456693E-05 4.78702755905512E-05 0.034 2.97417361338397E-08 4.44809695242867E-08 0.034 2.86312751807547E-15 2.86312751807547E-15
2.36678971486762E-05 4.78012983706721E-05 0.067 -1.54937496993121E-07 -6.89772198790806E-08 0.033 2.87634848367403E-14 1.6274044818579E-14
2.36797594677584E-05 4.78799897645855E-05 0.1 1.18623190822724E-08 7.86913939133669E-08 0.033 6.33305009003832E-15 1.5781582610357E-14
2.39077847439916E-05 4.78962904911181E-05 0.134 2.28025276233197E-07 1.63007265326129E-08 0.034 5.22612402867168E-14 1.81238845908391E-14
2.36759144451333E-05 4.79460632362058E-05 0.167 -2.3187029885835E-07 4.97727450877505E-08 0.033 5.62411616462309E-14 2.81953323167079E-14
2.3510147601476E-05 4.79506038242201E-05 0.2 -1.65766843657277E-07 4.54058801422974E-09 0.033 2.74992633956111E-14 9.56353845545639E-14
2.35191100969766E-05 4.81187963491158E-05 0.234 8.96249550059736E-09 1.68192524895744E-07 0.034 2.83690517564037E-14 1.60916594240741E-13
2.34205832389581E-05 4.81124009060023E-05 0.267 -9.85268580185128E-08 -6.39544311354001E-09 0.033 9.7484434436187E-15 2.20906617261032E-13
2.34480136561142E-05 4.81083178150217E-05 0.3 2.74304171561148E-08 -4.0830909805365E-09 0.033 7.69099417313817E-16 1.98899046286803E-13
2.34209416725228E-05 4.80305692199578E-05 0.334 -2.70719835913731E-08 -7.77485950638948E-08 0.034 6.77773632998105E-15 1.80429179577345E-13
2.33217391304348E-05 4.82639492753623E-05 0.367 -9.9202542088058E-08 2.33380055404488E-07 0.033 6.4307394617335E-14 4.14153886188282E-13
2.31575907590759E-05 4.82435172088637E-05 0.4 -1.64148371358873E-07 -2.04320664985786E-08 0.033 2.73621571611729E-14 5.78355143627819E-13
2.31420638593244E-05 4.82825080981027E-05 0.433 -1.55268997515208E-08 3.89908892389883E-08 0.033 1.76137405954083E-15 6.32426024361423E-13
2.31802192782092E-05 4.8261420740064E-05 0.467 3.81554188848412E-08 -2.10873580387769E-08 0.034 1.90051265933327E-15 5.65384203562283E-13
2.32557569818716E-05 4.82829495345419E-05 0.5 7.55377036624019E-08 2.15287944779377E-08 0.033 6.16943366626212E-15 4.97720514109245E-13
2.31871396540679E-05 4.81961082639334E-05 0.533 -6.86173278037252E-08 -8.68412706085167E-08 0.033 1.22497439558255E-14 5.04311541934387E-13
2.32380994989263E-05 4.81275053686471E-05 0.567 5.09598448583652E-08 -6.86028952862756E-08 0.0339999999999999 7.30326302964835E-15 3.99047061049155E-13
2.3294933655006E-05 4.78953558504222E-05 0.6 5.68341560797592E-08 -2.32149518224901E-07 0.033 5.7123520109352E-14 2.53001407508296E-13
2.3184803605924E-05 4.78849001931745E-05 0.633 -1.10130049082013E-07 -1.04556572476966E-08 0.033 1.22379484792879E-14 3.73509345546981E-13
2.3084595959596E-05 4.80214646464646E-05 0.667 -1.00207646328059E-07 1.36564453290141E-07 0.0339999999999999 2.86914222850445E-14 5.40254686928376E-13
2.32536458333333E-05 4.787578125E-05 0.7 1.69049873737375E-07 -1.45683396464641E-07 0.033 4.98015118160962E-14 2.9350181109911E-13
20
5.12031071835804E-05 4.09615165336374E-05 0 0 0 0 0 0
5.11457709580838E-05 4.0874251497006E-05 0.033 -5.73362254965559E-08 -8.72650366314147E-08 0.033 1.09026293724741E-14 1.09026293724741E-14
5.11310463968411E-05 4.11606614017769E-05 0.067 -1.47245612427653E-08 2.86409904770913E-07 0.034 8.22474462546755E-14 4.48514354917882E-14
5.106025E-05 4.107275E-05 0.1 -7.0796396841061E-08 -8.79114017768998E-08 0.033 1.27405443680565E-14 3.27810589395584E-14
5.12613009922822E-05 4.11852260198456E-05 0.2 2.01050992282248E-07 1.12476019845644E-07 0.1 5.30723565379943E-14 5.34324535907854E-14
5.13477979274611E-05 4.11175518134715E-05 0.233 8.64969351788858E-08 -6.76742063741429E-08 0.033 1.20615180037105E-14 4.52824199176711E-14
5.10744985673352E-05 4.1057664756447E-05 0.267 -2.73299360125897E-07 -5.98870570245111E-08 0.034 7.82789998442817E-14 2.57846569219334E-14
5.09740051347882E-05 4.10430038510911E-05 0.333 -1.00493432547047E-07 -1.46609053558464E-08 0.0659999999999999 1.0313872130941E-14 5.91279316665872E-14
5.09375E-05 4.10625E-05 0.367 -3.65051347881931E-08 1.9496148908857E-08 0.034 1.71272468818047E-15 8.0744836448111E-14
5.10491723466407E-05 4.10817916260954E-05 0.4 1.11672346640702E-07 1.92916260954235E-08 0.033 1.28428798416468E-14 3.81620318894329E-14
5.10682976554536E-05 4.11850152905199E-05 0.433 1.91253088129173E-08 1.03223664424455E-07 0.033 1.10209023344019E-14 6.81253032017742E-14
5.12471682847896E-05 4.11820388349515E-05 0.466 1.78870629336025E-07 -2.97645556842241E-09 0.033 3.20035613268164E-14 5.05714660166196E-14
5.1239375E-05 4.11325E-05 0.5 -7.79328478964203E-09 -4.95388349514556E-08 0.034 2.51483145616003E-15 3.05507002772173E-14
5.13638265081462E-05 4.09837076177895E-05 0.533 1.24451508146187E-07 -1.4879238221048E-07 0.033 3.76273508837301E-14 2.63231455047346E-14
5.12919371370003E-05 4.08974205671336E-05 0.566 -7.18893711458506E-08 -8.62870506559332E-08 0.0329999999999999 1.26135367946454E-14 1.19990535466491E-14
5.14393610421836E-05 4.1147952853598E-05 0.6 1.47423905183281E-07 2.50532286464427E-07 0.034 8.45002343805828E-14 9.05743871053732E-14
5.13404654654655E-05 4.11311311311311E-05 0.633 -9.88955767181565E-08 -1.68217224668794E-08 0.033 1.00633054411695E-14 4.76364092853818E-14
5.13555809399478E-05 4.11573107049608E-05 0.666 1.51154744823145E-08 2.6179573829701E-08 0.0329999999999999 9.1384765473027E-16 6.15836039050135E-14
5.12794343978453E-05 4.09119853789919E-05 0.7 -7.61465421024496E-08 -2.45325325968913E-07 0.034 6.59828114359138E-14 8.27917891796079E-15
5.12941529492455E-05 4.08515089163237E-05 0.733 1.47185514002146E-08 -6.04764626681913E-08 0.033 3.87403829217789E-15 2.03910073125856E-14
12
6.409326625387E-05 4.41594427244582E-05 0 0 0 0 0 0
6.42877166156983E-05 4.43323139653415E-05 0.1 1.94450361828302E-07 1.72871240883289E-07 0.1 6.76954091396858E-14 6.76954091396858E-14
6.41302351212344E-05 4.44191770756797E-05 0.133 -1.5748149446388E-07 8.68631103381574E-08 0.033 3.23456210361961E-14 6.8828630358634E-14
6.42828307392996E-05 4.44000486381323E-05 0.2 1.5259561806522E-07 -1.91284375473515E-08 0.067 2.36513197757095E-14 9.38258998311511E-14
6.41815616180621E-05 4.4305032925682E-05 0.233 -1.01269121237522E-07 -9.50157124502624E-08 0.033 1.92834205286508E-14 2.89925780302153E-14
6.44486251808972E-05 4.41667872648336E-05 0.266 2.67063562835162E-07 -1.38245660848462E-07 0.033 9.04348093376383E-14 1.26333909291307E-13
6.45255636070853E-05 4.41143317230274E-05 0.3 7.6938426188093E-08 -5.24555418061965E-08 0.034 8.67110529048226E-15 1.88916004047111E-13
6.46335376532399E-05 4.43555166374781E-05 0.333 1.07974046154581E-07 2.41184914450734E-07 0.033 6.98285576015996E-14 3.3033816434411E-13
6.45108038029386E-05 4.41272687986171E-05 0.366 -1.22733850301287E-07 -2.28247838860995E-07 0.033 6.71606739544933E-14 1.75372766386299E-13
6.45728228228228E-05 4.40993493493493E-05 0.399 6.20190198841897E-08 -2.79194492677703E-08 0.033 4.62585447481112E-15 2.33585716557812E-13
6.46400476758045E-05 4.41281287246722E-05 0.433 6.72248529816955E-08 2.8779375322884E-08 0.034 5.34743330238599E-15 2.99950489955369E-13
6.44630937098845E-05 4.40452503209243E-05 0.466 -1.76953965920063E-07 -8.28784037479693E-08 0.033 3.81815358626503E-14 1.49812252247009E-13
13
2.31376537369915E-05 4.75938978240303E-05 0 0 0 0 0 0
2.26006366307542E-05 4.78315377081293E-05 0.1 -5.37017106237322E-07 2.37639884099011E-07 0.1 3.44860086906098E-13 3.44860086906098E-13
2.27016393442623E-05 4.74144808743169E-05 0.133 1.0100271350813E-07 -4.17056833812346E-07 0.033 1.84137950765584E-13 2.22298992511443E-13
2.26591760299625E-05 4.76260923845194E-05 0.167 -4.2463314299745E-08 2.11611510202417E-07 0.034 4.65825643114665E-14 2.29977405848754E-13
2.27014880952381E-05 4.7638244047619E-05 0.2 4.23120652755458E-08 1.21516630996936E-08 0.033 1.9379737839705E-15 1.92207054592733E-13
2.2704E-05 4.77875E-05 0.233 2.51190476190644E-09 1.49255952380955E-07 0.033 2.22836489866787E-14 2.25537366146894E-13
2.275E-05 4.7869123252859E-05 0.266 4.59999999999994E-08 8.16232528589538E-08 0.033 8.77835540727665E-15 2.26024456477396E-13
2.275E-05 4.78555327868853E-05 0.3 0 -1.35904659737065E-08 0.034 1.84700765382474E-16 2.18728273591589E-13
2.28494165170557E-05 4.79187612208258E-05 0.333 9.94165170556549E-08 6.32284339406013E-08 0.033 1.38814787220583E-14 1.88616921533897E-13
2.28284828244275E-05 4.78785782442748E-05 0.367 -2.09336926281729E-08 -4.01829765510442E-08 0.034 2.05289109155259E-15 1.76629594846263E-13
2.27974452554745E-05 4.80754257907543E-05 0.433 -3.10375689530282E-08 1.96847546479454E-07 0.066 3.97122872414947E-14 3.47610993633462E-13
2.27859572400389E-05 4.7828231292517E-05 0.5 -1.14880154355816E-08 -2.47194498237249E-07 0.067 6.12370944574135E-14 1.78602600421765E-13
2.28230174081238E-05 4.79417311411992E-05 0.6 3.70601680849205E-08 1.13499848682217E-07 0.1 1.42556717093687E-14 2.19984035976098E-13
15
7.88557394002068E-05 1.67192347466391E-06 0 0 0 0 0 0
7.8924365303244E-05 1.62905500705219E-06 0.033 6.8625903037173E-08 -4.28684676117228E-08 0.033 6.54722008304479E-15 6.54722008304479E-15
7.88538602941177E-05 1.61626838235294E-06 0.067 -7.05050091263502E-08 -1.2786624699245E-08 0.034 5.13445408310606E-15 3.10102033983673E-15
7.86808588064047E-05 1.81198447355653E-06 0.1 -1.73001487712995E-07 1.95716091203585E-07 0.033 6.82343031069194E-14 5.02003054993979E-14
7.85327613104524E-05 1.60998439937597E-06 0.133 -1.48097495952243E-07 -2.02000074180551E-07 0.033 6.27368982762727E-14 1.08151295508935E-13
7.85506756756757E-05 1.61380912162162E-06 0.167 1.79143652232625E-08 3.82472224564667E-09 0.034 3.35552981608782E-16 9.64411540543422E-14
7.8563829787234E-05 1.58395004625347E-06 0.2 1.31541115583644E-08 -2.98590753681527E-08 0.033 1.06459503273092E-15 9.29505462522094E-14
7.86322533849129E-05 1.91719052224371E-06 0.233 6.84235976789154E-08 3.33240475990245E-07 0.033 1.15731003557531E-13 1.10101923660447E-13
7.86292613636364E-05 1.90861742424242E-06 0.266 -2.99202127659726E-09 -8.57309800128947E-09 0.033 8.24502006593242E-17 1.07316326815892E-13
7.86456589958159E-05 1.87016213389121E-06 0.3 1.63976321795332E-08 -3.8455290351211E-08 0.034 1.7476916970912E-15 8.34323423212987E-14
7.86508843036109E-05 1.85298452468681E-06 0.333 5.22530779501551E-09 -1.71776092044043E-08 0.033 3.22374099531884E-16 7.47487144367192E-14
7.86381334981459E-05 1.60105067985167E-06 0.366 -1.27508054650463E-08 -2.5193384483514E-07 0.033 6.3633245213424E-14 5.23752816562651E-14
7.84359720605355E-05 1.55791618160652E-06 0.4 -2.02161437610357E-07 -4.31344982451496E-08 0.034 4.27298317955471E-14 1.89202282325014E-13
7.81624203821656E-05 1.62388535031847E-06 0.466 -2.73551678369898E-07 6.59691687119521E-08 0.066 7.91824519595343E-14 4.82998922168273E-13
7.79811373873874E-05 1.08896396396396E-06 0.5 -1.81282994778215E-07 -5.34921386354507E-07 0.034 3.19004413775186E-13 1.10477047194333E-12
25
9.07414841849148E-05 2.61207420924574E-05 0 0 0 0 0 0
9.08529411764706E-05 2.61282853566959E-05 0.034 1.11456991555755E-07 7.54326423844986E-09 0.034 1.24795618020308E-14 1.24795618020308E-14
9.08592715231788E-05 2.61371412803532E-05 0.067 6.33034670821075E-09 8.85592365733245E-09 0.033 1.18500673270655E-16 1.41427904189511E-14
9.10176824680211E-05 2.61060948081264E-05 0.101 1.58410944842259E-07 -3.10464722267909E-08 0.034 2.60579108835463E-14 7.65000345291001E-14
9.1043808411215E-05 2.63758177570093E-05 0.134 2.61259431938896E-08 2.69722948882936E-07 0.033 7.34330340618775E-14 1.56463532454571E-13
9.10304331590739E-05 2.63690253920836E-05 0.167 -1.33752521410173E-08 -6.79236492570112E-09 0.033 2.25033591119683E-16 1.45136106540882E-13
9.10676751592357E-05 2.63674805378627E-05 0.2 3.72420001617257E-08 -1.54485422094197E-09 0.033 1.38935315060994E-15 1.67280412169385E-13
9.1169384312623E-05 2.62239246556087E-05 0.234 1.01709153387333E-07 -1.43555882254045E-07 0.034 3.09530432125052E-14 1.93745160631116E-13
9.11720032840722E-05 2.61759715380405E-05 0.267 2.61897144925172E-09 -4.79531175681558E-08 0.033 2.30636049595737E-15 1.88396986398721E-13
9.11679325676176E-05 2.63973693960726E-05 0.3 -4.07071645460633E-09 2.21397858032116E-07 0.033 4.90335822736628E-14 2.58380888215251E-13
9.13042754395312E-05 2.65718566862014E-05 0.334 1.36342871913527E-07 1.74487290128766E-07 0.034 4.90351931381088E-14 5.20238372961405E-13
9.13625719518577E-05 2.66076661433804E-05 0.367 5.82965123264927E-08 3.58094571790417E-08 0.033 4.68080057289054E-15 6.22845045613293E-13
9.1364982909229E-05 2.64605013292822E-05 0.4 2.41095737135311E-09 -1.4716481409824E-07 0.033 2.16632952240159E-14 5.04186998229152E-13
9.13743130070662E-05 2.66256215650353E-05 0.434 9.33009783719285E-09 1.65120235753143E-07 0.034 2.73517429808252E-14 6.55375599976037E-13
9.12413525068014E-05 2.64072094830937E-05 0.467 -1.32960500264801E-07 -2.18412081941665E-07 0.033 6.53823321687586E-14 3.31931905123632E-13
9.11838376101111E-05 2.63843355036385E-05 0.5 -5.75148966903356E-08 -2.28739794552126E-08 0.033 3.83118227741747E-15 2.65158039200891E-13
9.12580900457263E-05 2.64158459373901E-05 0.533 7.42524356152785E-08 3.15104337516274E-08 0.033 6.50633163001678E-15 3.53967894718841E-13
9.10583900226757E-05 2.64155328798186E-05 0.567 -1.9970002305061E-07 -3.13057571485587E-10 0.0339999999999999 3.98801972114574E-14 1.87330918319959E-13
9.11467795979151E-05 2.67311988086374E-05 0.6 8.83895752393755E-08 3.15665928818785E-07 0.033 1.07457695628023E-13 5.36921774128284E-13
9.12427032661571E-05 2.64223419041001E-05 0.633 9.59236682419373E-08 -3.08856904537311E-07 0.033 1.04593937609359E-13 3.42183013784169E-13
9.12207750952986E-05 2.64053367217281E-05 0.667 -2.19281708584447E-08 -1.70051823719888E-08 0.0339999999999999 7.7002090470174E-16 3.10713879786205E-13
9.11324626865672E-05 2.66190298507463E-05 0.7 -8.831240873144E-08 2.13693129018189E-07 0.033 5.34638349255334E-14 4.01154878814826E-13
9.09893617021276E-05 2.68409470171047E-05 0.733 -1.43100984439513E-07 2.21917166358445E-07 0.033 6.97251204721195E-14 5.80138397025804E-13
9.10352834740651E-05 2.6580066344994E-05 0.767 4.59217719374863E-08 -2.60880672110744E-07 0.034 7.01675342188321E-14 2.97296791273482E-13
9.11570636451302E-05 2.63372709739634E-05 0.8 1.21780171065041E-07 -2.42795371030613E-07 0.0329999999999999 7.37800022585238E-14 2.19591044279086E-13
21
2.58108808290155E-05 2.00935880829016E-05 0 0 0 0 0 0
2.58515715948778E-05 2.01289289871944E-05 0.034 4.06907658622195E-08 3.5340904292859E-08 0.034 2.90471794269099E-15 2.90471794269099E-15
2.57486133122029E-05 2.0044175911252E-05 0.067 -1.02958282674912E-07 -8.47530759424338E-08 0.033 1.7783491853071E-14 6.31880635714598E-15
2.57239583333333E-05 1.99230769230769E-05 0.1 -2.46549788695205E-08 -1.21098988175056E-07 0.033 1.52728329200789E-14 3.66295758803652E-14
2.56873730534868E-05 1.99226472579553E-05 0.134 -3.6585279846534E-08 -4.29665121608025E-10 0.034 1.33866731356594E-15 4.44749362493602E-14
2.56798169136879E-05 1.99853966870096E-05 0.167 -7.55613979891834E-09 6.27494290542749E-08 0.033 3.99458609529828E-15 2.88831280460692E-14
2.58041408852927E-05 1.99673964778677E-05 0.2 1.24323971604838E-07 -1.80002091419098E-08 0.033 1.5780457444753E-14 1.59697480224122E-14
2.57811130587204E-05 1.98796012269939E-05 0.234 -2.30278265722958E-08 -8.7795250873814E-08 0.034 8.23828687263967E-15 4.66764946496009E-14
2.59094014313598E-05 1.96123942745608E-05 0.267 1.28288372639371E-07 -2.67206952433035E-07 0.033 8.78574619830086E-14 2.41253790271722E-13
2.5855314197052E-05 1.95793250581846E-05 0.3 -5.40872343078149E-08 -3.3069216376191E-08 0.033 4.01900198680381E-15 2.66440782786051E-13
2.57994041708044E-05 1.95985600794439E-05 0.333 -5.59100262476093E-08 1.92350212592522E-08 0.033 3.49591707785225E-15 2.45184437890975E-13
2.58602189781022E-05 1.96277372262774E-05 0.367 6.08148072978203E-08 2.91771468334794E-08 0.034 4.54974668401343E-15 2.19451273572781E-13
2.55820016820858E-05 1.96299411269975E-05 0.4 -2.78217296016404E-07 2.20390072010446E-09 0.033 7.74097209810634E-14 2.67354163618413E-13
2.60063233965673E-05 1.9616982836495E-05 0.433 4.24321714481515E-07 -1.29582905024428E-08 0.033 1.80216834673278E-13 2.65350358113443E-13
2.61342105263158E-05 1.96305263157895E-05 0.467 1.2788712974849E-07 1.35434792944409E-08 0.034 1.65385437867062E-14 3.18968293317231E-13
2.61393442622951E-05 1.9624043715847E-05 0.5 5.13373597929245E-09 -6.48259994247979E-09 0.033 6.83793471193209E-17 3.28360139634449E-13
2.61151292802236E-05 1.9629105520615E-05 0.533 -2.4214982071463E-08 5.06180476795848E-09 0.033 6.11987224230202E-16 3.08311170730839E-13
2.58486687548943E-05 1.96290133124511E-05 0.567 -2.66460525329336E-07 -9.22081638954353E-11 0.0339999999999999 7.10012200611312E-14 2.17257644681349E-13
2.58747997864389E-05 1.94786438868126E-05 0.6 2.61310315445833E-08 -1.50369425638459E-07 0.033 2.32937949764241E-14 3.82241997421577E-13
2.59347048300537E-05 1.94406305903399E-05 0.633 5.99050436148012E-08 -3.80132964727054E-08 0.033 5.03362495921303E-15 4.41685870325501E-13
2.59172738962709E-05 1.94436348049721E-05 0.667 -1.74309337827729E-08 3.00421463224509E-09 0.0339999999999999 3.1286275809601E-16 4.33758748251195E-13
23
9.11643536875496E-05 2.64900872323553E-05 0 0 0 0 0 0
9.12363921001927E-05 2.64427986512524E-05 0.033 7.20384126431099E-08 -4.72885811028618E-08 0.033 7.42574279886092E-15 7.42574279886092E-15
9.13583248902398E-05 2.63769841269841E-05 0.066 1.21932790047111E-07 -6.58145242682835E-08 0.033 1.91991568933334E-14 5.04171399176873E-14
9.14650064061499E-05 2.6389734144779E-05 0.099 1.06681515910125E-07 1.27500177948612E-08 0.033 1.15435087906516E-14 1.00462799387873E-13
9.14407534246575E-05 2.64063356164384E-05 0.133 -2.42529814923813E-08 1.66014716593672E-08 0.034 8.63815972526563E-16 8.34111478420472E-14
9.13774525570923E-05 2.63086201350917E-05 0.166 -6.33008675652178E-08 -9.77154813466861E-08 0.033 1.35553151293238E-14 7.83414355896749E-14
9.1452111774744E-05 2.63961177474403E-05 0.2 7.4659217651714E-08 8.74976123486029E-08 0.034 1.32298309470724E-14 9.16349808410058E-14
9.15513274336283E-05 2.62721238938053E-05 0.233 9.92156588842903E-08 -1.23993853634961E-07 0.033 2.52182227070919E-14 1.97256697106067E-13
9.15359628770302E-05 2.62408642691415E-05 0.266 -1.53645565981577E-08 -3.12596246637788E-08 0.033 1.21323373357832E-15 2.00205475099461E-13
9.153515625E-05 2.630810546875E-05 0.299 -8.06627030158324E-10 6.72411996084676E-08 0.033 4.52202957195157E-15 1.70611902604694E-13
9.15010903426791E-05 2.59593457943925E-05 0.333 -3.40659073208656E-08 -3.48759674357478E-07 0.034 1.22793796499528E-13 3.95078048878618E-13
9.14329105473965E-05 2.6078437917223E-05 0.366 -6.81797952826031E-08 1.19092122830441E-07 0.033 1.88314182050385E-14 2.41577945619762E-13
9.14869351669941E-05 2.59116895874263E-05 0.399 5.40246195975698E-08 -1.66748329796636E-07 0.033 3.07236650126299E-14 4.38602646539976E-13
9.14695439739414E-05 2.58184039087948E-05 0.433 -1.73911930527311E-08 -9.32856786315384E-08 0.034 9.00467143354402E-15 5.44299598057169E-13
9.14747631734754E-05 2.61252220248668E-05 0.466 5.21919953405359E-09 3.06818116071998E-07 0.033 9.41645963937463E-14 2.29480668588372E-13
9.14800810263336E-05 2.61899898717083E-05 0.499 5.31785285814124E-09 6.47678468415194E-08 0.033 4.22315354350735E-15 1.89742178322902E-13
9.13305822328932E-05 2.58338835534214E-05 0.532 -1.49498793440401E-07 -3.56106318286937E-07 0.033 1.49161599164013E-13 4.58235197533437E-13
9.12719522591645E-05 2.58156436487639E-05 0.566 -5.86299737286282E-08 -1.82399046575163E-08 0.0339999999999999 3.77016794133492E-15 4.66451600061217E-13
9.12501178689297E-05 2.58932107496464E-05 0.599 -2.18343902347868E-08 7.75671008825398E-08 0.033 6.49339573624706E-15 3.63617030418736E-13
9.12731316725979E-05 2.59435688866294E-05 0.632 2.30138036681211E-08 5.03581369829931E-08 0.033 3.06557711967272E-15 3.10514952246128E-13
9.12474928366762E-05 2.61369985673352E-05 0.666 -2.56388359216544E-08 1.93429680705858E-07 0.0339999999999999 3.80723912853877E-14 1.31583723483129E-13
9.11307371349096E-05 2.61474269819193E-05 0.732 -1.16755701766621E-07 1.04284145840872E-08 0.0660000000000001 1.37406457257538E-14 1.18546119840218E-13
9.09940476190476E-05 2.61818452380952E-05 0.766 -1.36689515861974E-07 3.44182561759077E-08 0.034 1.98686401047713E-14 1.24017283993991E-13
15
2.35790229885057E-05 6.93965517241379E-07 0 0 0 0 0 0
2.34857530529172E-05 6.41791044776119E-07 0.033 -9.32699355885163E-08 -5.217447246526E-08 0.033 1.14214564617141E-14 1.14214564617141E-14
2.33759541984733E-05 6.3676844783715E-07 0.066 -1.09798854443948E-07 -5.02259693896923E-09 0.033 1.20810149172146E-14 4.45084382336813E-14
2.35239361702128E-05 6.19015957446809E-07 0.1 1.47981971739483E-07 -1.77524903903417E-08 0.034 2.22138148749644E-14 8.65199406304387E-15
2.368310488677E-05 9.57091775923719E-07 0.133 1.59168716557197E-07 3.3807581847691E-07 0.033 1.39629939369298E-13 8.0068469554448E-14
2.37220371251785E-05 8.99333650642551E-07 0.166 3.89322384085204E-08 -5.77581252811675E-08 0.033 4.85172022349292E-15 6.26291135049296E-14
2.37455396966994E-05 9.04772524531668E-07 0.2 2.35025715208899E-08 5.4388738891169E-09 0.034 5.81952217276261E-16 7.21674084303291E-14
2.37539664022399E-05 8.95706952869809E-07 0.233 8.42670554047587E-09 -9.06557166185939E-09 0.033 1.53193955822195E-16 7.13048048583609E-14
2.36293882978723E-05 8.95478723404255E-07 0.266 -1.24578104367512E-07 -2.28229465553453E-10 0.033 1.55197561764916E-14 4.31442366456341E-14
2.3531954887218E-05 9.67919799498747E-07 0.299 -9.74334106542933E-08 7.24410760944916E-08 0.033 1.47409790174561E-14 7.72663549259789E-14
2.35087390761548E-05 9.42259675405743E-07 0.333 -2.32158110632383E-08 -2.5660124093004E-08 0.034 1.19741585179234E-15 6.65898173139048E-14
2.3644476744186E-05 1.12906976744186E-06 0.366 1.3573766803124E-07 1.86810092036118E-07 0.033 5.33227250091018E-14 1.93599902675179E-13
2.36954277286136E-05 7.10176991150443E-07 0.399 5.09509844275229E-08 -4.18892776291418E-07 0.033 1.78067160843266E-13 1.38128754058737E-14
2.36802013422819E-05 6.64093959731544E-07 0.466 -1.52263863316904E-08 -4.60830314188989E-08 0.067 2.35548862547711E-15 1.11293692209114E-14
2.33644295302013E-05 1.1238255033557E-06 0.566 -3.15771812080538E-07 4.59731543624161E-07 0.1 3.1106492950768E-13 2.30829960009253E-13
22
4.58492907801418E-05 3.81309101654846E-05 0 0 0 0 0 0
4.58681489141675E-05 3.81302998965874E-05 0.033 1.88581340256846E-08 -6.10268897254684E-10 0.033 3.56001647057639E-16 3.56001647057639E-16
4.58071748878924E-05 3.81053811659193E-05 0.067 -6.09740262751472E-08 -2.4918730668098E-08 0.034 4.33877501831156E-15 2.42547819877613E-15
4.58297101449275E-05 3.82892829900839E-05 0.1 2.25352570351589E-08 1.83901824164622E-07 0.033 3.43277187407161E-14 2.54653528469464E-14
4.58176574977817E-05 3.81477373558119E-05 0.133 -1.20526471458149E-08 -1.41545634272013E-07 0.033 2.01804328846881E-14 1.28381888718467E-15
4.5761724137931E-05 3.81318965517241E-05 0.166 -5.5933359850691E-08 -1.58408040877518E-08 0.033 3.37947181833343E-15 7.66888978588944E-15
4.56860993337371E-05 3.81432465172623E-05 0.2 -7.56248041939074E-08 1.13499655381233E-08 0.034 5.84793272708342E-15 2.6783633754845E-14
4.56964716525935E-05 3.81153498190591E-05 0.233 1.0372318856362E-08 -2.78966982031577E-08 0.033 8.85810769096103E-16 2.35958101255229E-14
4.56597020348837E-05 3.81389898255814E-05 0.266 -3.67696177097656E-08 2.36400065222924E-08 0.033 1.91085469489633E-15 3.60091732358278E-14
4.57774755168662E-05 3.81806311207835E-05 0.3 1.17773481982439E-07 4.16412952020622E-08 0.034 1.56045905243733E-14 7.62960543518304E-15
4.5742287434161E-05 3.81439051918736E-05 0.333 -3.51880827051403E-08 -3.6725928909874E-08 0.033 2.58699501875691E-15 1.16185867619409E-14
4.58294573643411E-05 3.8140180878553E-05 0.366 8.71699301800675E-08 -3.72431332061751E-09 0.033 7.61246723730797E-15 4.79310503120947E-16
4.58733862959285E-05 3.81266137040715E-05 0.399 4.39289315874092E-08 -1.35671744814658E-08 0.033 2.11381925382181E-15 5.99053461699493E-16
4.59183673469388E-05 3.81446317657498E-05 0.433 4.49810510102751E-08 1.80180616782764E-08 0.034 2.34794549663114E-15 4.95985439428713E-15
4.5875E-05 3.8125E-05 0.466 -4.33673469387728E-08 -1.96317657497787E-08 0.033 2.26613300696206E-15 6.95894041770858E-16
4.59684808144088E-05 3.81223570869225E-05 0.499 9.34808144087711E-08 -2.64291307752273E-09 0.033 8.74564765206245E-15 1.42794194214421E-14
4.59604863221884E-05 3.81274696048632E-05 0.533 -7.99449222031967E-09 5.11251794074497E-09 0.034 9.00497455551909E-17 1.23762860284288E-14
4.5800708591674E-05 3.81383968113375E-05 0.566 -1.59777730514406E-07 1.09272064742427E-08 0.0329999999999999 2.5648327009665E-14 2.41627890244628E-15
4.5574025974026E-05 3.81439393939394E-05 0.599 -2.26682617648073E-07 5.54258260192597E-09 0.033 5.14157293656818E-14 7.59404742801342E-14
4.55903846153846E-05 3.81305288461538E-05 0.633 1.6358641358643E-08 -1.34105477855471E-08 0.034 4.47447939009145E-16 6.70325475537289E-14
4.56997497914929E-05 3.81567973311093E-05 0.666 1.09365176108298E-07 2.62684849554162E-08 0.0329999999999999 1.2650775047052E-14 2.30326526301761E-14
4.59167647058823E-05 3.80541176470588E-05 0.699 2.17014914389438E-07 -1.02679684050436E-07 0.033 5.76385905841524E-14 1.04498215410142E-14
15
2.26306068601583E-05 4.83662598944591E-05 0 0 0 0 0 0
2.25545E-05 4.8359E-05 0.034 -7.61068601583119E-08 -7.25989445910358E-09 0.034 5.84496023071417E-15 5.84496023071417E-15
2.25155802292264E-05 4.86369985673352E-05 0.067 -3.89197707736386E-08 2.77998567335239E-07 0.033 7.87979519975177E-14 8.6530554814286E-14
2.24550209205021E-05 4.85983263598326E-05 0.1 -6.05593087242688E-08 -3.86722075026071E-08 0.033 5.16296950628601E-15 8.46852665559203E-14
2.24158108108108E-05 4.84367567567568E-05 0.167 -3.92101096912825E-08 -1.61569603075876E-07 0.067 2.76421693400984E-14 5.11071504091086E-14
2.2463747848537E-05 4.83706970740103E-05 0.2 4.7937037726193E-08 -6.60596827464275E-08 0.033 6.6618412705211E-15 2.78616183216099E-14
2.22221193891717E-05 4.83641832484961E-05 0.233 -2.41628459365323E-07 -6.51382551426138E-09 0.033 5.84267422980898E-14 1.6686632641151E-13
2.21777597402597E-05 4.83791599025974E-05 0.267 -4.43596489119393E-08 1.49766541013321E-08 0.034 2.19207861966147E-15 2.05236924210399E-13
2.22256348020911E-05 4.84612584017924E-05 0.3 4.78750618313697E-08 8.20984991949842E-08 0.033 9.0321851154263E-15 1.73027084210736E-13
2.20837320574163E-05 4.86158578263841E-05 0.333 -1.41902744674844E-07 1.54599424591758E-07 0.033 4.40373710303569E-14 3.61371177495408E-13
2.20175817976683E-05 4.83693117713426E-05 0.367 -6.61502597479711E-08 -2.46546055041534E-07 0.034 6.51608141212673E-14 3.75809041193401E-13
2.2003078817734E-05 4.83522167487685E-05 0.4 -1.45029799343064E-08 -1.70950225741393E-08 0.033 5.02576223785226E-16 3.93988653969792E-13
2.20971323846486E-05 4.83486416558862E-05 0.433 9.40535669145675E-08 -3.57509288231483E-09 0.033 8.8588547384702E-15 2.84905418350823E-13
2.22308013355593E-05 4.86404424040067E-05 0.467 1.3366895091071E-07 2.91800748120522E-07 0.034 1.03015065041266E-13 2.35020506041722E-13
2.21358075040783E-05 4.86329526916803E-05 0.5 -9.49938314809629E-08 -7.48971232641793E-09 0.033 9.07992381016607E-15 3.15951450866835E-13
11
3.68795955882353E-05 4.98097426470588E-05 0 0 0 0 0 0
3.67587756849315E-05 4.98345462328767E-05 0.033 -1.2081990330379E-07 2.48035858178852E-08 0.033 1.52126669037624E-14 1.52126669037624E-14
3.6763774912075E-05 4.95747362250879E-05 0.067 4.99922714352152E-09 -2.59810007788786E-07 0.034 6.75262324192418E-14 6.8642447393787E-14
3.67934560327198E-05 4.94312372188139E-05 0.1 2.96811206448098E-08 -1.4349900627402E-07 0.033 2.14729337243629E-14 1.50686382235272E-13
3.67189054726368E-05 4.96558872305141E-05 0.133 -7.45505600830256E-08 2.24650011700191E-07 0.033 5.6025413765589E-14 4.94928024512065E-14
3.66492673992674E-05 4.96266025641026E-05 0.167 -6.96380733694113E-08 -2.92846664115345E-08 0.034 5.70705294943837E-15 8.65913646184579E-14
3.65885885885886E-05 4.96488988988989E-05 0.2 -6.06788106788159E-08 2.22963347963372E-08 0.033 4.17904461074593E-15 1.10555785165515E-13
3.64182058047493E-05 4.95841029023747E-05 0.233 -1.70382783839244E-07 -6.47959965242322E-08 0.033 3.32288141943789E-14 2.6379382668635E-13
3.65870901639344E-05 4.95870901639344E-05 0.3 1.68884359185085E-07 2.9872615597597E-09 0.067 2.85308505089834E-14 1.35133551486893E-13
3.67773684210526E-05 4.9448947368421E-05 0.333 1.90278257118202E-07 -1.38142795513374E-07 0.033 5.52892470841904E-14 1.40623626797502E-13
3.67044284243048E-05 4.96459835221421E-05 0.367 -7.29399967477846E-08 1.97036153721072E-07 0.034 4.41434889987608E-14 5.75005863129222E-14
22
2.62720364741641E-05 1.91479229989868E-05 0 0 0 0 0 0
2.59847178683386E-05 1.91347962382445E-05 0.1 -2.87318605825579E-07 -1.31267607423133E-08 0.1 8.27242931011404E-14 8.27242931011404E-14
2.56310693641618E-05 1.91229768786127E-05 0.133 -3.53648504176707E-07 -1.18193596317973E-08 0.033 1.25206961768528E-13 4.11461145026402E-13
2.54682702149437E-05 1.93563203684749E-05 0.166 -1.62799149218145E-07 2.33343489862204E-07 0.033 8.09527472472243E-14 6.89469663070762E-13
2.54532846715328E-05 1.92729927007299E-05 0.2 -1.49855434108588E-08 -8.33276677449959E-08 0.034 7.16806672313916E-15 6.85996944606094E-13
2.54904323175053E-05 1.9115520907158E-05 0.233 3.71476459724711E-08 -1.57471793571883E-07 0.033 2.61773133720418E-14 6.11954953261225E-13
2.54149048625793E-05 1.91471987315011E-05 0.266 -7.55274549260356E-08 3.16778243430136E-08 0.033 6.70788100271117E-15 7.34675124141441E-13
2.54337845791642E-05 1.92925250147145E-05 0.3 1.88797165849337E-08 1.45326283213482E-07 0.034 2.14761722909726E-14 7.23575982423475E-13
2.55172018348624E-05 1.90865825688073E-05 0.333 8.34172556981692E-08 -2.05942445907198E-07 0.033 4.93707295744528E-14 5.7353798106441E-13
2.55323863636364E-05 1.90821022727273E-05 0.366 1.51845287739789E-08 -4.48029608006806E-09 0.033 2.50642967052867E-16 5.51414654009082E-13
2.54244492337165E-05 1.92709530651341E-05 0.399 -1.07937129919886E-07 1.88850792406829E-07 0.033 4.73150458080294E-14 7.3354052734588E-13
2.52023492907801E-05 1.94450354609929E-05 0.499 -2.22099942936335E-07 1.74082395858807E-07 0.1 7.96330652002659E-14 1.2325064853753E-12
2.525E-05 1.88839491916859E-05 0.599 4.76507092198588E-08 -5.61086269306998E-07 0.1 3.17088391694E-13 1.1142407254628E-12
2.54109042553191E-05 1.96821808510638E-05 0.633 1.60904255319149E-07 7.98231659377919E-07 0.034 6.63063961413036E-13 1.02698015083882E-12
2.55459098497496E-05 1.96064273789649E-05 0.666 1.35005594430432E-07 -7.57534720988886E-08 0.0329999999999999 2.39650990625513E-14 7.37486141142789E-13
2.55811688311688E-05 1.96396103896104E-05 0.699 3.52589814192505E-08 3.31830106454483E-08 0.033 2.34430796621899E-15 7.19054590236093E-13
2.54929435483871E-05 1.96214717741935E-05 0.733 -8.82252827817354E-08 -1.81386154168415E-08 0.034 8.11270989115725E-15 8.31234229495611E-13
2.54826193820225E-05 1.96156952247191E-05 0.766 -1.03241663646259E-08 -5.77654947444728E-09 0.033 1.39956934955209E-16 8.41990200531926E-13
2.56607892527288E-05 1.95088161209068E-05 0.799 1.78169870706331E-07 -1.068791038123E-07 0.0329999999999999 4.3167645659231E-14 5.03867011161561E-13
2.56797556719023E-05 1.94521524141943E-05 0.833 1.89664191734664E-08 -5.66637067125022E-08 0.034 3.5705007146641E-15 4.43352085805441E-13
2.56294046172539E-05 1.9607837181045E-05 0.899 -5.0351054648317E-08 1.55684766850658E-07 0.0659999999999999 2.67729753335417E-14 6.2449675837403E-13
2.53561253561254E-05 1.96463675213675E-05 0.933 -2.73279261128593E-07 3.85303403225663E-08 0.034 7.61661416883625E-14 1.08734011803836E-12
11
3.62651342090234E-05 3.17347230154198E-05 0 0 0 0 0 0
3.63753630203291E-05 3.16196353662472E-05 0.033 1.10228811305724E-07 -1.15087649172583E-07 0.033 2.53955578339445E-14 2.53955578339445E-14
3.65615601503759E-05 3.15899906015038E-05 0.067 1.861971300468E-07 -2.96447647434164E-08 0.034 3.55481833143574E-14 1.08815810344682E-13
3.65079954311822E-05 3.18433752141633E-05 0.1 -5.35647191937585E-08 2.53384612659573E-07 0.033 6.70729410749482E-14 7.07868735202624E-14
3.64387368421053E-05 3.14350526315789E-05 0.133 -6.92585890769166E-08 -4.08322582584386E-07 0.033 1.71524083609308E-13 1.19940213164251E-13
3.64137128932211E-05 3.14664377492246E-05 0.167 -2.50239488841757E-08 3.13851176456872E-08 0.034 1.61122362739146E-15 9.40526094553011E-14
3.62315644383184E-05 3.17908339076499E-05 0.2 -1.82148454902688E-07 3.24396158425262E-07 0.033 1.38410927224504E-13 4.27536173204932E-15
3.65010683760684E-05 3.16233211233211E-05 0.233 2.69503937749974E-07 -1.67512784328775E-07 0.033 1.0069290537632E-13 6.80753127423553E-14
3.65578743545611E-05 3.15884251290878E-05 0.267 5.68059784927257E-08 -3.48959942333416E-08 0.034 4.44464960604942E-15 1.0709986435463E-13
3.66372443487621E-05 3.16641550053821E-05 0.366 7.93699942010093E-08 7.57298762943499E-08 0.099 1.20346101430258E-14 1.43445800137022E-13
3.74079122340426E-05 3.1686170212766E-05 0.433 7.70667885280446E-07 2.20152073838271E-08 0.067 5.94413658758787E-13 1.30829898911219E-12
12
4.89369294605809E-05 4.56441908713693E-05 0 0 0 0 0 0
4.89810171919771E-05 4.56369985673352E-05 0.033 4.40877313961607E-08 -7.19230403405646E-09 0.033 1.99545729697832E-15 1.99545729697832E-15
4.88379457158063E-05 4.53885045236828E-05 0.066 -1.43071476170796E-07 -2.48494043652428E-07 0.033 8.22187370244256E-14 7.51732901228641E-14
4.89201449275362E-05 4.55671014492754E-05 0.1 8.21992117299572E-08 1.78596925592551E-07 0.034 3.86535722401375E-14 6.22449954830461E-15
4.90070884468895E-05 4.54189589504867E-05 0.133 8.69435193533121E-08 -1.48142498788694E-07 0.033 2.95053755048979E-14 5.56517015443334E-14
4.91260379596678E-05 4.51049822064057E-05 0.166 1.18949512778308E-07 -3.13976744080975E-07 0.033 1.12730382413887E-13 3.26508008798747E-13
4.91340293453725E-05 4.51060948081264E-05 0.2 7.99138570460656E-09 1.11260172072036E-09 0.034 6.51001280687399E-17 3.2839573786233E-13
4.93956445115811E-05 4.52882678751259E-05 0.266 2.61615166208607E-07 1.82173066999468E-07 0.066 1.0162952153035E-13 3.37100677268964E-13
4.9323595505618E-05 4.50127808988764E-05 0.299 -7.20490059630876E-08 -2.75486976249475E-07 0.033 8.10841333433478E-14 5.48189183748079E-13
4.94829770387965E-05 4.51090657165479E-05 0.333 1.59381533178539E-07 9.62848176714957E-08 0.034 3.4673239232375E-14 5.8452688899775E-13
4.94276103336921E-05 4.51641550053821E-05 0.366 -5.5366705104376E-08 5.50892888342318E-08 0.033 6.10030177837636E-15 4.71202151871244E-13
4.97283333333333E-05 4.45591666666667E-05 0.399 3.00722999641188E-07 -6.04988338715465E-07 0.033 4.56445212494892E-13 1.80359761459809E-12
15
2.21027843601896E-05 4.8E-05 0 0 0 0 0 0
2.20024088093599E-05 4.81183757742601E-05 0.066 -1.00375550829629E-07 1.18375774260151E-07 0.066 2.40880751360417E-14 2.40880751360417E-14
2.19918072289157E-05 4.79709638554217E-05 0.1 -1.06015804442841E-08 -1.47411918838465E-07 0.034 2.18426673235548E-14 1.315902135776E-14
2.21609848484848E-05 4.81227904040404E-05 0.133 1.69177619569187E-07 1.51826548618715E-07 0.033 5.16723678285673E-14 1.84647801622133E-14
2.20769230769231E-05 4.8164201183432E-05 0.166 -8.40617715617711E-08 4.14107793915548E-08 0.033 8.7812340879194E-15 2.76308346126449E-14
2.20328270455659E-05 4.79088682018618E-05 0.2 -4.40960313571779E-08 -2.5533298157012E-07 0.034 6.71393914589407E-14 1.3199030501251E-14
2.20302299703264E-05 4.8076409495549E-05 0.233 -2.59707523948904E-09 1.67541293687123E-07 0.033 2.80768298901542E-14 1.11025504984623E-14
2.20038546255507E-05 4.8125E-05 0.266 -2.63753447757473E-08 4.85905044510417E-08 0.033 3.05669593484625E-15 2.54120923957254E-14
2.21163249211356E-05 4.80080835962145E-05 0.333 1.12470295584984E-07 -1.16916403785488E-07 0.0669999999999999 2.63190128631051E-14 2.48691318493572E-16
2.2112258953168E-05 4.79217630853994E-05 0.366 -4.06596796760184E-09 -8.63205108150637E-08 0.033 7.4677626828871E-15 6.21078271832178E-15
2.21623558484349E-05 4.79223228995058E-05 0.399 5.00968952668828E-08 5.59814106317447E-10 0.033 2.51001230721465E-15 9.58249415295773E-15
2.1999175257732E-05 4.79582474226804E-05 0.433 -1.63180590702968E-07 3.59245231746499E-08 0.034 2.79184765474955E-14 1.24781238249004E-14
2.20737686398554E-05 4.79985314053321E-05 0.466 7.45933821234388E-08 4.02839826517152E-08 0.033 7.18697191489705E-15 8.4406879680959E-16
2.19747287968442E-05 4.79622781065089E-05 0.499 -9.90398430112158E-08 -3.62532988232545E-08 0.033 1.11231921792545E-14 1.78211685522613E-14
2.19529438001784E-05 4.79064451382694E-05 0.533 -2.17849966657688E-08 -5.58329682394714E-08 0.034 3.59190642215738E-15 3.1204705577889E-14
11
6.37359075535513E-05 1.76161217587373E-05 0 0 0 0 0 0
6.35575842696629E-05 1.72677902621723E-05 0.034 -1.78323283888382E-07 -3.48331496565034E-07 0.034 1.53134025075973E-13 1.53134025075973E-13
6.34703565505804E-05 1.71279021558872E-05 0.067 -8.72277190824846E-08 -1.39888106285053E-07 0.033 2.71773572563511E-14 3.0887571578593E-13
6.35413286004057E-05 1.71384381338742E-05 0.1 7.09720498252437E-08 1.05359779870078E-08 0.033 5.14803868853959E-15 2.66042614469578E-13
6.33506908904811E-05 1.69553480040942E-05 0.134 -1.90637709924616E-07 -1.83090129780073E-07 0.034 6.98647320681859E-14 5.85013832332178E-13
6.33248407643312E-05 1.70942675159236E-05 0.167 -2.58501261498481E-08 1.389195118294E-07 0.033 1.99668597888818E-14 4.41307755942426E-13
6.3293059125964E-05 1.69633676092545E-05 0.2 -3.17816383672067E-08 -1.30899906669068E-07 0.033 1.81448581032747E-14 6.22202709483579E-13
6.32981029810298E-05 1.70555555555556E-05 0.234 5.04385506580007E-09 9.21879463010598E-08 0.034 8.52405791713187E-15 5.05907311870343E-13
6.325E-05 1.68958003169572E-05 0.267 -4.81029810298068E-08 -1.59755238598347E-07 0.033 2.78356330435687E-14 7.54969130086383E-13
6.3478993344426E-05 1.71143926788686E-05 0.3 2.28993344425959E-07 2.18592361911341E-07 0.033 1.00220572477365E-13 3.17736980436459E-13
6.34926343154246E-05 1.70944540727903E-05 0.333 1.36409709986509E-08 -1.99386060782558E-08 0.033 5.83624102129895E-16 3.31319042949967E-13
11
2.5E-05 1.96208399366086E-05 0 0 0 0 0 0
2.51318537859008E-05 1.96458877284595E-05 0.033 1.31853785900784E-07 2.50477918509731E-08 0.033 1.80128127329795E-14 1.80128127329795E-14
2.4958788209607E-05 1.95429858078603E-05 0.067 -1.73065576293798E-07 -1.02901920599269E-07 0.034 4.05404989609226E-14 7.75967703055394E-15
2.50065392354125E-05 1.96260898725687E-05 0.1 4.77510258054892E-08 8.31040647084826E-08 0.033 9.18644603654816E-15 7.03234273658338E-17
2.49482142857143E-05 1.95098901098901E-05 0.133 -5.83249496981892E-08 -1.16199762678633E-07 0.033 1.6904184603867E-14 1.49916242529349E-14
2.49757001647446E-05 1.94873695771554E-05 0.167 2.74858790303583E-08 -2.25205327347027E-08 0.034 1.2626479407263E-15 1.84048188459902E-14
2.49668910117238E-05 1.9436061658706E-05 0.2 -8.80915302080609E-09 -5.13079184493748E-08 0.033 2.71010367255167E-15 3.52392170892933E-14
2.49254183496826E-05 1.94940854010387E-05 0.233 -4.14726620412083E-08 5.8023742332626E-08 0.033 5.08673637106725E-15 2.16291348516029E-14
2.49234460694698E-05 1.95934643510055E-05 0.266 -1.97228021279372E-09 9.93789499668232E-08 0.033 9.88006558574612E-15 6.60992696672839E-15
2.50171263345196E-05 1.98417482206406E-05 0.3 9.36802650497377E-08 2.48283869635085E-07 0.034 7.04208719807608E-14 4.90937812880436E-14
2.49634223918575E-05 2.02029262086514E-05 0.333 -5.3703942662068E-08 3.6117798801083E-07 0.033 1.33333652481002E-13 3.40162349518157E-13
18
2.225E-05 4.31544028950543E-07 0 0 0 0 0 0
2.24891681109185E-05 6.04708261120739E-07 0.034 2.39168110918545E-07 1.73164232170197E-07 0.034 8.71872365834391E-14 8.71872365834391E-14
2.22876690276883E-05 4.703799098519E-07 0.067 -2.014990832302E-07 -1.3432835126884E-07 0.033 5.86459864972158E-14 2.92718129236967E-15
2.25323210412147E-05 4.26898047722343E-07 0.1 2.44652013526405E-07 -4.34818621295568E-08 0.033 6.17452800567781E-14 7.97267554541535E-14
2.20799943566591E-05 4.56969525959368E-07 0.134 -4.52326684555608E-07 3.00714782370252E-08 0.034 2.05503723364428E-13 2.95483746658847E-14
2.23735137351374E-05 4.10516605166052E-07 0.167 2.93519378478209E-07 -4.64529207933163E-08 0.033 8.8311499392464E-14 1.56977953185923E-14
2.25573671497585E-05 6.60024154589372E-07 0.2 1.83853414621105E-07 2.4950754942332E-07 0.033 9.60560952870705E-14 1.46677732562572E-13
2.25718045112782E-05 6.16165413533835E-07 0.234 1.44373615197395E-08 -4.38587410555374E-08 0.034 2.13202657462834E-15 1.3764319912445E-13
2.23837287376902E-05 4.88697403760072E-07 0.267 -1.88075773587954E-07 -1.27468009773763E-07 0.033 5.16205901263915E-14 2.11498835363438E-14
2.2334296947271E-05 4.16281221091582E-07 0.3 -4.94317904191952E-08 -7.24161826684898E-08 0.033 7.68760541632332E-15 7.33892862295703E-15
2.2437441643324E-05 4.47128851540616E-07 0.334 1.03144696052951E-07 3.08476304490344E-08 0.034 1.15904046281758E-14 3.53772563471644E-14
2.2585006846189E-05 5E-07 0.367 1.47565202864957E-07 5.28711484593837E-08 0.033 2.45708474359901E-14 1.16915806965793E-13
2.29676113360324E-05 5.95141700404858E-07 0.4 3.82604489843434E-07 9.51417004048582E-08 0.033 1.55438138804282E-13 5.41730227707462E-13
2.29072916666667E-05 6.08333333333333E-07 0.433 -6.03196693657218E-08 1.3191632928475E-08 0.033 3.81248169170962E-15 4.63286793213594E-13
2.27299375300336E-05 5.86256607400288E-07 0.467 -1.77354136633028E-07 -2.2076725933045E-08 0.034 3.19418716087695E-14 2.54276014665358E-13
2.27587037037037E-05 6.28148148148148E-07 0.5 2.87661736700642E-08 4.18915407478598E-08 0.033 2.58239393384589E-15 2.9743263784733E-13
2.30168511066398E-05 5.81237424547284E-07 0.533 2.58147402936135E-07 -4.69107236008645E-08 0.033 6.88406976314281E-14 6.10468732440026E-13
2.30474967907574E-05 5.47496790757381E-07 0.567 3.06456841175446E-08 -3.37406337899024E-08 0.0339999999999999 2.07758832357663E-15 6.49446174238957E-13
15
9.11116955445545E-05 2.56711014851485E-05 0 0 0 0 0 0
9.10768535262206E-05 2.56347197106691E-05 0.033 -3.48420183338334E-08 -3.63817744794375E-08 0.033 2.53759975584783E-15 2.53759975584783E-15
9.10214100346021E-05 2.5645544982699E-05 0.067 -5.54434916185471E-08 1.08252720298836E-08 0.034 3.19116727737688E-15 8.80460812481545E-15
9.10844091360477E-05 2.5135551142006E-05 0.133 6.29991014455982E-08 -5.09993840693003E-07 0.066 2.64062604327753E-13 2.87558718129309E-13
9.10280398322851E-05 2.5E-05 0.167 -5.63693037625512E-08 -1.35551142005959E-07 0.034 2.15516105057943E-14 4.57375481563832E-13
9.10898247322298E-05 2.51355890944499E-05 0.2 6.17848999446835E-08 1.35589094449855E-07 0.033 2.22017763949064E-14 2.87251853023534E-13
9.0971683827983E-05 2.5087522713507E-05 0.233 -1.18140904246758E-07 -4.80663809428883E-08 0.033 1.62676502331885E-14 3.6016746348793E-13
9.08556091148116E-05 2.50729623137599E-05 0.267 -1.16074713171471E-07 -1.45603997471078E-08 0.034 1.36853442786349E-14 4.23350727847963E-13
9.09437441643324E-05 2.50828664799253E-05 0.3 8.81350495208295E-08 9.90416616544465E-09 0.033 7.86587946147181E-15 3.74228087488443E-13
9.09465306122449E-05 2.49665306122449E-05 0.333 2.7864479124986E-09 -1.16335867680405E-07 0.033 1.35417984009218E-14 5.23699569808983E-13
9.09417475728155E-05 2.51019417475728E-05 0.366 -4.78303942936975E-09 1.35411135327917E-07 0.033 1.83590530369784E-14 3.52825119975412E-13
9.08063314711359E-05 2.51094040968343E-05 0.4 -1.35416101679596E-07 7.46234926144851E-09 0.034 1.83932072505984E-14 4.08751173373799E-13
9.08690965092402E-05 2.5120636550308E-05 0.433 6.27650381043168E-08 1.12324534737418E-08 0.033 4.06561801927611E-15 3.61865936424346E-13
9.0885252069225E-05 2.50859668924003E-05 0.466 1.61555599847247E-08 -3.46696579077062E-08 0.033 1.46298729785741E-15 3.9365913914991E-13
9.07359972677595E-05 2.50573770491803E-05 0.5 -1.49254801465418E-07 -2.85898432199723E-08 0.034 2.30943748958238E-14 5.17806878491121E-13
16
2.21333930170098E-05 4.78913384064458E-05 0 0 0 0 0 0
2.22250127485977E-05 4.83039265680775E-05 0.033 9.16197315878051E-08 4.12588161631675E-07 0.033 1.78623166334826E-13 1.78623166334826E-13
2.24539765845781E-05 4.834890997174E-05 0.066 2.28963835980466E-07 4.49834036624921E-08 0.033 5.44479447919522E-14 3.12145561160554E-13
2.24773788674839E-05 4.81854932866316E-05 0.1 2.34022829058276E-08 -1.63416685108366E-07 0.034 2.72526798170113E-14 2.04853358863511E-13
2.26002943650126E-05 4.81072329688814E-05 0.133 1.2291549752867E-07 -7.82603177502281E-08 0.033 2.12328968670871E-14 2.64607330856049E-13
2.26833609271523E-05 4.81444536423841E-05 0.166 8.30665621397024E-08 3.7220673502695E-08 0.033 8.28543228170326E-15 3.66532024850561E-13
2.27739520958084E-05 4.81255613772455E-05 0.2 9.0591168656065E-08 -1.88922651385965E-08 0.034 8.56367752053864E-15 4.65176333481452E-13
2.28409455128205E-05 4.82429887820513E-05 0.233 6.69934170121316E-08 1.17427404805774E-07 0.033 1.82773133223805E-14 6.24288520991354E-13
2.31056506849315E-05 4.80155821917808E-05 0.266 2.64705172110993E-07 -2.27406590270462E-07 0.033 1.21782585440748E-13 9.6072149102683E-13
2.31453765490944E-05 4.80810295519542E-05 0.3 3.97258641628682E-08 6.54473601734225E-08 0.034 5.86150123715634E-15 1.06009339989457E-12
2.31619025304592E-05 4.80597469540768E-05 0.333 1.65259813648539E-08 -2.12825978773949E-08 0.033 7.26057032482396E-16 1.08619325817107E-12
2.32145363408521E-05 4.79175438596491E-05 0.366 5.26338103929014E-08 -1.42203094427728E-07 0.033 2.29920380612973E-14 1.16955761246633E-12
2.31172436316133E-05 4.78772044415415E-05 0.4 -9.72927092388076E-08 -4.03394181076422E-08 0.034 1.10931399242903E-14 9.68161800819555E-13
2.31954187544739E-05 4.79579455977094E-05 0.433 7.81751228605501E-08 8.07411561678961E-08 0.033 1.26304841335907E-14 1.13233518496403E-12
2.32241576242147E-05 4.7929183323815E-05 0.499 2.87388697408595E-08 -2.87622738944151E-08 0.066 1.65319103355944E-15 1.1911996661015E-12
2.33028503562945E-05 4.78407066508313E-05 0.533 7.8692732079805E-08 -8.84766729836102E-08 0.034 1.40206677444327E-14 1.37019404308343E-12
