x y time dx dy dt dr^2 TotalDisplacementSquared
16
1.10186733556299E-05 2.23266443701226E-05 0 0 0 0 0 0
1.09964552238806E-05 2.2234328358209E-05 0.1420142 -2.22181317492804E-08 -9.23160119136739E-08 0.1420142 9.01589143407396E-15 9.01589143407396E-15
1.11254649000465E-05 2.21827638307764E-05 0.2830283 1.29009676165893E-07 -5.15645274325713E-08 0.1410141 1.9302397033773E-14 3.21060435614517E-14
1.11216866182129E-05 2.21859769132108E-05 0.4250425 -3.77828183357742E-09 3.21308243438878E-09 0.1420142 2.45993123441189E-17 3.03990657020503E-14
1.10918534982605E-05 2.21720622342482E-05 0.5670567 -2.98331199523787E-08 -1.39146789626103E-08 0.1420142 1.08363333672553E-15 2.92509700069553E-14
1.10876283758083E-05 2.21688855077976E-05 0.7080708 -4.22512245224205E-09 -3.17672645051914E-09 0.1410141 2.79432506778678E-17 2.96426534498794E-14
1.1090622371741E-05 2.22106812447435E-05 0.850085 2.99399593266791E-09 4.17957369458399E-08 0.1420142 1.75584763849068E-15 1.86241073670523E-14
1.1191083758631E-05 2.23652056439508E-05 0.9920992 1.00461386890082E-07 1.54524399207283E-07 0.1420142 3.39702802062504E-14 3.12123189022724E-14
1.10890838786437E-05 2.23720999405116E-05 1.1331133 -1.01999879987376E-07 6.89429656083362E-09 0.1410141 1.04515068425079E-14 7.02385063046176E-15
1.09762947693893E-05 2.21848106158207E-05 1.2751275 -1.12789109254333E-07 -1.87289324690933E-07 0.1420142 4.77986743095718E-14 2.1912758431137E-14
1.09573138647724E-05 2.22490134175217E-05 1.4161416 -1.89809046169032E-08 6.42028017010396E-08 0.1410141 4.482274486339E-15 9.79155192001213E-15
1.09149236387782E-05 2.22018592297477E-05 1.5581558 -4.23902259942093E-08 -4.715418777403E-08 0.1420142 4.02044868446862E-15 2.6335335005196E-14
1.09211615487316E-05 2.21400534045394E-05 1.70017 6.23790995342333E-09 -6.18058252082889E-08 0.1420142 3.85887155026458E-15 4.43247409218453E-14
1.06579826319305E-05 2.2185036740147E-05 1.8411841 -2.63178916801115E-07 4.49833356075722E-08 0.1410141 7.12866427309916E-14 1.50150519030087E-13
1.08701410060976E-05 2.21685403963415E-05 1.9831983 2.12158374167034E-07 -1.64963438054961E-08 0.1420142 4.52833050881483E-14 4.70587253829857E-14
1.09010103181427E-05 2.18700558899398E-05 2.1252125 3.08693120451728E-08 -2.98484506401653E-07 0.1420142 9.00459149879808E-14 2.22317630626358E-13
14
1.05032816229117E-05 2.91130668257757E-05 0 0 0 0 0 0
1.05094117647059E-05 2.91064705882353E-05 0.1420142 6.13014179418769E-09 -6.59623754036431E-09 0.1420142 8.10889881057582E-17 8.10889881057582E-17
1.09807692307692E-05 2.90981781376518E-05 0.2830283 4.71357466063347E-07 -8.29245058347183E-09 0.1410141 2.22246625550339E-13 2.2821608869156E-13
1.10048143053645E-05 2.91024759284732E-05 0.5670567 2.4045074595282E-08 4.2977908213544E-09 0.2840284 5.96636618236796E-16 2.5164719867399E-13
1.025E-05 2.938125E-05 0.850085 -7.54814305364512E-07 2.78774071526826E-07 0.2830283 6.47459618538555E-13 1.36073795441827E-13
1.06378472222222E-05 2.97045138888889E-05 0.9920992 3.87847222222222E-07 3.23263888888889E-07 0.1420142 2.54925009645061E-13 3.67917528983069E-13
1.05006784260516E-05 2.96502713704206E-05 1.1331133 -1.37168796170661E-07 -5.42425184682642E-08 0.1410141 2.17575294526883E-14 2.885954994211E-13
1.04976790450928E-05 2.9638925729443E-05 1.4161416 -2.99938095872321E-09 -1.13456409776553E-08 0.2830283 1.37719855329403E-16 2.76558975444405E-13
1.04402123730379E-05 2.95096952908587E-05 1.5581558 -5.74666720549803E-08 -1.29230438584244E-07 0.1420142 2.00029246537508E-14 1.612918695938E-13
1.02302761341223E-05 2.94444033530572E-05 1.70017 -2.09936238915569E-07 -6.52919378015255E-08 0.1420142 4.83362615518931E-14 1.84315891220136E-13
1.02029369282619E-05 2.94493259508907E-05 1.8411841 -2.73392058603719E-08 4.9225978335059E-09 0.1410141 7.71664146506228E-16 2.03277134827407E-13
1.01724885844749E-05 2.94420091324201E-05 1.9831983 -3.04483437870307E-08 -7.31681847061694E-09 0.1420142 9.80637471905169E-16 2.17627075378816E-13
9.99049316696375E-06 2.93247177658942E-05 2.1252125 -1.8199541751113E-07 -1.17291366525855E-07 0.1420142 4.6879596656553E-14 3.07748121006549E-13
9.91727672035139E-06 2.9239934114202E-05 2.2662266 -7.32164466123653E-08 -8.47836516921845E-08 0.1410141 1.2548915648803E-14 3.59497054697378E-13
13
3.74708377518558E-06 2.33881230116649E-05 0 0 0 0 0 0
3.44714765100671E-06 2.3665548098434E-05 0.4250425 -2.99936124178867E-07 2.77425086769107E-07 0.4250425 1.66926357356287E-13 1.66926357356287E-13
3.52306273062731E-06 2.36397601476015E-05 0.5670567 7.59150796205947E-08 -2.57879508325303E-08 0.1420142 6.42811772194224E-15 1.13506676587342E-13
3.45315845824411E-06 2.36199143468951E-05 0.7080708 -6.99042723831949E-08 -1.98458007063991E-08 0.1410141 5.28046310310201E-15 1.4011931502693E-13
3.52012383900929E-06 2.36042311661507E-05 0.850085 6.69653807651764E-08 -1.56831807444036E-08 0.1420142 4.73032437928669E-15 9.82135470643927E-14
3.61115214180207E-06 2.36466026587888E-05 0.9920992 9.10283027927803E-08 4.23714926381002E-08 0.1420142 1.00814952977147E-14 8.52891369315913E-14
3.36920172599784E-06 2.36367313915858E-05 1.4161416 -2.41950415804225E-07 -9.87126720301035E-09 0.4240424 5.86374456240308E-14 2.04600969665198E-13
3.36464968152866E-06 2.36353503184713E-05 1.5581558 -4.55204446918023E-09 -1.38107311442326E-09 0.1420142 2.26284717967771E-17 2.07377177221952E-13
3.36252711496746E-06 2.36382863340564E-05 1.70017 -2.12256656120013E-09 2.9360155850604E-09 0.1420142 1.31254763224425E-17 2.10465512788065E-13
3.47137901127493E-06 2.36186036426713E-05 1.8411841 1.08851896307473E-07 -1.96826913851069E-08 0.1410141 1.22361436698942E-14 1.29134438112129E-13
3.56947115384615E-06 2.3621875E-05 1.9831983 9.80921425712187E-08 3.27135732870687E-09 0.1420142 9.63277021298437E-15 8.61862353096747E-14
3.64341317365269E-06 2.3640119760479E-05 2.1252125 7.3942019806541E-08 1.82447604790426E-08 0.1420142 5.80029357800854E-15 7.42499550350882E-14
3.84317343173432E-06 2.3630073800738E-05 2.5492549 1.99760258081623E-07 -1.00459597410349E-08 0.4240424 4.0005082015955E-14 6.77734064287545E-14
17
2.55049645390071E-05 3.17010638297872E-05 0 0 0 0 0 0
2.55005190311419E-05 3.1628892733564E-05 0.1410141 -4.44550786522058E-09 -7.21710962232187E-08 0.1410141 5.22842967024083E-15 5.22842967024083E-15
2.56059409340659E-05 3.1618646978022E-05 0.2830283 1.05421902924064E-07 -1.02457555420372E-08 0.1420142 1.1218753122758E-14 1.69887698139758E-14
2.56958098307816E-05 3.16492747784045E-05 0.4250425 8.98688967156929E-08 3.06278003825327E-08 0.1420142 9.01448075316814E-15 3.91040312356303E-14
2.57363597612958E-05 3.13923699914749E-05 0.5660566 4.05499305141959E-08 -2.5690478692966E-07 0.1410141 6.76443664120799E-14 1.48835634710083E-13
2.55112910583942E-05 3.13726049270073E-05 0.7080708 -2.25068702901662E-07 -1.97650644675527E-08 0.1420142 5.10465787992433E-14 1.07925275662954E-13
2.54869325997249E-05 3.16315337001376E-05 0.8490849 -2.4358458669262E-08 2.58928773130254E-07 0.1410141 6.76374440634807E-14 5.15958976337819E-15
2.55E-05 3.1625E-05 0.9910991 1.30674002751014E-08 -6.5337001375525E-09 0.1420142 2.13446187437175E-16 5.81035284945424E-15
2.54988509520683E-05 3.16255745239659E-05 1.1331133 -1.14904793171533E-09 5.74523965855889E-10 0.1420142 1.65038893672206E-18 5.73601123865189E-15
2.55E-05 3.1625E-05 1.2741274 1.14904793171533E-09 -5.74523965855889E-10 0.1410141 1.65038893672206E-18 5.81035284945424E-15
2.54939759036145E-05 3.16219879518072E-05 1.4161416 -6.02409638554136E-09 -3.01204819277245E-09 0.1420142 4.53621715778762E-17 6.37374458610108E-15
2.54267874632713E-05 3.16486287952987E-05 1.5581558 -6.71884403431555E-08 2.66408434914993E-08 0.1420142 5.22402105768433E-15 8.86108801241E-15
2.5436127744511E-05 3.16062874251497E-05 1.6991699 9.34028123967323E-09 -4.23413701490247E-08 0.1410141 1.88003247973291E-15 1.37210711525175E-14
2.54114730878187E-05 3.16522662889518E-05 1.8411841 -2.4654656692281E-08 4.59788638021408E-08 0.1420142 2.72190801315005E-15 1.11218514368938E-14
2.55151515151515E-05 3.1637987012987E-05 2.1242124 1.0367842733282E-07 -1.42792759648316E-08 0.2830283 1.09531140162867E-14 4.08245930061594E-15
2.55252643948296E-05 3.15428907168038E-05 2.2662266 1.01128796780969E-08 -9.50962961832502E-08 0.1420142 9.14557588315611E-15 2.54308178172977E-14
2.55909090909091E-05 3.15689935064935E-05 2.4082408 6.56446960794774E-08 2.61027896897446E-08 0.1420142 4.99058175295399E-15 2.48290362965454E-14
27
2.50980760473588E-05 2.65444558287796E-05 0 0 0 0 0 0
2.52438605529796E-05 2.6482139790486E-05 0.1420142 1.45784505620728E-07 -6.23160382935986E-08 0.1420142 2.51364107076894E-14 2.51364107076894E-14
2.52503056768559E-05 2.6600480349345E-05 0.2830283 6.44512387633256E-09 1.18340558858975E-07 0.1410141 1.40460274928358E-14 2.63126070013927E-14
2.51390144665461E-05 2.66395569620253E-05 0.4250425 -1.11291210309783E-07 3.90766126803399E-08 0.1420142 1.39127151507857E-14 1.07201797101727E-14
2.51597040905135E-05 2.65978241949521E-05 0.5670567 2.06896239673782E-08 -4.17327670731851E-08 0.1420142 2.16968438749623E-15 6.64619821099748E-15
2.51452764741889E-05 2.66520608039176E-05 0.7080708 -1.442761632455E-08 5.42366089654358E-08 0.1410141 3.14976586487801E-15 1.38067109673867E-14
2.5160308926438E-05 2.66602662570404E-05 0.850085 1.50324522490202E-08 8.20545312288345E-09 0.1420142 2.93304081570909E-16 1.72849865324387E-14
2.50589275993468E-05 2.66550081654872E-05 0.9920992 -1.013813270912E-07 -5.25809155324453E-09 0.1420142 1.03058210095552E-14 1.3754420133266E-14
2.48663482160265E-05 2.66437902125171E-05 1.1331133 -1.92579383320243E-07 -1.12179529701457E-08 0.1410141 3.72126613488456E-14 6.35651076064802E-14
2.48305705059203E-05 2.66575349838536E-05 1.2751275 -3.57777101061707E-08 1.37447713365439E-08 0.1420142 1.46896327953507E-15 8.43461100125496E-14
2.47174517988471E-05 2.66504671039555E-05 1.4161416 -1.13118707073198E-07 -7.06787989813051E-09 0.1410141 1.28457968161664E-14 1.56113209019501E-13
2.46731254856255E-05 2.6694493006993E-05 1.5581558 -4.432631322166E-08 4.40259030375323E-08 0.1420142 3.90310218209491E-15 2.03094134763728E-13
2.47432975871314E-05 2.68891867739053E-05 1.70017 7.01721015058787E-08 1.94693766912266E-07 0.1420142 4.28297867042392E-14 2.44707180368612E-13
2.50081254724112E-05 2.71114260519022E-05 1.8411841 2.64827885279821E-07 2.2223927799697E-07 0.1410141 1.19524105506397E-13 3.2954633984115E-13
2.50480844922593E-05 2.70482812909997E-05 1.9831983 3.99590198480624E-08 -6.31447609025031E-08 0.1420142 5.58398409665213E-15 2.56339251962611E-13
2.49965016146394E-05 2.68953848223897E-05 2.1252125 -5.15828776198539E-08 -1.52896468610074E-07 0.1420142 2.6038123376976E-14 1.33468523938449E-13
2.50120158326265E-05 2.705491942324E-05 2.2662266 1.55142179871248E-08 1.59534600850368E-07 0.1410141 2.56919798282381E-14 2.67979441829237E-13
2.48107404123254E-05 2.71156617158058E-05 2.4082408 -2.01275420301094E-07 6.07422925657737E-08 0.1420142 4.42014209235282E-14 4.08837932533447E-13
2.4940575321726E-05 2.70250283875852E-05 2.5492549 1.2983490940054E-07 -9.0633328220644E-08 0.1410141 2.50715038833973E-14 2.55756462851806E-13
2.52227731864096E-05 2.68971074380165E-05 2.6912691 2.82197864683585E-07 -1.27920949568633E-07 0.1420142 9.59994041705158E-14 1.3991253398483E-13
2.5376E-05 2.70872307692308E-05 2.8332833 1.5322681359045E-07 1.90123331214238E-07 0.1420142 5.96253374750815E-14 3.71846359433458E-13
2.50466299477222E-05 2.70984876773712E-05 2.9752975 -3.2937005227782E-07 1.12569081404033E-08 0.1420142 1.08611349318375E-13 3.09597990421617E-13
2.47617087987458E-05 2.70167548500882E-05 3.1163116 -2.84921148976345E-07 -8.17328272829876E-08 0.1410141 8.78603161896712E-14 3.36209291468524E-13
2.47313914568059E-05 2.68893449155244E-05 3.2583258 -3.03173419399698E-08 -1.27409934563797E-07 0.1420142 1.71524326478561E-14 2.5340607110465E-13
2.48153447939051E-05 2.70498144168783E-05 3.40034 8.39533370991923E-08 1.60469501353909E-07 0.1420142 3.27986236748627E-14 3.35324264244649E-13
2.48979232450814E-05 2.70144522710712E-05 3.5413541 8.25784511763104E-08 -3.53621458071274E-08 0.1410141 8.06968195476281E-15 2.60957800026252E-13
2.51174576271186E-05 2.74394915254237E-05 3.6833683 2.19534382037274E-07 4.25039254352562E-07 0.1420142 2.2885371263707E-13 8.01464543901227E-13
27
3.04343287526427E-05 1.44470137420719E-05 0 0 0 0 0 0
3.04226334951456E-05 1.44323422330097E-05 0.1410141 -1.16952574970739E-08 -1.46715090621718E-08 0.1410141 3.52032226084254E-16 3.52032226084254E-16
3.05461599681655E-05 1.43557500994827E-05 0.2830283 1.23526473019908E-07 -7.65921335270203E-08 0.1420142 2.11251444549589E-14 2.08352732239623E-14
3.04973347547974E-05 1.41140724946695E-05 0.4250425 -4.88252133680973E-08 -2.4167760481318E-07 0.1420142 6.07919661286759E-14 1.1481963052937E-13
3.05382059800664E-05 1.40382059800664E-05 0.5660566 4.08712252690009E-08 -7.58665146030637E-08 0.1410141 7.4261850930063E-15 1.77914264653136E-13
3.06455009572431E-05 1.43951818761966E-05 0.7080708 1.07294977176696E-07 3.56975896130109E-07 0.1420142 1.38944002545242E-13 4.72802423159254E-14
3.0563227953411E-05 1.4101081530782E-05 0.850085 -8.22730038321566E-08 -2.94100345414524E-07 0.1420142 9.32638603325083E-14 1.36284098766587E-13
3.055E-05 1.415E-05 0.9910991 -1.32279534109827E-08 4.89184692179698E-08 0.1410141 2.56799538207259E-15 1.01597000444734E-13
3.05E-05 1.4125E-05 1.1331133 -5.00000000000007E-08 -2.50000000000004E-08 0.1420142 3.12500000000009E-15 1.08005562812599E-13
3.06560475161987E-05 1.41141108711303E-05 1.2741274 1.56047516198704E-07 -1.08891288696906E-08 0.1410141 2.44694004393256E-14 1.59983531593942E-13
3.05714285714286E-05 1.41428571428571E-05 1.4161416 -8.46189447701313E-08 2.8746271726833E-08 0.1420142 7.98671395220345E-15 1.11307597156993E-13
3.07646428571429E-05 1.41176785714286E-05 1.5581558 1.93214285714284E-07 -2.51785714285706E-08 0.1420142 3.79657206632644E-14 2.17569062254394E-13
3.06495502248876E-05 1.4126311844078E-05 1.6991699 -1.15092632255301E-07 8.63327264938896E-09 0.1410141 1.33208473960927E-14 1.49169989492143E-13
3.07541176470588E-05 1.41041176470588E-05 1.8411841 1.04567422171268E-07 -2.21941970191377E-08 0.1420142 1.14269281608685E-14 2.19842668967087E-13
3.0625E-05 1.4125E-05 1.9831983 -1.29117647058823E-07 2.0882352941177E-08 0.1420142 1.71074394463668E-14 1.40048374651922E-13
3.0482332155477E-05 1.41148409893993E-05 2.1242124 -1.42667844522968E-07 -1.01590106007059E-08 0.1410141 2.04573193572151E-14 1.12643064301758E-13
3.05621198957428E-05 1.40905734144222E-05 2.2662266 7.97877402658003E-08 -2.42675749770527E-08 0.1420142 6.95499869198968E-15 1.43380283429819E-13
3.06564563462949E-05 1.43776595744681E-05 2.4072407 9.4336450552106E-08 2.87086160045844E-07 0.1410141 9.13178291926377E-14 5.41506684257465E-14
3.06398058252427E-05 1.43839805825243E-05 2.5492549 -1.66505210522203E-08 6.32100805618663E-09 0.1420142 3.17194994156808E-16 4.61940065668248E-14
3.05755093002657E-05 1.41370682019486E-05 2.8332833 -6.42965249769958E-08 -2.46912380575644E-07 0.2840284 6.50997668056491E-14 1.1599818486943E-13
3.05356356631811E-05 1.4387039075399E-05 3.1163116 -3.98736370846535E-08 2.49970873450382E-07 0.2830283 6.40753445079054E-14 1.38600507653498E-14
3.03664921465969E-05 1.41164921465969E-05 3.2583258 -1.6914351658421E-07 -2.70546928802151E-07 0.1420142 1.01805169886749E-13 1.13846330195174E-13
3.05E-05 1.4125E-05 3.3993399 1.33507853403142E-07 8.50785340314175E-09 0.1410141 1.78967304898441E-14 1.08005562812599E-13
3.03316554809843E-05 1.39642058165548E-05 3.5413541 -1.68344519015658E-07 -1.60794183445191E-07 0.1420142 5.4194646512419E-14 2.43645293655131E-13
3.0364936440678E-05 1.4114936440678E-05 3.6823682 3.32809596936237E-08 1.50730624123156E-07 0.1410141 2.38273433266848E-14 1.15090627060878E-13
3.04250657318142E-05 1.41485539000876E-05 3.8243824 6.01292911362314E-08 3.36174594096779E-08 0.1420142 4.74566522970702E-15 8.91640808321258E-14
3.04583333333333E-05 1.35729166666667E-05 3.9653965 3.32676015191353E-08 -5.75637233420977E-07 0.1410141 3.32464957811393E-13 7.64621917126084E-13
34
1.68635187580854E-05 1.56445666235446E-05 0 0 0 0 0 0
1.69223107569721E-05 1.56068227091633E-05 0.1420142 5.87919988867327E-08 -3.77439143812861E-08 0.1420142 4.88110220591943E-15 4.88110220591943E-15
1.69267371601208E-05 1.55971802618328E-05 0.2840284 4.42640314873444E-09 -9.642447330517E-09 0.1420142 1.12569835356921E-16 6.2420336321998E-15
1.71207595870207E-05 1.57676991150442E-05 0.4250425 1.94022426899803E-07 1.70518853211419E-07 0.1410141 6.67213814406269E-14 8.13344545342079E-14
1.69847893915757E-05 1.58480889235569E-05 0.7090709 -1.35970195444987E-07 8.03898085126935E-08 0.2840284 2.49504153620554E-14 5.61278931494352E-14
1.69312977099237E-05 1.55979643765903E-05 0.850085 -5.34916816519981E-08 -2.5012454696661E-07 0.1410141 6.54236490012107E-14 6.7657557334862E-15
1.69375753920386E-05 1.55968033775633E-05 0.9920992 6.27768211493418E-09 -1.16099902700206E-09 0.1420142 4.07572114768642E-17 7.76571269915155E-15
1.68796038915914E-05 1.58995830437804E-05 1.1331133 -5.79715004472163E-08 3.02779666217074E-07 0.1410141 9.50362211386241E-14 6.52921061097733E-14
1.68091007976795E-05 1.60902828136331E-05 1.2751275 -7.05030939119062E-08 1.90699769852664E-07 0.1420142 4.133708847301E-14 2.01624236521688E-13
1.68589001447178E-05 1.62489146164978E-05 1.4171417 4.97993470383236E-08 1.58631802864761E-07 0.1420142 2.76440238455678E-14 3.65257828175995E-13
1.68297413793103E-05 1.63405172413793E-05 1.5581558 -2.91587654074554E-08 9.16026248814816E-08 0.1410141 9.24127448526446E-15 4.85488173781381E-13
1.6789309683605E-05 1.62756471716203E-05 1.70017 -4.04316957053581E-08 -6.48700697589852E-08 0.1420142 5.84284796814628E-15 4.03769644894753E-13
1.67508557457213E-05 1.65672371638142E-05 1.8421842 -3.84539378837161E-08 2.91589992193856E-07 0.1420142 8.65034288863777E-14 8.64013880236256E-13
1.66692470091485E-05 1.6243842364532E-05 1.9831983 -8.16087365727824E-08 -3.23394799282159E-07 0.1410141 1.11244182087754E-13 3.96872926170983E-13
1.675E-05 1.63431798436142E-05 2.1252125 8.07529908515114E-08 9.93374790822266E-08 0.1420142 1.63889802818761E-14 5.00946939693284E-13
1.67057038834951E-05 1.61793082524272E-05 2.2662266 -4.4296116504853E-08 -1.63871591187064E-07 0.1410141 2.88160443355918E-14 3.10854144301896E-13
1.65775E-05 1.61493181818182E-05 2.550255 -1.28203883495146E-07 -2.99900706090028E-08 0.2840284 1.73356400783701E-14 3.36580865556279E-13
1.66725372279496E-05 1.64677835051546E-05 2.6922692 9.50372279496001E-08 3.18465323336458E-07 0.1420142 1.10452236864139E-13 7.14159979020708E-13
1.66607449856734E-05 1.65206303724928E-05 2.8332833 -1.17922422762469E-08 5.28468673381965E-08 0.1410141 2.93184836536265E-15 8.08604894999385E-13
1.65817548746518E-05 1.63828690807799E-05 3.1173117 -7.89901110215432E-08 -1.37761291712891E-07 0.2840284 2.52176111336001E-14 6.24481404367266E-13
1.65076952674105E-05 1.63633128126202E-05 3.2583258 -7.40596072412671E-08 -1.95562681597039E-08 0.1410141 5.867273049065E-15 6.43206440826735E-13
1.65749223602484E-05 1.6310817805383E-05 3.40034 6.72270928379035E-08 -5.24950072372157E-08 0.1420142 7.27520779627142E-15 5.27178518145508E-13
1.67005110274341E-05 1.65388649811727E-05 3.5413541 1.25588667185657E-07 2.28047175789648E-07 0.1410141 6.77780277111041E-14 8.26341072708289E-13
1.66529358897543E-05 1.64541641701618E-05 3.6833683 -4.75751376797611E-08 -8.47008110108973E-08 0.1420142 9.43762111115197E-15 6.99793331923024E-13
1.6744480784955E-05 1.68266557645135E-05 3.8243824 9.15448952006876E-08 3.72491594351718E-07 0.1410141 1.4713045569999E-13 1.41150477624348E-12
1.68305439330544E-05 1.68507670850767E-05 3.9663966 8.60631480993632E-08 2.41113205632146E-08 0.1420142 7.98822124007502E-15 1.45600689248602E-12
1.67367475292004E-05 1.6828167115903E-05 4.1084108 -9.37964038540322E-08 -2.25999691737435E-08 0.1420142 9.30852398260286E-15 1.4169810699839E-12
1.67271012931034E-05 1.66831896551724E-05 4.2494249 -9.64623609691273E-09 -1.44977460730551E-07 0.1410141 2.1111513990716E-14 1.09734752657978E-12
1.66330897703549E-05 1.66330897703549E-05 4.3914391 -9.40115227485414E-08 -5.00998848175058E-08 0.142014199999999 1.13481648682269E-14 1.03027553016618E-12
1.65816135084428E-05 1.66196060037523E-05 4.5334533 -5.14762619121285E-08 -1.34837666025618E-08 0.1420142 2.83161750223841E-15 1.0301723627319E-12
1.6711356466877E-05 1.66453732912723E-05 4.6744674 1.29742958434193E-07 2.57672875200008E-08 0.1410141 1.7497188369395E-14 1.02476734903404E-12
1.66396495071194E-05 1.66396495071194E-05 4.8164816 -7.17069597575843E-08 -5.72378415295915E-09 0.142014199999999 5.17464978270549E-15 1.04030738671152E-12
1.6723137973138E-05 1.66999389499389E-05 4.9584958 8.34884660185864E-08 6.02894428195633E-08 0.1420142 1.060514087363E-14 1.1335175121014E-12
1.67346368715084E-05 1.66997206703911E-05 5.0995099 1.14988983704052E-08 -2.18279547887335E-10 0.1410141 1.32272309693933E-16 1.12996060326405E-12
12
2.48414085252846E-05 2.70949166004766E-05 0 0 0 0 0 0
2.48980606060606E-05 2.7260303030303E-05 0.1420142 5.665208077599E-08 1.65386429826462E-07 0.1420142 3.05621294269926E-14 3.05621294269926E-14
2.49482535575679E-05 2.71514877102199E-05 0.2830283 5.01929515073094E-08 -1.0881532008311E-07 0.1410141 1.43601062658048E-14 1.46161513812137E-14
2.49988341968912E-05 2.69943652849741E-05 0.4250425 5.05806393232753E-08 -1.57122425245827E-07 0.1420142 2.72458575894818E-14 3.48934091300594E-14
2.48998330550918E-05 2.68493843906511E-05 0.5670567 -9.90011417993735E-08 -1.44980894323009E-07 0.1420142 3.08206857962791E-14 6.3699491744978E-14
2.499377593361E-05 2.68994640387275E-05 0.7080708 9.39428785181384E-08 5.00796480764372E-08 0.1410141 1.13332355757335E-14 6.14175310140457E-14
2.5247521685254E-05 2.74067534076828E-05 0.850085 2.53745751644072E-07 5.07289368955252E-07 0.1420142 3.21729410332433E-13 2.62170093028901E-13
2.51621300211416E-05 2.73169926004228E-05 0.9920992 -8.53916641123789E-08 -8.97608072599425E-08 0.1420142 1.53487388198379E-14 1.52180027656905E-13
2.50607264472191E-05 2.73199489216799E-05 1.1331133 -1.01403573922582E-07 2.95632125707712E-09 0.1410141 1.02914246396476E-14 9.8739896467809E-14
2.50394407345576E-05 2.73823038397329E-05 1.2751275 -2.12857126614736E-08 6.23549180529785E-08 0.1420142 4.34121736890049E-15 1.21808181196905E-13
2.49372909698997E-05 2.71678743961353E-05 1.5581558 -1.02149764657927E-07 -2.14429443597624E-07 0.2830283 5.64145607012563E-14 1.45162831327341E-14
2.51145257337303E-05 2.73343258188005E-05 1.70017 1.77234763830661E-07 1.66451422665247E-07 0.1420142 5.9118237617395E-14 1.31909783367659E-13
22
6.04397590361446E-06 3.51183734939759E-05 0 0 0 0 0 0
6.28914141414141E-06 3.52891414141414E-05 0.4260426 2.45165510526957E-07 1.7076792016551E-07 0.4260426 8.92678101095973E-14 8.92678101095973E-14
6.31963788300836E-06 3.53658310120706E-05 0.5670567 3.0496468866942E-08 7.66895979291533E-08 0.1410141 6.81132904388756E-15 1.37224750144933E-13
6.62121212121212E-06 3.56351981351981E-05 0.8510851 3.01574238203765E-07 2.69367123127573E-07 0.2840284 1.63505668170206E-13 6.0030936068095E-13
6.57481412639405E-06 3.56524163568773E-05 0.9920992 -4.63979948180695E-08 1.72182216791867E-08 0.1410141 2.44924108093122E-15 5.66990998179746E-13
6.64526588845655E-06 3.53709468223087E-05 1.1341134 7.04517620624987E-08 -2.81469534568636E-07 0.1420142 8.41885496679955E-14 4.25342932056506E-13
6.43243243243243E-06 3.50638138138138E-05 1.2751275 -2.12833456024118E-07 -3.07133008494873E-07 0.1410141 1.39628764910282E-13 1.53875233480699E-13
6.28275475923852E-06 3.50685890257559E-05 1.4171417 -1.49677673193911E-07 4.77521194206076E-09 0.1420142 2.24262085018348E-14 5.94938351690883E-14
6.25806451612903E-06 3.56565464895636E-05 1.5581558 -2.46902431094895E-08 5.8795746380769E-07 0.1410141 3.46303587351977E-13 3.35464107188217E-13
6.31428571428571E-06 3.56535714285714E-05 1.70017 5.6221198156682E-08 -2.97506099213507E-09 0.1420142 3.16967411007983E-15 3.59504222940452E-13
6.36294117647059E-06 3.56235294117647E-05 1.8421842 4.86554621848745E-08 -3.00420168067248E-08 0.1420142 3.26987677423929E-15 3.56921346565236E-13
6.36801242236025E-06 3.56298524844721E-05 1.9831983 5.07124588965979E-09 6.323072707346E-09 0.1410141 6.56987833357752E-17 3.66610423199853E-13
6.5789627039627E-06 3.55530303030303E-05 2.1252125 2.10950281602456E-07 -7.68221814417487E-08 0.1420142 5.04016688696243E-14 4.7513741820421E-13
6.96972996515679E-06 3.56043118466899E-05 2.2672267 3.90767261194091E-07 5.12815436595915E-08 0.1420142 1.55328849141241E-13 1.09315666510052E-12
7.04264292408622E-06 3.56169165885661E-05 2.4082408 7.29129589294288E-08 1.26047418761743E-08 0.1410141 5.47517909760956E-15 1.2458810349415E-12
7.00325788751715E-06 3.56219135802469E-05 2.6922692 -3.93850365690769E-08 4.99699168084078E-09 0.2840284 1.57615103140592E-15 1.17377454312209E-12
7.01710893854749E-06 3.56218575418994E-05 2.8332833 1.38510510303398E-08 -5.60383474663695E-11 0.1410141 1.91854754941464E-16 1.20048409019144E-12
7.03125E-06 3.56180147058823E-05 2.9752975 1.41410614525137E-08 -3.84283601709257E-09 0.1420142 2.14737007658033E-16 1.22435148202924E-12
7.32692307692308E-06 3.56479831144465E-05 3.1173117 2.95673076923077E-07 2.996840856418E-08 0.1420142 8.83206739290292E-14 1.92643979959562E-12
7.23152562574493E-06 3.5572705601907E-05 3.2583258 -9.53974511781421E-08 -7.52775125395004E-08 0.1410141 1.47673775854207E-14 1.61669200682932E-12
7.41279069767442E-06 3.56411627906977E-05 3.40034 1.81265071929484E-07 6.84571887906458E-08 0.1420142 3.75434129987193E-14 2.14696258920426E-12
7.46287128712871E-06 3.56285224676314E-05 3.5413541 5.00805894542937E-08 -1.26403230663001E-08 0.1410141 2.66784320730995E-15 2.2735160846798E-12
27
3.94250788643533E-05 4.18966876971609E-06 0 0 0 0 0 0
3.95009624639076E-05 4.12006737247353E-06 0.1410141 7.58835995542952E-08 -6.96013972425558E-08 0.1410141 1.06026751794327E-14 1.06026751794327E-14
3.93972029988466E-05 4.33549596309112E-06 0.2830283 -1.0375946506101E-07 2.15428590617586E-07 0.1420142 5.71755042452265E-14 2.2042634205387E-14
3.92829428989751E-05 4.43210102489019E-06 0.4240424 -1.14260099871487E-07 9.66050617990719E-08 0.1410141 2.23879083878447E-14 7.89760310027945E-14
3.92238721804511E-05 4.32105263157895E-06 0.5660566 -5.90707185239836E-08 -1.11048393311243E-07 0.1420142 1.58210954439483E-14 5.77458488049128E-14
3.92145656433703E-05 4.38210320052253E-06 0.7080708 -9.306537080775E-09 6.10505689435872E-08 0.1420142 3.81378360077153E-15 8.13468263684217E-14
3.92194127243067E-05 4.38723491027732E-06 0.8490849 4.84708093633657E-09 5.13170975479049E-09 0.1410141 4.98286386108093E-17 8.13309410579398E-14
3.92563439849624E-05 4.48143796992481E-06 0.9910991 3.69312606557202E-08 9.42030596474872E-08 0.1420142 1.02381344605688E-14 1.13600725713501E-13
3.92134969325153E-05 4.64447852760736E-06 1.1331133 -4.28470524470654E-08 1.6304055768255E-07 0.1420142 2.84180933528383E-14 2.51618829753406E-13
3.94281567489115E-05 4.68396226415094E-06 1.2741274 2.14659816396129E-07 3.94837365435814E-08 0.1410141 4.76378022266626E-14 2.44335532013973E-13
3.94916974169742E-05 4.64114391143911E-06 1.4161416 6.35406680627E-08 -4.28183527118291E-08 0.1420142 5.87082782680882E-15 2.08267835147124E-13
3.95342039800995E-05 4.44713930348259E-06 1.5581558 4.25065631253361E-08 -1.94004607956527E-07 0.1420142 3.94445958170937E-14 7.81993666446265E-14
3.95059288537549E-05 4.63241106719368E-06 1.6991699 -2.82751263445675E-08 1.85271763711088E-07 0.1410141 3.51251091984186E-14 2.02557462761976E-13
3.94297619047619E-05 4.65714285714286E-06 1.8411841 -7.61669489930341E-08 2.47317899491817E-08 0.1420142 6.4130655529979E-15 2.18553953282959E-13
3.94134285714286E-05 4.67714285714286E-06 1.9831983 -1.63333333333355E-08 1.99999999999996E-08 0.1420142 6.66777777777832E-16 2.37766715237793E-13
3.95966057441253E-05 4.62271540469974E-06 2.1242124 1.83177172696759E-07 -5.44274524431181E-08 0.1410141 3.65162241766261E-14 2.16950858554987E-13
3.97443292287751E-05 4.45544394037589E-06 2.2662266 1.47723484649788E-07 -1.67271464323848E-07 0.1420142 4.98019706941205E-14 1.72557236522702E-13
3.96443323727185E-05 4.62632084534102E-06 2.4072407 -9.99968560565776E-08 1.70876904965128E-07 0.1410141 3.91982878716611E-14 2.3873713607802E-13
3.97164102564103E-05 4.64282051282051E-06 2.5492549 7.20778836917191E-08 1.64996674794944E-08 0.1420142 5.46746034441087E-15 2.90220482276416E-13
3.97377701934016E-05 4.6188850967008E-06 2.6912691 2.13599369913382E-08 -2.39354161197163E-08 0.1420142 1.02915105309791E-15 2.82002522612226E-13
3.96361985472155E-05 4.87817796610169E-06 2.8322832 -1.01571646186095E-07 2.59292869400898E-07 0.1410141 7.75495914311045E-14 5.18616433999385E-13
3.96078673245614E-05 4.90063048245614E-06 2.9742974 -2.83312226540957E-08 2.24525163544458E-08 0.1420142 1.3067736677226E-15 5.38878178167514E-13
3.96289682539682E-05 4.60544217687075E-06 3.1163116 2.11009294068489E-08 -2.95188305585392E-07 0.1420142 8.75813849762077E-14 2.14438409294549E-13
3.96392857142857E-05 4.61464285714286E-06 3.2573257 1.03174603174594E-08 9.20068027210874E-09 0.1410141 1.9110250487192E-16 2.26487549542178E-13
3.96412241887906E-05 4.61025073746313E-06 3.3993399 1.93847450484697E-09 -4.3921196797303E-09 0.1420142 2.30483986870159E-17 2.23607992870055E-13
3.96193308550186E-05 4.84851301115242E-06 3.5413541 -2.18933337719704E-08 2.3826227368929E-07 0.1420142 5.72482291272409E-14 4.71809570351234E-13
3.95237037037037E-05 4.55703703703704E-06 3.6823682 -9.56271513148863E-08 -2.9147597411538E-07 0.1410141 9.41027955551096E-14 1.44686302771287E-13
25
1.11300848956491E-05 2.21712946586487E-05 0 0 0 0 0 0
1.12338965915656E-05 2.22557770075101E-05 0.1420142 1.03811695916471E-07 8.44823488613642E-08 0.1420142 1.79141354781872E-14 1.79141354781872E-14
1.12636041009464E-05 2.21614747634069E-05 0.2830283 2.97075093808026E-08 -9.43022441031687E-08 0.1410141 9.77544935650408E-15 1.79238085257756E-14
1.12537993920973E-05 2.23518237082067E-05 0.4250425 -9.80470884910822E-09 1.90348944799748E-07 0.1420142 3.63288531019933E-14 4.78960143657176E-14
1.11699438202247E-05 2.22731741573034E-05 0.5670567 -8.38555718725456E-08 -7.8649550903318E-08 0.1420142 1.32175087913653E-14 1.19681661144428E-14
1.14324127906977E-05 2.22078488372093E-05 0.7080708 2.62468970472955E-07 -6.53253200940682E-08 0.1410141 7.31573579065256E-14 9.27383640947397E-14
1.13304140127389E-05 2.26457006369427E-05 0.850085 -1.01998777958821E-07 4.37851799733373E-07 0.1420142 2.02117949234847E-13 2.65192787394982E-13
1.12901041666667E-05 2.24276041666667E-05 0.9920992 -4.03098460721854E-08 -2.18096470276009E-07 0.1420142 4.91909540372175E-14 9.1300730997383E-14
1.14360167519777E-05 2.25461842717543E-05 1.1331133 1.45912585310997E-07 1.18580105087638E-07 0.1410141 3.53517238747342E-14 2.34136522731078E-13
1.1348399458972E-05 2.26218440036069E-05 1.2751275 -8.76172930056178E-08 7.565973185255E-08 0.1420142 1.34011850576321E-14 2.50655960801071E-13
1.14048145627765E-05 2.25734093228989E-05 1.4161416 5.64151038044081E-08 -4.84346807079064E-08 0.1410141 5.52858223253897E-15 2.37172593204961E-13
1.14514333895447E-05 2.25908094435076E-05 1.5581558 4.6618826768233E-08 1.74001206086416E-08 0.1420142 2.4760792064418E-15 2.79257509244126E-13
1.1469199830652E-05 2.24996824724809E-05 1.70017 1.77664411073017E-08 -9.11269710266396E-08 0.1420142 8.61977127810923E-15 2.2283749541551E-13
1.15087103484139E-05 2.23940457618305E-05 1.8411841 3.9510517761947E-08 -1.05636710650476E-07 0.1410141 1.27201956508695E-14 1.92975287450056E-13
1.16124852767962E-05 2.2497153513938E-05 1.9831983 1.03774928382295E-07 1.03107752107494E-07 0.1420142 2.14004443054109E-14 3.38894121301302E-13
1.1938185443669E-05 2.23637421070123E-05 2.1252125 3.25700166872762E-07 -1.33411406925671E-07 0.1420142 1.23879202198832E-13 6.90062516091698E-13
1.19053506017792E-05 2.22715201465201E-05 2.2662266 -3.28348418898212E-08 -9.22219604921501E-08 0.1410141 9.58301683894526E-15 6.11082063520424E-13
1.23315917798676E-05 2.23013322884013E-05 2.4082408 4.26241178088469E-07 2.98121418811093E-08 0.1420142 1.82570305701786E-13 1.4605285779762E-12
1.23233671339099E-05 2.22794885177453E-05 2.550255 -8.22464595771066E-09 -2.1843770655952E-08 0.1420142 5.44795117599516E-16 1.43562841129499E-12
1.23875124590631E-05 2.22388936351986E-05 2.6912691 6.4145325153147E-08 -4.05948825466709E-08 0.1410141 5.76256722798095E-15 1.58569369886381E-12
1.23623962564012E-05 2.21618400141268E-05 2.8332833 -2.51162026618772E-08 -7.7053621071844E-08 0.1420142 6.56808415643581E-15 1.51868068014174E-12
1.2250768321513E-05 2.2236524822695E-05 2.9752975 -1.11627934888199E-07 7.46848085682465E-08 0.1420142 1.80386164782797E-14 1.26018631530756E-12
1.20834685598377E-05 2.19055780933063E-05 3.1163116 -1.67299761675274E-07 -3.30946729388746E-07 0.1410141 1.37514947949711E-13 9.7954570423913E-13
1.21430555555556E-05 2.20177777777778E-05 3.2583258 5.95869957178277E-08 1.12199684471488E-07 0.1420142 1.61393792541778E-14 1.04967699054367E-12
1.19941068622315E-05 2.23438973284442E-05 3.3993399 -1.48948693324021E-07 3.26119550666434E-07 0.1410141 1.2853967456981E-13 7.76325640357504E-13
33
2.56427771556551E-05 3.16346584546473E-05 0 0 0 0 0 0
2.56315789473684E-05 3.16315789473684E-05 0.1420142 -1.11982082866753E-08 -3.07950727883366E-09 0.1420142 1.34883233912152E-16 1.34883233912152E-16
2.55379662522202E-05 3.16511989342806E-05 0.2830283 -9.36126951481739E-08 1.96199869122182E-08 0.1410141 9.14828057934056E-15 1.12589129453317E-14
2.55515340364334E-05 3.16222435282838E-05 0.4250425 1.35677842131194E-08 -2.89554059968431E-08 0.1420142 1.02250030489579E-15 8.47943720192089E-15
2.54807971014493E-05 3.1638768115942E-05 0.5660566 -7.07369349840903E-08 1.65245876582318E-08 0.1410141 5.276775968218E-15 2.62544272764782E-14
2.52364386792453E-05 3.16317806603774E-05 0.7080708 -2.44358422203994E-07 -6.98745556466918E-09 0.1420142 5.97598630372939E-14 1.65119239110909E-13
2.52801724137931E-05 3.16508620689655E-05 0.850085 4.37337345478213E-08 1.9081408588157E-08 0.1420142 2.27673969120749E-15 1.31744755937778E-13
2.50625E-05 3.16468278894472E-05 0.9910991 -2.17672413793103E-07 -4.03417951827834E-09 0.1410141 4.73975543309016E-14 3.3686967251852E-13
2.52285211267606E-05 3.17460093896714E-05 1.1331133 1.66021126760562E-07 9.91815002241232E-08 0.1420142 3.73999845175543E-14 1.84007088206212E-13
2.54506379100851E-05 3.16161907654921E-05 1.2751275 2.22116783324491E-07 -1.29818624179258E-07 0.1420142 6.61887406182144E-14 3.72585452309568E-14
2.54022373540856E-05 3.16410505836576E-05 1.4161416 -4.840055599945E-08 2.48598181654849E-08 0.1410141 2.96062438027687E-15 5.7900255452376E-14
2.52132107023411E-05 3.16066053511706E-05 1.5581558 -1.89026651744467E-07 -3.44452324870197E-08 0.1420142 3.69175491108087E-14 1.85314314427408E-13
2.50269516728625E-05 3.16102850061958E-05 1.70017 -1.86259029478684E-07 3.67965502521983E-09 0.1420142 3.47059659234459E-14 3.7983509024621E-13
2.49479806848112E-05 3.15921861281826E-05 1.8411841 -7.89709880512142E-08 -1.80988780131734E-08 0.1410141 6.56398633912074E-15 4.84546034412399E-13
2.49732810164425E-05 3.16313527653214E-05 1.9831983 2.53003316312146E-08 3.91666371387593E-08 0.1420142 2.17413224540868E-15 4.48236008002555E-13
2.48704175152749E-05 3.14809063136456E-05 2.1252125 -1.02863501167505E-07 -1.50446451675752E-07 0.1420142 3.32150346942615E-14 6.20179134950739E-13
2.47660740379932E-05 3.13934486117876E-05 2.2662266 -1.04343477281766E-07 -8.74577018579963E-08 0.1410141 1.85364108655326E-14 8.26790544810488E-13
2.45765076507651E-05 3.13395589558956E-05 2.4082408 -1.89566387228105E-07 -5.38896558920356E-08 0.1420142 3.88395101788778E-14 1.22401437122189E-12
2.47635026737968E-05 3.14085561497326E-05 2.5492549 1.86995023031713E-07 6.89971938370313E-08 0.1410141 3.97277513960157E-14 8.24245866734903E-13
2.48814569536424E-05 3.16466887417219E-05 2.6912691 1.17954279845595E-07 2.38132591989231E-07 0.1420142 7.06203435014026E-14 5.79753177799774E-13
2.49540159411404E-05 3.16473022685469E-05 2.8332833 7.25589874980201E-08 6.13526825052446E-10 0.1420142 5.2651830819029E-15 4.74551876649682E-13
2.52134099616858E-05 3.16107279693487E-05 2.9742974 2.59394020545418E-07 -3.65742991982465E-08 0.1410141 6.86229372565597E-14 1.84928855383674E-13
2.52154126213592E-05 3.16956917475728E-05 3.1163116 2.0026596734013E-09 8.49637782241572E-08 0.1420142 7.22285425589124E-15 1.86365508019265E-13
2.5081311769991E-05 3.16354447439353E-05 3.2583258 -1.3410085136821E-07 -6.02470036375067E-08 0.1420142 2.16127397849764E-14 3.15243997549761E-13
2.51330897703549E-05 3.16169102296451E-05 3.3993399 5.17780003638926E-08 -1.85345142902165E-08 0.1410141 3.0244895416575E-15 2.60096230224871E-13
2.51346356916579E-05 3.16346356916579E-05 3.5413541 1.54592130295939E-09 1.77254620127734E-08 0.1420142 3.16581876241215E-16 2.58207747951402E-13
2.5002374920836E-05 3.13753958201393E-05 3.6833683 -1.32260770821894E-07 -2.59239871518538E-07 0.1420142 8.46982224833498E-14 4.77332136013319E-13
2.49358407079646E-05 3.10995575221239E-05 3.8243824 -6.65342128713711E-08 -2.75838298015433E-07 0.1410141 8.05135681344638E-14 7.86092149060625E-13
2.50730582524272E-05 3.16514563106796E-05 3.9663966 1.37217544462583E-07 5.51898788555718E-07 0.1420142 3.2342092731761E-13 3.24861796662499E-13
2.49978463747308E-05 3.16584709260589E-05 4.1084108 -7.52118776963862E-08 7.01461537925141E-09 0.1420142 5.70603137553498E-15 4.16502745978354E-13
2.503125E-05 3.16275735294118E-05 4.2494249 3.34036252692016E-08 -3.08973966470987E-08 0.1410141 2.07045130069339E-15 3.74015658269205E-13
2.50690158465388E-05 3.16063386155129E-05 4.3914391 3.77658465387825E-08 -2.12349138988372E-08 0.142014199999999 1.8771807330819E-15 3.30004053127461E-13
2.49420772303595E-05 3.16323235685752E-05 4.5324532 -1.26938616179263E-07 2.59849530623057E-08 0.1410141 1.67886300631565E-14 4.90985837002197E-13
15
2.57288836385115E-05 2.72644713526285E-05 0 0 0 0 0 0
2.56622252747253E-05 2.71523351648352E-05 0.1420142 -6.66583637862459E-08 -1.12136187793304E-07 0.1420142 1.70178620754746E-14 1.70178620754746E-14
2.55289293849658E-05 2.72109339407745E-05 0.2840284 -1.33295889759442E-07 5.85987759393234E-08 0.1420142 2.12016107683482E-14 4.28479579790358E-14
2.55511318506751E-05 2.71920174741859E-05 0.4250425 2.22024657093058E-08 -1.89164665886281E-08 0.1410141 8.50782191771585E-16 3.68452625804064E-14
2.5489375E-05 2.71843055555556E-05 0.5670567 -6.17568506751383E-08 -7.71191863030296E-09 0.1420142 3.87338229427174E-15 6.37909429419772E-14
2.55055016564127E-05 2.71045906294368E-05 0.7090709 1.61266564126841E-08 -7.97149261187364E-08 0.1420142 6.61453849316837E-15 7.5461355574689E-14
2.56237891416986E-05 2.69605203874747E-05 0.850085 1.18287485285897E-07 -1.44070241962165E-07 0.1410141 3.47481637942982E-14 1.03431042478299E-13
2.55674950298211E-05 2.64910536779324E-05 0.9920992 -5.62941118775058E-08 -4.6946670954225E-07 0.1420142 2.23568018400504E-13 6.24221182547302E-13
2.54387601887602E-05 2.65412912912913E-05 1.1341134 -1.28734841060886E-07 5.02376133588847E-08 0.1420142 1.90964770989685E-14 6.07161017211258E-13
2.52459689922481E-05 2.6684496124031E-05 1.2751275 -1.92791196512125E-07 1.43204832739716E-07 0.1410141 5.7676069572587E-14 5.69577821362437E-13
2.50637360661633E-05 2.67785868392665E-05 1.4171417 -1.82232926084811E-07 9.40907152354455E-08 0.1420142 4.20619020429501E-14 6.78505053325837E-13
2.51376241721854E-05 2.69349475717439E-05 1.5591559 7.38881060221779E-08 1.56360732477477E-07 0.1420142 2.99081308724378E-14 4.58173678688654E-13
2.51270813397129E-05 2.68827272727273E-05 1.70017 -1.05428324725096E-08 -5.22202990166569E-08 0.1410141 2.83811094593246E-15 5.0789454937889E-13
2.53501786385859E-05 2.69530368559609E-05 1.8421842 2.23097298873014E-07 7.0309583233616E-08 0.1420142 5.47158422589199E-14 2.40408922683226E-13
2.55206557122927E-05 2.6816811347078E-05 1.9831983 1.70477073706735E-07 -1.36225508882916E-07 0.1410141 4.76198219300209E-14 2.43758349826873E-13
24
2.91355769230769E-05 3.46227564102564E-05 0 0 0 0 0 0
2.91343896713615E-05 3.46167840375587E-05 0.1410141 -1.18725171541811E-09 -5.97237269771966E-09 0.1410141 3.70788022762305E-17 3.70788022762305E-17
2.91389207807118E-05 3.46208381171068E-05 0.2830283 4.53110935032086E-09 4.05407954808368E-09 0.1420142 3.69665129267555E-17 1.48612324904377E-17
2.91446256038647E-05 3.46156400966184E-05 0.4250425 5.70482315291088E-09 -5.19802048841456E-09 0.1420142 5.95644242039655E-17 1.32520543794852E-16
2.9147256097561E-05 3.46237804878049E-05 0.5660566 2.63049369624113E-09 8.14039118652232E-09 0.1410141 7.31854657555746E-17 1.3745185145428E-16
2.93527713625866E-05 3.46284642032333E-05 0.9910991 2.05515265025628E-07 4.68371542837787E-09 0.4250425 4.22584613487682E-14 4.72060034545919E-14
2.9375E-05 3.4625E-05 1.1331133 2.22286374133951E-08 -3.46420323325702E-09 0.1420142 5.06113025297496E-16 5.73284434582517E-14
2.93744529540481E-05 3.46394967177243E-05 1.2751275 -5.47045951858394E-10 1.44967177242918E-08 0.1420142 2.10454084051242E-16 5.73419960666824E-14
2.93675742574257E-05 3.46113861386139E-05 1.4161416 -6.87869662239748E-09 -2.81105791104324E-08 0.1410141 8.37521125146858E-16 5.39520462221845E-14
2.93274077407741E-05 3.48719621962196E-05 1.5581558 -4.01665166516665E-08 2.6057605760576E-07 0.1420142 6.95132308572892E-14 9.89025863759019E-14
2.94290571169538E-05 3.51586582048957E-05 1.8411841 1.01649376179683E-07 2.86696008676117E-07 0.2830283 9.25271970685347E-14 3.73321357695641E-13
2.94176802780191E-05 3.51392267593397E-05 1.9831983 -1.13768389346482E-08 -1.94314455560303E-08 0.1420142 5.07013540541897E-16 3.46323924351864E-13
2.9136695018226E-05 3.51476306196841E-05 2.4082408 -2.80985259793109E-07 8.40386034437301E-09 0.4250425 7.90233410896887E-14 2.75494185859086E-13
2.91253993610224E-05 3.51357827476038E-05 2.5492549 -1.12956572036396E-08 -1.18478720802457E-08 0.1410141 2.67963944492001E-16 2.6329960558149E-13
2.917578125E-05 3.48914930555556E-05 2.6912691 5.03818889776362E-08 -2.44289692048277E-07 0.1420142 6.22157883779967E-14 7.38357724299788E-14
2.9263680494263E-05 3.45017652250662E-05 2.9742974 8.78992442630171E-08 -3.89727830489363E-07 0.2830283 1.59614058999955E-13 3.10493918443635E-14
2.93608217592593E-05 3.46267361111111E-05 3.1163116 9.71412649962424E-08 1.2497088604492E-07 0.1420142 2.50541477239227E-14 5.0751074245701E-14
2.93497644683715E-05 3.4846399730821E-05 3.2583258 -1.10572908877913E-08 2.19663619709884E-07 0.1420142 4.83743695058258E-14 9.58926393924597E-14
2.9490675990676E-05 3.46217948717949E-05 3.3993399 1.40911522304524E-07 -2.2460485902613E-07 0.1410141 7.03033998163259E-14 1.26096272365942E-13
2.94729626808835E-05 3.46207159177456E-05 3.5413541 -1.77133097925193E-08 -1.07895404924818E-09 0.1420142 3.14925485646149E-16 1.13833313180387E-13
2.93611111111111E-05 3.46206427015251E-05 3.6833683 -1.11851569772362E-07 -7.32162205636655E-11 0.1420142 1.25107790211566E-14 5.08701377368418E-14
2.93600439077936E-05 3.46361141602634E-05 3.8243824 -1.06720331747567E-09 1.54714587383893E-08 0.1410141 2.40504958414513E-16 5.05638567130637E-14
2.9330971659919E-05 3.44327935222672E-05 3.9663966 -2.90722478746055E-08 -2.03320637996242E-07 0.1420142 4.21844774316815E-14 7.42650019987952E-14
2.93639791183295E-05 3.46339907192575E-05 4.1074107 3.30074584104381E-08 2.01197196990336E-07 0.1410141 4.15698043874847E-14 5.22937724949149E-14
22
3.0450459506031E-05 1.38900057438254E-05 0 0 0 0 0 0
3.04131062355658E-05 1.3558025404157E-05 0.1420142 -3.73532704651964E-08 -3.31980339668343E-07 0.1420142 1.11606212740754E-13 1.11606212740754E-13
3.0461320754717E-05 1.36209433962264E-05 0.2830283 4.82145191511627E-08 6.29179920693712E-08 0.1410141 6.28331358301929E-15 7.25125136184883E-14
3.04350057012543E-05 1.35484606613455E-05 0.4250425 -2.63150534627066E-08 -7.24827348809196E-08 0.1420142 5.94622889456278E-15 1.16891863448273E-13
3.01353503184713E-05 1.4125E-05 0.850085 -2.99655382782937E-07 5.76539338654504E-07 0.4250425 4.22190957446961E-13 1.5451610051958E-13
3.00687386569873E-05 1.41343012704174E-05 1.2751275 -6.66116614840426E-08 9.30127041742246E-09 0.4250425 4.52362707704271E-15 2.05391110907538E-13
2.99192857142857E-05 1.4102619047619E-05 1.4171417 -1.49452942701583E-07 -3.16822227983753E-08 0.1420142 2.33399453236085E-14 3.27350013987138E-13
3.01549568965517E-05 1.405E-05 1.5581558 2.3567118226601E-07 -5.26190476190465E-08 0.1410141 5.83096703229945E-14 1.12919954217939E-13
3.01472114137484E-05 1.43715953307393E-05 1.8411841 -7.74548280334386E-09 3.21595330739299E-07 0.2830283 1.03483549257176E-13 3.23887935696972E-13
3.01296674445741E-05 1.43863768961494E-05 1.9831983 -1.75439691742838E-08 1.47815654100576E-08 0.1420142 5.26285530360031E-16 3.49291867553207E-13
3.0129E-05 1.44044285714286E-05 2.2662266 -6.67444574094844E-10 1.80516752792137E-08 0.2830283 3.26308462645664E-16 3.67967059576959E-13
3.01054354944335E-05 1.44389325474787E-05 2.4082408 -2.35645055664726E-08 3.45039760501447E-08 0.1420142 1.74581028586127E-15 4.20362204347883E-13
3.01145058448459E-05 1.46145058448459E-05 2.550255 9.07035041237947E-09 1.75573297367192E-07 0.1420142 3.09082540049918E-14 6.37765258842423E-13
3.0044921875E-05 1.46615513392857E-05 2.6912691 -6.95839698459082E-08 4.70454944398053E-08 0.1410141 7.05520740660202E-15 7.59743376056478E-13
2.98551136363636E-05 1.45780157342657E-05 2.8332833 -1.89808238636363E-07 -8.35356050199785E-08 0.1420142 4.30053647602925E-14 8.27794451475736E-13
2.98554327808471E-05 1.44111418047882E-05 2.9752975 3.19144483508893E-10 -1.66873929477521E-07 0.1420142 2.78470101924702E-14 6.25639597718892E-13
2.99525593008739E-05 1.44414794007491E-05 3.1163116 9.71265200267624E-08 3.03375959608498E-08 0.1410141 1.03539306211928E-14 5.52027808576263E-13
3.00060279187817E-05 1.47011421319797E-05 3.2583258 5.34686179078179E-08 2.59662731230632E-07 0.1420142 7.02836270911237E-14 8.5546167593294E-13
2.98565162907268E-05 1.45695488721805E-05 3.40034 -1.4951162805491E-07 -1.31593259799244E-07 0.1420142 3.9670512948221E-14 8.14547406300479E-13
2.99351973684211E-05 1.45779605263158E-05 3.5413541 7.86810776942381E-08 8.41165413533851E-09 0.1410141 6.2614679124193E-15 7.38776853205805E-13
2.99068207762557E-05 1.4441352739726E-05 3.6833683 -2.83765921653476E-08 -1.36607786589762E-07 0.1420142 1.94669183398724E-14 5.99526578400374E-13
3.00170261066969E-05 1.44660896708286E-05 3.8243824 1.10205330441229E-07 2.47369311025754E-08 0.1410141 1.2757130618034E-14 5.19737202609744E-13
