x y time dx dy dt dr^2 TotalDisplacementSquared
81
9.72536806342016E-06 2.43428652321631E-05 0 0 0 0 0 0
9.7271702367531E-06 2.43404735062007E-05 0.1260126 1.80217333294053E-09 -2.39172596240422E-09 0.1260126 8.96818180120037E-18 8.96818180120037E-18
9.72352620087336E-06 2.43452510917031E-05 0.2510251 -3.64403587973783E-09 4.77758550237795E-09 0.1250125 3.61043207253486E-17 9.08478338577826E-18
9.68015521064301E-06 2.45339985218034E-05 0.3770377 -4.3370990230347E-08 1.88747430100346E-07 0.1260126 3.75066351630458E-14 3.8576136464978E-14
9.72311529933481E-06 2.43456208425721E-05 0.5030503 4.2960088691796E-08 -1.88377679231341E-07 0.1260126 3.73317192529928E-14 1.26683347503082E-17
9.72542735042735E-06 2.43440170940171E-05 0.6290629 2.31205109253985E-09 -1.6037485549667E-09 0.1260126 7.91758968207247E-18 1.33030067995035E-18
9.7219730941704E-06 2.43441704035874E-05 0.7550755 -3.45425625694773E-09 1.53309570350757E-10 0.1260126 1.19553901130237E-17 1.32292886537635E-17
9.72687224669603E-06 2.43447136563877E-05 0.880088 4.89915252563122E-09 5.43252800220273E-10 0.1250125 2.4296819074346E-17 5.67923944144874E-18
9.72084233261339E-06 2.43434125269978E-05 1.0061006 -6.02991408264408E-09 -1.30112938982307E-09 0.1260126 3.80528015331308E-17 2.07817709714931E-17
9.72747252747253E-06 2.43425824175824E-05 1.1321132 6.6301948591363E-09 -8.30109415424829E-10 0.1260126 4.46485655116943E-17 4.50875303474271E-18
9.72426868905742E-06 2.43437161430119E-05 1.2581258 -3.20383841510541E-09 1.13372542950074E-09 0.1260126 1.15499139396018E-17 1.93267326211287E-18
9.72142857142857E-06 2.43472527472527E-05 1.3841384 -2.84011762884973E-09 3.53660424082847E-09 0.1260126 2.05738377019489E-17 3.47698858138194E-17
9.73040313549832E-06 2.43421052631579E-05 1.510151 8.97456406974939E-09 -5.14748409485222E-09 0.1260126 1.07039392748793E-16 2.5929503721128E-17
9.72652838427948E-06 2.43441593886463E-05 1.6351635 -3.87475121884506E-09 2.0541254883959E-09 0.1250125 1.9233128530019E-17 3.02118549959505E-18
9.72532894736842E-06 2.4343475877193E-05 1.7611761 -1.19943691105462E-09 -6.83511453306806E-10 0.1260126 1.90583681040183E-18 3.74417418046972E-19
9.72995545657016E-06 2.43413140311804E-05 1.8871887 4.62650920173502E-09 -2.16184601258362E-09 0.1260126 2.60781655758625E-17 2.34504004013125E-17
9.72403640256959E-06 2.43442184154176E-05 2.0132013 -5.9190540005627E-09 2.90438423715855E-09 0.1260126 4.34706480586323E-17 3.60442554112502E-18
9.72638004246284E-06 2.43458067940552E-05 2.1392139 2.34363989325104E-09 1.5883786376456E-09 0.1260126 8.01559464576664E-18 9.67688794801864E-18
9.72810421286031E-06 2.43425720620843E-05 2.2652265 1.7241703974662E-09 -3.23473197094515E-09 0.1260126 1.34362544833534E-17 7.57246245395818E-18
9.72944078947368E-06 2.4344024122807E-05 2.390239 1.33657661337416E-09 1.45206072275883E-09 0.1250125 3.89491738599764E-18 1.79301250316679E-17
9.72967706013363E-06 2.43424276169265E-05 2.5162516 2.36270659945248E-10 -1.59650588051363E-09 0.1260126 2.60465485126557E-18 1.87589597719877E-17
9.72081497797357E-06 2.4346640969163E-05 2.6422642 -8.86208216006246E-09 4.21335223649066E-09 0.1260126 9.62888372804381E-17 3.49867769764744E-17
9.72474167623421E-06 2.43441446613088E-05 2.7682768 3.92669826064562E-09 -2.49630785415533E-09 0.1260126 2.1650512132875E-17 2.02929984573085E-18
9.71895424836601E-06 2.43415032679739E-05 2.8942894 -5.78742786820108E-09 -2.64139333498292E-09 0.1260126 4.04712800797227E-17 4.29919700015362E-17
9.73183297180043E-06 2.43411062906724E-05 3.020302 1.28787234344223E-08 -3.96977301406309E-10 0.1260126 1.6601910827817E-16 4.48889155328192E-17
9.72932745314223E-06 2.43423373759647E-05 3.1453145 -2.50551865820725E-09 1.23108529226812E-09 0.1250125 7.79319474346354E-18 1.59553991373687E-17
9.72297297297297E-06 2.43443243243243E-05 3.2713271 -6.35448016925366E-09 1.98694835960822E-09 0.1260126 4.43273820051878E-17 7.86540818520522E-18
9.72652081109925E-06 2.43495197438634E-05 3.3973397 3.54783812627879E-09 5.1954195390671E-09 0.1260126 3.95795395571976E-17 4.56113531812388E-17
9.73079064587973E-06 2.43402004454343E-05 3.5233523 4.26983478048015E-09 -9.3192984290944E-09 0.1260126 1.05080812263119E-16 3.65054888407686E-17
9.72451317296678E-06 2.43413516609393E-05 3.6493649 -6.27747291295222E-09 1.15121550498998E-09 0.1260126 4.07319633117782E-17 3.02173553677212E-18
9.72378804960541E-06 2.43452649379932E-05 3.7753775 -7.25123361368318E-10 3.91327705394673E-09 0.1260126 1.58395411901481E-17 8.2550317260669E-18
9.71822272215973E-06 2.43419572553431E-05 3.90039 -5.56532744568194E-09 -3.3076826501528E-09 0.1250125 4.19136340917826E-17 5.18803236336473E-17
9.72441601779755E-06 2.43395439377086E-05 4.0264026 6.19329563782323E-09 -2.41331763451669E-09 0.1260126 4.41810128625494E-17 1.19373877211191E-17
9.71935853379152E-06 2.43407789232531E-05 4.1524152 -5.05748400603068E-09 1.23498554458479E-09 0.1260126 2.71033337665895E-17 4.04671312251184E-17
9.7233368532207E-06 2.43426610348469E-05 4.2784278 3.9783194291747E-09 1.88211159373353E-09 0.1260126 1.93693695318151E-17 4.16751141834042E-18
9.72638248847926E-06 2.43456221198157E-05 4.4044404 3.04563525856594E-09 2.96108496878489E-09 0.126012599999999 1.80439183205838E-17 8.62948772952829E-18
9.72624565469293E-06 2.43461761297798E-05 4.5294529 -1.36833786331891E-10 5.54009964169211E-10 0.1250125 3.25650525480692E-19 1.17322094706919E-17
9.73019801980198E-06 2.43490099009901E-05 4.6554655 3.95236510904873E-09 2.83377121025907E-09 0.1260126 2.36514492273189E-17 6.10854336439929E-17
9.73045602605863E-06 2.43417480998914E-05 4.7814781 2.58006256652621E-10 -7.26180109867514E-09 0.1260126 5.28003224251913E-17 2.71353483228841E-17
9.73181324647123E-06 2.43463626492942E-05 4.9074907 1.35722041259356E-09 4.6145494028238E-09 0.126012599999999 2.31361134394621E-17 5.37723111511249E-17
9.72661469933185E-06 2.4342706013363E-05 5.0335033 -5.1985471393774E-09 -3.65663593121823E-09 0.1260126 4.03958786938051E-17 1.57945172260471E-18
9.71673936750272E-06 2.43416030534351E-05 5.1585158 -9.87533182912337E-09 -1.10295992791265E-09 0.1250125 9.87386993378782E-17 7.60474883768687E-17
9.72317351598173E-06 2.43433219178082E-05 5.2845284 6.43414847900914E-09 1.7188643731032E-09 0.1260126 4.43527613830591E-17 5.02460023797017E-18
9.71908127208481E-06 2.43398115429918E-05 5.410541 -4.0922438969293E-09 -3.51037481646443E-09 0.126012599999999 2.90691914640228E-17 4.88487628493642E-17
9.7264207980653E-06 2.43440145102781E-05 5.5365536 7.33952598049115E-09 4.2029672863606E-09 0.1260126 7.15335756285219E-17 2.42909041876616E-18
9.68449296817173E-06 2.45408956328645E-05 5.6625662 -4.19278298935719E-08 1.96881122586429E-07 0.1260126 4.05201193504769E-14 4.08868130135504E-14
9.73004836759371E-06 2.43406892382104E-05 5.7885788 4.55553994219873E-08 -2.00206394654145E-07 0.1260126 4.21578948769082E-14 2.66401968390871E-17
9.67116477272727E-06 2.43110795454545E-05 5.9135913 -5.88835948664386E-08 -2.96096927558516E-08 0.1250125 4.3440116494908E-15 3.94832660147062E-15
9.67565597667638E-06 2.43072157434402E-05 6.0396039 4.49120394911162E-09 -3.8638020143118E-09 0.1260126 3.50998789183158E-17 3.7421776146209E-15
9.71906636670416E-06 2.4347581552306E-05 6.1656165 4.34103900277769E-08 4.03658088657259E-08 0.1260126 3.51386048774803E-15 6.19550571905438E-17
9.72014925373134E-06 2.43444316877153E-05 6.2916291 1.08288702718085E-09 -3.14986459068933E-09 0.1260126 1.1094291253315E-17 2.96897575650734E-17
9.71998834498834E-06 2.43420745920746E-05 6.4176417 -1.60908742998345E-10 -2.35709564067932E-09 0.1260126 5.58179148288275E-18 2.95664821551357E-17
9.71635150166852E-06 2.43456618464961E-05 6.5436543 -3.63684331982306E-09 3.58725442151453E-09 0.1260126 2.60950236176171E-17 8.91194375487843E-17
9.72546857772878E-06 2.43415104740904E-05 6.6686668 9.1170760602548E-09 -4.15137240569763E-09 0.1250125 1.00354968739259E-16 1.84547256170739E-18
9.73198198198198E-06 2.43488175675676E-05 6.7946794 6.51340425320512E-09 7.3070934771593E-09 0.1260126 9.58180500496146E-17 7.91742155099223E-17
9.72520420070012E-06 2.43421820303384E-05 6.920692 -6.77778128186546E-09 -6.63553722917953E-09 0.1260126 8.99686734246334E-17 4.93615724283233E-19
9.68042813455657E-06 2.45403287461774E-05 7.0467046 -4.4776066143541E-08 1.9814671583898E-07 0.1260126 4.12670170970644E-14 4.10114365731349E-14
9.72127417519909E-06 2.43452787258248E-05 7.1727172 4.08460406425153E-08 -1.95050020352568E-07 0.126012599999999 3.97129094757071E-14 2.25848724217731E-17
9.72914317925592E-06 2.43390642615558E-05 7.2987298 7.869004056829E-09 -6.21446426899652E-09 0.1260126 1.00540790997026E-16 2.86988771307827E-17
9.73442906574394E-06 2.43391003460208E-05 7.4237423 5.28588648802497E-09 3.60844649556213E-11 0.1250125 2.79418980528961E-17 9.62761307762705E-17
9.71910755148741E-06 2.43481121281465E-05 7.5497549 -1.53215142565291E-08 9.0117821256932E-09 0.1260126 3.15961016193987E-16 6.67239271203645E-17
9.67847222222222E-06 2.45392361111111E-05 7.6757675 -4.06353292651929E-08 1.91123982964658E-07 0.1260126 3.81796068487656E-14 4.07607420204843E-14
9.72779111644658E-06 2.4344537815126E-05 7.8017801 4.93188942243563E-08 -1.94698295985063E-07 0.126012599999999 4.03397797870004E-14 8.66871973684887E-18
9.73005952380952E-06 2.43440476190476E-05 7.9277927 2.26840736294598E-09 -4.90196078430927E-10 0.1260126 5.38596415957659E-18 2.34078393297063E-17
9.72175480769231E-06 2.43467548076923E-05 8.0538053 -8.30471611721606E-09 2.70718864468833E-09 0.126012600000001 7.62971801454776E-17 2.81844147523954E-17
9.72950346420323E-06 2.43380484988453E-05 8.1788178 7.74865651092504E-09 -8.70630884704227E-09 0.125012499999999 1.35841491464388E-16 4.03024594916186E-17
9.72801578354002E-06 2.43438556933484E-05 8.3048304 -1.48768066321026E-09 5.80719450310241E-09 0.126012600000001 3.59367017525525E-17 7.99143519268845E-18
9.72461170848268E-06 2.43431899641577E-05 8.430843 -3.40407505734674E-09 -6.65729190661324E-10 0.126012599999999 1.20309223513488E-17 6.77523659787313E-19
9.72388059701493E-06 2.43400852878465E-05 8.5568556 -7.31111467750623E-10 -3.10467631122435E-09 0.126012600000001 1.01735389757541E-17 9.94064671009696E-18
9.72676371780515E-06 2.43404255319149E-05 8.6828682 2.88312079022468E-09 3.40244068411266E-10 0.126012599999999 8.42815151711483E-18 7.89998846335875E-18
9.72190034762457E-06 2.43435689455388E-05 8.8088808 -4.86337018058514E-09 3.14341362392412E-09 0.126012599999999 3.35334187244765E-17 1.25202653542007E-17
9.7213785046729E-06 2.43463785046729E-05 8.9338933 -5.21842951668461E-10 2.80955913408221E-09 0.1250125 8.16594259411081E-18 2.82596627260962E-17
9.73557158712542E-06 2.43457269700333E-05 9.0599059 1.419308245252E-08 -6.51534639601436E-10 0.126012600000001 2.01868086890633E-16 1.1230143964158E-16
9.67702095808383E-06 2.4311751497006E-05 9.1859185 -5.85506290415854E-08 -3.39754730273079E-08 0.126012599999999 4.58250892859466E-15 3.30550710982764E-15
9.73394495412844E-06 2.43440366972477E-05 9.3119311 5.6923996044608E-08 3.22852002417164E-08 0.126012599999999 4.28267548033427E-15 7.49353846662766E-17
9.73394495412844E-06 2.43440366972477E-05 9.4379437 0 0 0.126012600000001 0 7.49353846662766E-17
9.69409058740269E-06 2.45300778485492E-05 9.5629562 -3.98543667257503E-08 1.86041151301481E-07 0.1250125 3.61996805246911E-14 3.60268442401545E-14
9.74074074074074E-06 2.43402777777778E-05 9.6889688 4.66501533380512E-08 -1.89800070771408E-07 0.126012599999999 3.82003036712953E-14 2.43014128198732E-16
9.72767857142857E-06 2.434375E-05 9.8149814 -1.30621693121693E-08 3.47222222222143E-09 0.126012599999999 1.82676594300266E-16 6.12126138218075E-18
9.73636363636364E-06 2.43431818181818E-05 9.940994 8.68506493506516E-09 -5.68181818181301E-10 0.126012600000001 7.57531835048101E-17 1.21002851062583E-16
9.68380121396055E-06 2.45257966616085E-05 10.0670066 -5.25624224030903E-08 1.82614843426681E-07 0.126012599999999 3.61109892886319E-14 3.5191710852942E-14
21
9.67058823529412E-06 2.43147058823529E-05 0 0 0 0 0 0
9.73472385428907E-06 2.43375440658049E-05 0.1260126 6.41356189949551E-08 2.28381834519915E-08 0.1260126 4.63496024725287E-15 4.63496024725287E-15
9.71607753705815E-06 2.43420752565564E-05 0.2520252 -1.86463172309192E-08 4.5311907515071E-09 0.1260126 3.6821683590262E-16 2.81835921927065E-15
9.72621509824198E-06 2.43420372285419E-05 0.3780378 1.01375611838321E-08 -3.80280145577672E-11 0.1260126 1.02771592885831E-16 3.84135036592062E-15
9.73835920177384E-06 2.43373059866962E-05 0.5040504 1.21441035318508E-08 -4.73124184565421E-09 0.1260126 1.69863899994381E-16 5.10366861392261E-15
9.67457507082153E-06 2.43101983002833E-05 0.630063 -6.37841309523068E-08 -2.71076864129434E-08 0.1260126 4.8032420240035E-15 3.62131536373252E-17
9.73772831050228E-06 2.43447488584475E-05 0.7550755 6.31532396807533E-08 3.45505581642023E-08 0.1250125 5.18207275163259E-15 5.41037011157552E-15
9.72427360774818E-06 2.43453389830508E-05 0.8810881 -1.34547027540979E-08 5.90124603359499E-10 0.1260126 1.81377273248619E-16 3.82050607389992E-15
9.7314585908529E-06 2.43420889987639E-05 1.0071007 7.18498310471993E-09 -3.24998428694201E-09 0.1260126 6.21863800804808E-17 4.45503525022954E-15
9.73164014687882E-06 2.4343635250918E-05 1.1331133 1.8155602591996E-10 1.54625215408544E-09 0.1260126 2.4238583145617E-18 4.56424427371932E-15
9.73643867924528E-06 2.4341391509434E-05 1.2591259 4.79853236645944E-09 -2.24374148402973E-09 0.1260126 2.80602887191148E-17 5.04840366127295E-15
9.74740184757506E-06 2.4344688221709E-05 1.3851385 1.09631683297735E-08 3.29671227504491E-09 0.1260126 1.31059371651381E-16 6.79927170490877E-15
9.67422524565382E-06 2.454119425548E-05 1.510151 -7.31766019212401E-08 1.96506033770962E-07 0.1250125 4.39694363771342E-14 5.13102110060835E-14
9.66691068814056E-06 2.43166178623719E-05 1.6361636 -7.31455751326138E-09 -2.2457639310808E-07 0.1260126 5.04880590930498E-14 1.71800206595145E-17
9.69079912023461E-06 2.45322580645161E-05 1.7621762 2.38884320940489E-08 2.1564020214424E-07 0.1260126 4.70713539687205E-14 4.77374318340414E-14
9.66316146540027E-06 2.43134328358209E-05 1.8881888 -2.76376548343329E-08 -2.18825228695234E-07 0.1260126 4.86483206782632E-14 5.67775585288879E-17
9.67091152815013E-06 2.43126675603217E-05 2.0142014 7.7500627498619E-09 -7.6527549917671E-10 0.1260126 6.06491192164371E-17 4.25927497373042E-18
9.66887417218543E-06 2.43182119205298E-05 2.1392139 -2.03735596470267E-09 5.54436020808424E-09 0.1250125 3.48907494438975E-17 1.52303160381498E-17
9.66301272984441E-06 2.43228429985856E-05 2.2652265 -5.86144234101837E-09 4.63107805576968E-09 0.1260126 5.58033902757144E-17 1.23600943401807E-16
9.71178909952607E-06 2.43545616113744E-05 2.3912391 4.87763696816543E-08 3.17186127888363E-08 0.1260126 3.38520463656953E-15 3.28599034929199E-15
9.72365339578454E-06 2.43448477751756E-05 2.5172517 1.18642962584765E-08 -9.7138361987632E-09 0.1260126 2.35120139405302E-16 3.72444496080994E-15
132
1.71769464105157E-05 3.45115015166835E-06 0 0 0 0 0 0
1.71983983622351E-05 3.47754094412331E-06 0.1260126 2.14519517193956E-08 2.63907924549622E-08 0.1260126 1.15666015897217E-15 1.15666015897217E-15
1.71925252028522E-05 3.46029014015245E-06 0.2510251 -5.87315938284405E-09 -1.72508039708674E-08 0.1250125 3.32084238777584E-16 3.26238160154784E-16
1.71953087885986E-05 3.47761282660333E-06 0.3770377 2.78358574635007E-09 1.73226864508789E-08 0.1260126 3.07823815482746E-16 1.03745009357351E-15
1.71982057416268E-05 3.47727272727273E-06 0.5030503 2.89695302821968E-09 -3.4009933059842E-10 0.1260126 8.50800440238469E-18 1.13434811549859E-15
1.72497265368628E-05 3.43480638809888E-06 0.6290629 5.1520795236037E-08 -4.24663391738429E-08 0.1260126 4.45778230458152E-15 5.56406539872299E-15
1.71876653041597E-05 3.47307044962731E-06 0.7550755 -6.20612327031758E-08 3.82640615284302E-08 0.1260126 5.31573500928923E-15 5.95394143560708E-16
1.72340496977837E-05 3.42187150212671E-06 0.880088 4.63843936240913E-08 -5.11989475006076E-08 0.1250125 4.77284419704462E-15 4.11802473580264E-15
1.72429585273897E-05 3.41023508538479E-06 1.0061006 8.9088296059181E-09 -1.16364167419207E-08 0.1260126 2.14773439538936E-16 6.03164222317416E-15
1.72168647166362E-05 3.48646023765996E-06 1.1321132 -2.60938107534656E-08 7.62251522751773E-08 0.1260126 6.49116079901165E-15 2.84027333626706E-15
1.71979166666667E-05 3.4773422787194E-06 1.2581258 -1.89480499695307E-08 -9.11795894056588E-09 0.1260126 4.42165772889678E-16 1.12577916249649E-15
1.71935622845889E-05 3.46017971442639E-06 1.3841384 -4.35438207779626E-09 -1.71625642930064E-08 0.1260126 3.13514256391013E-16 3.5762027481779E-16
1.71878731343284E-05 3.46225124378109E-06 1.510151 -5.68915026051187E-09 2.07152935470356E-09 0.1260126 3.66576645540808E-17 2.42627539374354E-16
1.71859287283378E-05 3.46192335855504E-06 1.6351635 -1.94440599055312E-09 -3.27885226054203E-10 0.1250125 3.88822337756348E-18 1.96744020081228E-16
1.72310641812176E-05 3.4000707881076E-06 1.7611761 4.51354528797481E-08 -6.18525704474426E-08 0.1260126 5.86294957761581E-15 5.53783448751322E-15
1.71834382871537E-05 3.44256926952141E-06 1.8871887 -4.76258940639021E-08 4.2498481413813E-08 0.1260126 4.07434670786623E-15 1.15776000702449E-16
1.72050270779374E-05 3.47704261831881E-06 2.0132013 2.15887907837136E-08 3.44733487974027E-08 0.1260126 1.65448766481034E-15 1.45894371209306E-15
1.7195681428921E-05 3.4610961585515E-06 2.1392139 -9.3456490163959E-09 -1.59464597673087E-08 0.1260126 3.41630734648056E-16 4.49923967566585E-16
1.72017453798768E-05 3.46560574948665E-06 2.2652265 6.06395095582712E-09 4.50959093514802E-09 0.1260126 5.71079115970459E-17 8.23953189658496E-16
1.71921794871795E-05 3.43666666666667E-06 2.390239 -9.56589269731012E-09 -2.89390828199863E-08 0.1250125 9.28976817558474E-16 4.41817962439711E-16
1.7118341656263E-05 3.53199126092385E-06 2.5162516 -7.38378309164815E-08 9.53245942571788E-08 0.1260126 1.45388035447467E-14 9.96980216667406E-15
1.71801425411649E-05 3.4613541410666E-06 2.6422642 6.18008849018992E-08 -7.06371198572442E-08 0.1260126 8.80895207638447E-15 1.14336650766549E-16
1.72063416942735E-05 3.48024136299101E-06 2.7682768 2.61991531086387E-08 1.88872219244067E-08 0.1260126 1.04312277563169E-15 1.71038128342521E-15
1.72327868852459E-05 3.40704918032787E-06 2.8942894 2.64451909723569E-08 -7.3192182663139E-08 0.1260126 6.05644372855873E-15 5.06305429127137E-15
1.71888489208633E-05 3.4631605060779E-06 3.020302 -4.39379643825895E-08 5.61113257500274E-08 0.1260126 5.07902559151139E-15 2.85918365618515E-16
1.71953428201811E-05 3.43848641655886E-06 3.1453145 6.4938993178032E-09 -2.46740895190345E-08 0.1250125 6.50981421943093E-16 4.98798075502102E-16
1.7181805438744E-05 3.41743762265209E-06 3.2713271 -1.35373814370716E-08 -2.10487939067732E-08 0.1260126 6.26312421102582E-16 1.16014476799649E-15
1.7172435573522E-05 3.45363820111167E-06 3.3973397 -9.3698652220624E-09 3.62005784595838E-08 0.1260126 1.3982762550881E-15 2.65380404160675E-17
1.71783346085182E-05 3.44848252996685E-06 3.5233523 5.89903499625422E-09 -5.15567114482707E-09 0.1260126 6.13795588406344E-17 9.04329923666622E-18
1.71999515855725E-05 3.47833454369402E-06 3.6493649 2.16169770542649E-08 2.98520137271754E-08 0.1260126 1.35843642053208E-15 1.26822924920052E-15
1.71801560214529E-05 3.47598732325695E-06 3.7753775 -1.97955641195513E-08 -2.34722043707292E-09 0.1260126 3.9737380259148E-16 6.27186694890041E-16
1.7229387755102E-05 3.39862244897959E-06 3.90039 4.92317336490942E-08 -7.73648742773561E-08 0.1250125 8.40908737004646E-15 5.50925417178518E-15
1.72011562057574E-05 3.47705285512034E-06 4.0264026 -2.82315493446106E-08 7.84304061407481E-08 0.1260126 6.94834898579989E-15 1.25706423176956E-15
1.72118032046942E-05 3.49401940871135E-06 4.1524152 1.06469989367675E-08 1.69665535910117E-08 0.1260126 4.01222527116201E-16 3.05276929982298E-15
1.71998020032611E-05 3.47664803167948E-06 4.2784278 -1.20012014330761E-08 -1.73713770318735E-08 0.1260126 4.45793575820772E-16 1.1725200048077E-15
1.71853706111834E-05 3.44980494148244E-06 4.4044404 -1.44313920777677E-08 -2.68430901970333E-08 0.126012599999999 9.28816568628323E-16 7.27767473336609E-17
1.7184099901088E-05 3.46834817012859E-06 4.5294529 -1.27071009532287E-09 1.85432286461409E-08 0.1250125 3.45466032769415E-16 3.46944266327391E-16
1.71846670043049E-05 3.45093694606229E-06 4.6554655 5.67103216855713E-10 -1.74112240662914E-08 0.1260126 3.03472329545172E-16 5.96530250885345E-17
1.72364532019704E-05 3.42560456784595E-06 4.7814781 5.17861976655567E-08 -2.53323782163473E-08 0.1260126 3.32353965475218E-15 4.19363508206931E-15
1.7190734557596E-05 3.48032435010732E-06 4.9074907 -4.57186443744533E-08 5.47197822613747E-08 0.126012599999999 5.08444901416999E-15 1.04124685446492E-15
1.72171036948748E-05 3.48009535160906E-06 5.0335033 2.63691372788593E-08 -2.28998498263522E-10 0.1260126 6.95383841143532E-16 2.45043208671141E-15
1.71936321894635E-05 3.45613823102948E-06 5.1585158 -2.34715054113401E-08 -2.39571205795754E-08 0.1250125 1.12485519273889E-15 3.03296154809072E-16
1.71860524306439E-05 3.47429371341308E-06 5.2845284 -7.57975881958117E-09 1.81554823835994E-08 0.1260126 3.87074284344208E-16 6.18544052808377E-16
1.71844368013758E-05 3.41616509028375E-06 5.410541 -1.61562926817638E-09 -5.81286231293334E-08 0.126012599999999 3.38154708484426E-15 1.28006047532122E-15
1.71915432098765E-05 3.46302469135802E-06 5.5365536 7.10640850078903E-09 4.68596010742757E-08 0.1260126 2.24632325462034E-15 3.54071244423106E-16
1.72036443494777E-05 3.48243114909782E-06 5.6625662 1.2101139601139E-08 1.94064577397914E-08 0.1260126 5.23048181652566E-16 1.6912807450013E-15
1.72261014686248E-05 3.45634178905207E-06 5.7885788 2.24571191471519E-08 -2.60893600457464E-08 0.1260126 1.18497690798596E-15 2.443172836439E-15
1.72190153927813E-05 3.47233280254777E-06 5.9135913 -7.08607584351739E-09 1.59910134957011E-08 0.1250125 3.05924983479775E-16 2.21850396714637E-15
1.71715521694215E-05 3.45603047520661E-06 6.0396039 -4.74632233598271E-08 -1.63023273411591E-08 0.1260126 2.51852344844314E-15 5.29153948202714E-17
1.71663361427863E-05 3.45853991075855E-06 6.1656165 -5.21602663517129E-09 2.50943555194061E-09 0.1260126 3.35042006481598E-17 1.67186320699789E-16
1.72172977624785E-05 3.47836242930907E-06 6.2916291 5.09616196921669E-08 1.98225185505207E-08 0.1260126 2.9900189233348E-15 2.36873965962242E-15
1.71814700349368E-05 3.44275732330019E-06 6.4176417 -3.58277275416405E-08 -3.56051060088847E-08 0.1260126 2.55134963470194E-15 9.09027459212703E-17
1.71951609086607E-05 3.48355418835778E-06 6.5436543 1.36908737238279E-08 4.07968650575969E-08 0.1260126 1.85182422184958E-15 1.38178953644433E-15
1.72221962069773E-05 3.49344415827675E-06 6.6686668 2.70352983166156E-08 9.88996991896496E-09 0.1250125 8.28718860066427E-16 3.83632707480882E-15
1.72208639924045E-05 3.48285070021362E-06 6.7946794 -1.33221457282318E-09 -1.05934580631257E-08 0.1260126 1.13996149403246E-16 2.93367877702992E-15
1.72040816326531E-05 3.49447278911565E-06 6.920692 -1.6782359751403E-08 1.16220889020218E-08 0.1260126 4.16720549272008E-16 2.61317119583515E-15
1.72010600706714E-05 3.49063604240283E-06 7.0467046 -3.02156198168291E-09 -3.83674671281931E-09 0.1260126 2.38504621474813E-17 2.14060417319978E-15
1.72113492237044E-05 3.42712661272688E-06 7.1727172 1.0289153032975E-08 -6.35094296759515E-08 0.126012599999999 4.13931432790061E-15 1.76068397856791E-15
1.72215240641711E-05 3.47286096256684E-06 7.2987298 1.0174840466771E-08 4.57343498399694E-08 0.1260126 2.19515813380895E-15 2.45852651529554E-15
1.7194578313253E-05 3.48457831325301E-06 7.4237423 -2.6945750918113E-08 1.17173506861672E-08 0.1250125 8.63369799643611E-16 1.42832598106912E-15
1.72084053320168E-05 3.47858553443594E-06 7.5497549 1.38270187637737E-08 -5.99277881707039E-09 0.1260126 2.27099845844077E-16 1.74236396961732E-15
1.71786595394737E-05 3.48139391447368E-06 7.6757675 -2.97457925430997E-08 2.80838003774253E-09 0.1260126 8.92699172453518E-16 9.17619999451981E-16
1.71873601789709E-05 3.46215510812826E-06 7.8017801 8.70063949723132E-09 -1.92388063454216E-08 0.126012599999999 4.45832797257417E-16 2.29555640123966E-16
1.71951963906582E-05 3.53118365180467E-06 7.9277927 7.83621168725901E-09 6.90285436764086E-08 0.1260126 4.82634605569339E-15 6.73842291927197E-15
1.71639285714286E-05 3.52214285714286E-06 8.0538053 -3.12678192296048E-08 -9.04079466181384E-09 0.126012600000001 1.05941248749232E-15 5.20942836508754E-15
1.72041793135653E-05 3.48097128181181E-06 8.1788178 4.02507421366884E-08 -4.11715753310431E-08 0.125012499999999 3.31522085779394E-15 1.63093081154151E-15
1.71801519594775E-05 3.43521727539323E-06 8.3048304 -2.40273540877851E-08 -4.57540064185857E-08 0.126012600000001 2.67074284781179E-15 2.64132090544898E-16
1.72159400544959E-05 3.46346296755016E-06 8.430843 3.57880950184395E-08 2.82456921569327E-08 0.126012599999999 2.07860687047306E-15 1.67210970579714E-15
1.72155150753769E-05 3.47688442211055E-06 8.5568556 -4.24979119028279E-10 1.34214545603917E-08 0.126012600000001 1.80316049768269E-16 2.1497945843689E-15
1.72369510232237E-05 3.51207174063003E-06 8.6828682 2.14359478468431E-08 3.51873185194771E-08 0.126012599999999 1.69764724468371E-15 7.31199354785946E-15
1.72243150684931E-05 3.48243277524099E-06 8.8088808 -1.26359547305768E-08 -2.96389653890357E-08 0.126012599999999 1.03813562128564E-15 3.22239229617505E-15
1.71864298492205E-05 3.45732174801942E-06 8.9338933 -3.78852192726029E-08 -2.5111027221572E-08 0.1250125 2.06585352745573E-15 1.28024211189693E-16
1.72348556554662E-05 3.48976573592049E-06 9.0599059 4.84258062456142E-08 3.24439879010701E-08 0.126012600000001 3.39767106146255E-15 4.84464399787008E-15
1.72284345047923E-05 3.46159478168264E-06 9.1859185 -6.42115067383031E-09 -2.81709542378512E-08 0.126012599999999 8.34833838647138E-16 2.76011414837765E-15
1.71978451337911E-05 3.48200331517878E-06 9.3119311 -3.0589371001188E-08 2.04085334961417E-08 0.126012599999999 1.35221785771146E-15 1.38867433314616E-15
1.72390007457122E-05 3.5E-06 9.4379437 4.11556119210097E-08 1.79966848212172E-08 0.126012600000001 2.01766505714698E-15 6.23704819870237E-15
1.72030740276035E-05 3.45884567126725E-06 9.5629562 -3.59267181086409E-08 -4.11543287327478E-08 0.1250125 2.98440784750082E-15 7.41873396585904E-16
1.72138237671787E-05 3.46065750471571E-06 9.6889688 1.07497395751466E-08 1.81183344845781E-09 0.126012599999999 1.18839641378423E-16 1.45032919641631E-15
1.71874135546335E-05 3.44246196403873E-06 9.8149814 -2.64102125451871E-08 -1.81955406769823E-08 0.126012599999999 1.02857702720967E-15 1.8504571027036E-16
1.71728765393117E-05 3.4734764761604E-06 9.940994 -1.45370153218209E-08 3.10145121216765E-08 0.126012600000001 1.17322477661248E-15 5.15028616941733E-16
1.71880043033889E-05 3.4331629908553E-06 10.0670066 1.51277640772669E-08 -4.03134853051057E-08 0.126012599999999 1.85402634342242E-15 4.45814948910837E-16
1.72244194947691E-05 3.48826231181424E-06 10.1930192 3.64151913801543E-08 5.50993209589397E-08 0.126012600000001 4.36200133338951E-15 3.63100615922441E-15
1.71926048565121E-05 3.44039735099338E-06 10.3180317 -3.18146382569324E-08 -4.78649608208608E-08 0.125012499999999 3.30322568180201E-15 3.60809653380047E-16
1.72220004988775E-05 3.47605387877276E-06 10.4440443 2.93956423653867E-08 3.56565277793841E-08 0.126012600000001 2.13549176335571E-15 2.65006650180876E-15
1.72715975544923E-05 3.48803827751196E-06 10.5700569 4.95970556147647E-08 1.19843987392003E-08 0.126012599999999 2.60349373879421E-15 1.03195728843368E-14
1.72278932865731E-05 3.46643286573146E-06 10.6960695 -4.37042679191464E-08 -2.16054117804987E-08 0.126012600000001 2.37685685255344E-15 2.82914552915038E-15
1.73096826541652E-05 3.42625315542734E-06 10.8220821 8.17893675920196E-08 -4.01797103041281E-08 0.126012599999999 8.30390977122617E-15 1.82387708000028E-14
1.7102165883143E-05 3.38918737407656E-06 10.9480947 -2.07516771022117E-07 -3.70657813507735E-08 0.126012599999999 4.44370824025892E-14 9.43151308101749E-15
1.72107095926413E-05 3.46984231274639E-06 11.0731072 1.08543709498214E-07 8.0654938669825E-08 0.1250125 1.82869560034659E-14 1.48934935301293E-15
1.71935182299782E-05 3.50537550638828E-06 11.1991198 -1.71913626630769E-08 3.55331936418963E-08 0.126012600000001 1.55815080060593E-15 3.21501429480046E-15
1.74207060063224E-05 3.35655953635406E-06 11.3251324 2.27187776344259E-07 -1.48815970034226E-07 0.126012599999999 7.37604786574766E-14 6.83661250534176E-14
1.72362008220787E-05 3.42748091603053E-06 11.451145 -1.84505184243758E-07 7.09213796764772E-08 0.126012600000001 3.9072005108038E-14 4.07131800535759E-15
1.72555381808705E-05 3.46566327860308E-06 11.5771576 1.9337358791784E-08 3.81823625725413E-08 0.126012599999999 1.83182625666319E-15 6.38729722092471E-15
1.72439639161581E-05 3.49568851154152E-06 11.7031702 -1.15742647123369E-08 3.00252329384474E-08 0.126012599999999 1.03547821663927E-15 6.4750115627294E-15
1.71823664122137E-05 3.41015267175573E-06 11.8281827 -6.15975039443946E-08 -8.55358397857975E-08 0.1250125 1.11106323800413E-14 1.71016977759326E-15
1.74253605769231E-05 3.38485576923077E-06 11.9541953 2.42994164709337E-07 -2.52969025249561E-08 0.126012600000001 5.96860973601456E-14 6.61045432146657E-14
1.7252628032345E-05 3.38692722371968E-06 12.0802079 -1.72732544578061E-07 2.07145448890733E-09 0.126012599999999 2.98408228801114E-14 9.85229235702042E-15
1.72216058394161E-05 3.38386861313869E-06 12.2062205 -3.10221929289582E-08 -3.05861058099044E-09 0.126012599999999 9.71731552807654E-16 6.52127001662741E-15
1.72452520087655E-05 3.31720233747261E-06 12.3322331 2.36461693494654E-08 -6.66662756660785E-08 0.126012600000001 5.00353363608917E-15 2.26076716800875E-14
1.71614615384615E-05 3.43415384615385E-06 12.4572456 -8.37904703039847E-08 1.16951508681239E-07 0.1250125 2.06984982965808E-14 5.28655663675325E-16
1.7140423704552E-05 3.44710850271972E-06 12.5832582 -2.10378339095776E-08 1.29546565658787E-08 0.126012599999999 6.10413582346836E-16 1.35024297713571E-15
1.7205270863836E-05 3.53799414348463E-06 12.7092708 6.48471592840565E-08 9.08856407649017E-08 0.126012599999999 1.24653537644586E-14 8.34415357048159E-15
1.71162771827329E-05 3.49756572541383E-06 12.8352834 -8.89936811031369E-08 -4.04284180708001E-08 0.126012600000001 9.55433226399422E-15 5.83516068588197E-15
1.71595661265029E-05 3.43622582331417E-06 12.961296 4.32889437699941E-08 -6.13399020996606E-08 0.126012599999999 5.63651624231766E-15 5.24809849189087E-16
1.70604896354539E-05 3.41761972837741E-06 13.0873086 -9.90764910489794E-08 -1.86060949367537E-08 0.126012600000001 1.0162337847374E-14 1.46864697438591E-14
1.71620595382746E-05 3.44805589307412E-06 13.2123211 1.0156990282071E-07 3.04361646967068E-08 0.125012499999999 1.12428052804536E-14 2.3119340136985E-16
1.7218091963902E-05 3.41340782122905E-06 13.3383337 5.60324256274143E-08 -3.46480718450688E-08 0.126012600000001 4.34012160427276E-15 3.11744007045813E-15
1.70918093319906E-05 3.47230614300101E-06 13.4643463 -1.26282631911419E-07 5.88983217719567E-08 0.126012599999999 1.94163154300279E-14 7.6958981090517E-15
1.71487703118138E-05 3.40623627580149E-06 13.5903589 5.69609798231916E-08 -6.60698671995141E-08 0.126012600000001 7.60978057417947E-15 2.81114878344172E-15
1.73600958657879E-05 3.36758538046735E-06 13.7163715 2.11325553974106E-07 -3.86508953341473E-08 0.126012599999999 4.61523814725941E-14 4.05267939523894E-14
1.71470219435737E-05 3.4230407523511E-06 13.8423841 -2.13073922214232E-07 5.54553718837516E-08 0.126012599999999 4.84757945985216E-14 1.68561205174009E-15
1.70619641465316E-05 3.35171473109899E-06 13.9673966 -8.50577970421007E-08 -7.13260212521107E-08 0.1250125 1.23222301453117E-14 2.31083238947174E-14
1.71757075471698E-05 3.39934299191375E-06 14.0934092 1.13743400638246E-07 4.762826081476E-08 0.126012600000001 1.52060124169913E-14 2.68551658422891E-15
1.71094907407407E-05 3.41863425925926E-06 14.2194218 -6.62168064290718E-08 1.92912673455128E-08 0.126012599999999 4.75681844946121E-15 5.6075506439445E-15
1.71303370786517E-05 3.28932584269663E-06 14.3454344 2.0846337910946E-08 -1.2930841656263E-07 0.126012599999999 1.7155236398232E-14 2.83595367909828E-14
1.71690856313498E-05 3.42097242380261E-06 14.471447 3.87485526980988E-08 1.31646581105983E-07 0.126012600000001 1.88322726530916E-14 9.72487108233484E-16
1.7108877388535E-05 3.48606687898089E-06 14.5964595 -6.02082428147526E-08 6.50944551782793E-08 0.1250125 7.86232059779721E-15 5.85256959961923E-15
1.70523127753304E-05 3.44320327249843E-06 14.7224721 -5.65646132046353E-08 -4.28636064824652E-08 0.126012599999999 5.03684422767364E-15 1.55966959080379E-14
1.73460247805885E-05 3.3488642230253E-06 14.8484847 2.93712005258143E-07 -9.43390494731298E-08 0.126012600000001 9.51665982882533E-14 3.90499064248696E-14
1.74152447238437E-05 3.29815895823978E-06 14.9744973 6.92199432551952E-08 -5.07052647855124E-08 0.126012599999999 7.36242442122137E-15 8.01923914016968E-14
1.70095181439619E-05 3.38444378346222E-06 15.1005099 -4.05726579881808E-07 8.62848252224406E-08 0.126012599999999 1.72059128686256E-13 3.24819640004434E-14
1.72024325626204E-05 3.25830924855491E-06 15.2265225 1.92914418658496E-07 -1.26134534907312E-07 0.126012600000001 5.31258938226295E-14 3.78371578627131E-14
1.72116001834021E-05 3.28186611646034E-06 15.351535 9.16762078168531E-09 2.35568679054259E-08 0.1250125 6.38971296310472E-16 2.98579685515724E-14
1.72159090909091E-05 3.4022961574508E-06 15.4775476 4.30890750698154E-09 1.20430040990458E-07 0.126012599999999 1.4521961456867E-14 3.90480321444854E-15
1.6992816091954E-05 3.43330938697318E-06 15.6035602 -2.23092998955067E-07 3.10132295223835E-08 0.126012599999999 5.07323065881737E-14 3.42222670985231E-14
1.72501473187979E-05 3.34767236299352E-06 15.7295728 2.57331226843856E-07 -8.5637023979662E-08 0.126012600000001 7.35530601850574E-14 1.60660257223736E-14
1.7350563502384E-05 3.35045513654096E-06 15.8555854 1.00416183586169E-07 2.78277354744416E-09 0.126012599999999 1.00911537546276E-14 4.02823806603374E-14
1.7245256916996E-05 3.33715415019763E-06 15.981598 -1.05306585388E-07 -1.33009863433338E-08 0.126012600000001 1.12663931637857E-14 1.76614136469187E-14
1.72091088045812E-05 3.37544738725841E-06 16.1066105 -3.61481124148035E-08 3.82932370607825E-08 0.125012499999999 2.77305803574656E-15 6.76532813133619E-15
1.72356696935301E-05 3.23368331441544E-06 16.2326231 2.65608889488362E-08 -1.41764072842974E-07 0.126012599999999 2.08025331707805E-14 5.07402492727761E-14
1.71597039473684E-05 3.32351973684211E-06 16.3586357 -7.59657461616605E-08 8.98364224266683E-08 0.126012600000003 1.38413773843206E-14 1.65868253241041E-14
1.73901496259352E-05 3.27755610972569E-06 16.4846483 2.30445678566742E-07 -4.59636271164192E-08 0.126012599999999 5.52178657877834E-14 7.55905024632016E-14
132
3.79110710321865E-05 7.10183129855716E-06 0 0 0 0 0 0
3.79451728247914E-05 7.13125744934446E-06 0.1260126 3.41017926049574E-08 2.9426150787299E-08 0.1260126 2.02883060902839E-15 2.02883060902839E-15
3.79330051369863E-05 7.12621289954338E-06 0.2510251 -1.21676878051176E-08 -5.04454980107827E-09 0.1250125 1.73500109218366E-16 1.07556742002164E-15
3.79283926218709E-05 7.15032938076416E-06 0.3770377 -4.6125151154186E-09 2.41164812207844E-08 0.1260126 6.0287996216241E-16 2.65210144695287E-15
3.79445128626163E-05 7.11959496442255E-06 0.5030503 1.61202407454297E-08 -3.07344163416126E-08 0.1260126 1.20446650955019E-15 1.43390384747622E-15
3.79290684464641E-05 7.12645555239989E-06 0.6290629 -1.5444416152242E-08 6.8605879773358E-09 0.1260126 2.85597657678398E-16 9.30260797991004E-16
3.79330470290059E-05 7.12221909321318E-06 0.7550755 3.97858254184058E-09 -4.23645918670701E-09 0.1260126 3.37767054828729E-17 8.98606607144548E-16
3.79299178004535E-05 7.12209467120181E-06 0.880088 -3.12922855239606E-09 -1.24422011365866E-10 0.1250125 9.80755217004305E-18 7.65804945048186E-16
3.79274214659686E-05 7.14921465968586E-06 1.0061006 -2.49633448493114E-09 2.71199884840501E-08 0.1260126 7.41725461235664E-16 2.51251959671689E-15
3.79278439153439E-05 7.15112433862434E-06 1.1321132 4.22449375328426E-10 1.90967893847471E-09 0.1260126 3.82533712276928E-18 2.71113340847813E-15
3.79471219114852E-05 7.13121096931849E-06 1.2581258 1.9277996141291E-08 -1.9913369305848E-08 0.1260126 7.68183412334719E-16 2.16283095225673E-15
3.79125348189415E-05 7.1516713091922E-06 1.3841384 -3.45870925437026E-08 2.04603398737095E-08 0.1260126 1.61489247837436E-15 2.48616933176531E-15
3.79287267981438E-05 7.12855278422274E-06 1.510151 1.61919792023468E-08 -2.31185249694628E-08 0.1260126 7.96646387252905E-16 1.02576386771774E-15
3.79386200716846E-05 7.14471326164875E-06 1.6351635 9.89327354074021E-09 1.61604774260082E-08 0.1250125 3.59037891988432E-16 2.59781233585757E-15
3.79326194828937E-05 7.14377121963959E-06 1.7611761 -6.00058879088294E-09 -9.42042009152821E-10 0.1260126 3.68945089842787E-17 2.22329270828332E-15
3.79637960582691E-05 7.13446158240503E-06 1.8871887 3.11765753753619E-08 -9.30963723456557E-09 0.1260126 1.05864819757483E-15 3.84466379940388E-15
3.79467706622879E-05 7.13218390804598E-06 2.0132013 -1.70253959811646E-08 -2.27767435905069E-09 0.1260126 2.95051908801332E-16 2.19574449216038E-15
3.79417582417582E-05 7.12712912087912E-06 2.1392139 -5.01242052965978E-09 -5.05478716685559E-09 0.1260126 5.06752328683628E-17 1.58168464553598E-15
3.7954641350211E-05 7.12997287522604E-06 2.2652265 1.28831084527263E-08 2.84375434691864E-09 0.1260126 1.74061422190327E-16 2.69032095016721E-15
3.79429702695193E-05 7.12975826618505E-06 2.390239 -1.16710806916558E-08 -2.14609040988023E-10 0.1250125 1.36260181551614E-16 1.79747686330697E-15
3.79460456697299E-05 7.12148426622111E-06 2.5162516 3.07540021056951E-09 -8.27399996394362E-09 0.1260126 7.79171618585101E-17 1.60946440929391E-15
3.79288912299184E-05 7.14978930734791E-06 2.6422642 -1.71544398115273E-08 2.83050411267984E-08 0.1260126 1.09545015843706E-15 2.61753005437725E-15
3.79362589928058E-05 7.12546762589928E-06 2.7682768 7.36776288739804E-09 -2.4321681448626E-08 0.1260126 6.45828118453359E-16 1.19310933038293E-15
3.79434401533826E-05 7.12708846891263E-06 2.8942894 7.18116057687723E-09 1.6208430133462E-09 0.1260126 5.41961993048089E-17 1.68568466137741E-15
3.79335926246039E-05 7.12467588591184E-06 3.020302 -9.84752877877071E-09 -2.41258300078595E-09 0.1260126 1.02794379784399E-16 1.02909729642111E-15
3.79308781869688E-05 7.12372521246459E-06 3.1453145 -2.71443763502077E-09 -9.50673447251305E-10 0.1250125 8.27195167772584E-18 8.71666846759051E-16
3.7940889072392E-05 7.12902559867878E-06 3.2713271 1.00108854231209E-08 5.30038621418871E-09 0.1260126 1.28311920974416E-16 1.62864548080143E-15
3.79447873799726E-05 7.12407407407407E-06 3.3973397 3.89830758060583E-09 -4.95152460470383E-09 0.1260126 3.97143979039963E-17 1.63153317072943E-15
3.79323273589879E-05 7.15353189246178E-06 3.5233523 -1.24600209846903E-08 2.94578183877077E-08 0.1260126 1.02301518710209E-15 3.12478283917929E-15
3.79186231884058E-05 7.13760869565217E-06 3.6493649 -1.37041705820806E-08 -1.59231968096076E-08 0.1260126 4.41352487980263E-16 1.33705720645566E-15
3.79135422495803E-05 7.14871292669278E-06 3.7753775 -5.08093882549332E-09 1.11042310406066E-08 0.1260126 1.49119886351578E-16 2.20399397205441E-15
3.79419226549643E-05 7.13261108063631E-06 3.90039 2.83804053840413E-08 -1.61018460564675E-08 0.1250125 1.0647168561887E-15 1.89921761286894E-15
3.79280292179891E-05 7.12610999713549E-06 4.0264026 -1.38934369752306E-08 -6.50108350082235E-09 0.1260126 2.35291677669369E-16 8.77035270374751E-16
3.79288194444444E-05 7.12717013888889E-06 4.1524152 7.90226455329446E-10 1.06014175339819E-09 0.1260126 1.74835838800073E-18 9.57062967036164E-16
3.79404024767802E-05 7.13432310723332E-06 4.2784278 1.15830323357429E-08 7.15296834443446E-09 0.1260126 1.85331594227346E-16 1.91605127300316E-15
3.79402940294029E-05 7.12848784878488E-06 4.4044404 -1.08447377243692E-10 -5.83525844844512E-09 0.126012599999999 3.40620019937812E-17 1.56455523635732E-15
3.79277973052138E-05 7.12551259519625E-06 4.5294529 -1.24967241891198E-08 -2.9752535886276E-09 0.1250125 1.65020249375574E-16 8.40572019894466E-16
3.79425436205016E-05 7.13127044711014E-06 4.6554655 1.4746315287816E-08 5.75785191389055E-09 0.1260126 2.50606673229969E-16 1.85718728278112E-15
3.79136537934812E-05 7.15173924952068E-06 4.7814781 -2.88898270204001E-08 2.04688024105373E-08 0.1260126 1.25359397739026E-15 2.49747422528296E-15
3.79578696343402E-05 7.12970323264441E-06 4.9074907 4.42158408589819E-08 -2.20360168762701E-08 0.126012599999999 2.44062662263807E-15 2.96695387330966E-15
3.79116301635708E-05 7.15268921541447E-06 5.0335033 -4.62394707693861E-08 2.29859827700629E-08 0.1260126 2.66644406093854E-15 2.58684033497038E-15
3.79249462943072E-05 7.11284908700322E-06 5.1585158 1.33161307363636E-08 -3.98401284112495E-08 0.1250125 1.76455516961278E-15 3.13914561161308E-16
3.79285239361702E-05 7.14677526595745E-06 5.2845284 3.57764186301779E-09 3.39261789542249E-08 0.1260126 1.16378513973411E-15 2.32456406314429E-15
3.79028031687995E-05 7.13337903717246E-06 5.410541 -2.57207673707001E-08 -1.33962287849911E-08 0.126012599999999 8.41016819797494E-16 1.06361737672437E-15
3.79312095350206E-05 7.13154796939376E-06 5.5365536 2.84063662210841E-08 -1.83106777869479E-09 0.1260126 8.1027445109652E-16 1.28863982201152E-15
3.7906083599574E-05 7.13844515441959E-06 5.6625662 -2.51259354465816E-08 6.89718502583414E-09 0.1260126 6.78883793346376E-16 1.36544892517899E-15
3.79204E-05 7.14112E-06 5.7885788 1.4316400425983E-08 2.67484558040465E-09 0.1260126 2.12114120036097E-16 1.63063170153077E-15
3.79284017645063E-05 7.15354597896166E-06 5.9135913 8.00176450627532E-09 1.24259789616561E-08 0.1250125 2.18433188369407E-16 2.97476245208035E-15
3.79413293985385E-05 7.13392355255762E-06 6.0396039 1.29276340322306E-08 -1.96224264040392E-08 0.1260126 5.52163339653223E-16 1.94548150112443E-15
3.79211062362896E-05 7.14133500470072E-06 6.1656165 -2.02231622489393E-08 7.41145214310368E-09 0.1260126 4.63905914216439E-16 1.66124812046787E-15
3.79550302680888E-05 7.13685500144134E-06 6.2916291 3.39240317992164E-08 -4.48000325938303E-09 0.1260126 1.17091036271833E-15 3.15907418483515E-15
3.79409692871231E-05 7.13461538461538E-06 6.4176417 -1.40609809656524E-08 -2.23961682595242E-09 0.1260126 2.0272706924353E-16 1.96870194693123E-15
3.79307306590258E-05 7.1343123209169E-06 6.5436543 -1.02386280973406E-08 -3.03063698479988E-10 0.1260126 1.04921352920988E-16 1.44151774099599E-15
3.79358438940092E-05 7.13176843317972E-06 6.6686668 5.1132349834262E-09 -2.54388773718173E-09 0.1250125 3.26165368151171E-17 1.50992671229884E-15
3.79450772986168E-05 7.11879576891782E-06 6.7946794 9.23340460754218E-09 -1.29726642619037E-08 0.1260126 2.53545778698654E-16 1.44421941114605E-15
3.79225670869706E-05 7.14088263821532E-06 6.920692 -2.25102116461784E-08 2.20868692975049E-08 0.1260126 9.94539423720811E-16 1.6571664046969E-15
3.7899359886202E-05 7.16842105263158E-06 7.0467046 -2.32072007685886E-08 2.7538414416254E-08 0.1260126 1.29693843607493E-15 4.57134628796135E-15
3.79403221365639E-05 7.13202092511013E-06 7.1727172 4.09622503618863E-08 -3.64001275214463E-08 0.126012599999999 3.0028752382874E-15 1.76704065870649E-15
3.79184736091298E-05 7.13922967189729E-06 7.2987298 -2.18485274340665E-08 7.20874678715688E-09 0.1260126 5.29324181278502E-16 1.45343647389001E-15
3.79572234409276E-05 7.14627076151677E-06 7.4237423 3.87498317977943E-08 7.04108961947636E-09 0.1250125 1.55112640738685E-15 4.10491070074787E-15
3.79509576320371E-05 7.14567614625653E-06 7.5497549 -6.26580889046124E-09 -5.94615260236075E-10 0.1260126 3.96139283594888E-17 3.51331151742948E-15
3.79778761061947E-05 7.14014103982301E-06 7.6757675 2.69184741575472E-08 -5.53510643352073E-09 0.1260126 7.5524165420094E-16 5.9305541891014E-15
3.79701492537313E-05 7.15073072139303E-06 7.8017801 -7.72685246334959E-09 1.05896815700257E-08 0.126012599999999 1.71845604744914E-16 5.88138981458769E-15
3.79442620387742E-05 7.14282363977486E-06 7.9277927 -2.5887214957109E-08 -7.90708161817477E-09 0.1260126 7.32669837952045E-16 2.7820149568179E-15
3.79445308083663E-05 7.13524590163934E-06 8.0538053 2.68769592075557E-10 -7.57773813551576E-09 0.126012600000001 5.74943523440744E-17 2.23609232114542E-15
3.79449445983379E-05 7.1143351800554E-06 8.1788178 4.13789971638323E-10 -2.09107215839426E-08 0.125012499999999 4.37429499301791E-16 1.30376553634111E-15
3.79595837366893E-05 7.14173927073249E-06 8.3048304 1.46391383513063E-08 2.74040906770932E-08 0.126012600000001 9.65288557507029E-16 3.94612874132251E-15
3.79508615188258E-05 7.14877153797064E-06 8.430843 -8.72221786347183E-09 7.03226723815042E-09 0.126012599999999 1.25529866966631E-16 3.78666890318927E-15
3.79792640186916E-05 7.14515186915888E-06 8.5568556 2.84024998658055E-08 -3.61966881176645E-09 0.126012600000001 8.19804000933953E-16 6.52695524574671E-15
3.79512299771167E-05 7.12178203661327E-06 8.6828682 -2.80340415748839E-08 -2.33698325456064E-08 0.126012599999999 1.332056560232E-15 2.01077280689376E-15
3.79442845394737E-05 7.13466282894737E-06 8.8088808 -6.94543764301869E-09 1.28807923340961E-08 0.126012599999999 2.1415391520717E-16 2.18104645408161E-15
3.79414040906578E-05 7.13170259812051E-06 8.9338933 -2.88044881586558E-09 -2.9602308268597E-09 0.1250125 1.70599519291119E-17 1.81238897383012E-15
3.79929598122617E-05 7.14249046641244E-06 9.0599059 5.15557216038403E-08 1.07878682919296E-08 0.126012600000001 2.7743705323767E-15 8.35894023288773E-15
3.79305983960518E-05 7.1533004318322E-06 9.1859185 -6.23614162098392E-08 1.08099654197646E-08 0.126012599999999 4.0058015840733E-15 3.03038961961434E-15
3.79485898138007E-05 7.16128148959474E-06 9.3119311 1.79914177488385E-08 7.98105776253966E-09 0.126012599999999 3.87388395622216E-16 4.94198418821896E-15
3.79554114633365E-05 7.15898174831892E-06 9.4379437 6.82164953587971E-09 -2.29974127581833E-09 0.126012600000001 5.18237123260705E-17 5.2322477425467E-15
3.79273060476481E-05 7.17906230910202E-06 9.5629562 -2.81054156884011E-08 2.00805607830921E-08 0.1250125 1.19314331238128E-15 6.22820471682073E-15
3.79667806183115E-05 7.14655172413793E-06 9.6889688 3.94745706633941E-08 -3.25105849640854E-08 0.126012599999999 2.61517986376631E-15 5.10347445035184E-15
3.79749399759904E-05 7.14735894357743E-06 9.8149814 8.15935767886344E-09 8.07219439500351E-10 0.126012599999999 6.72267209551351E-17 6.1520084437218E-15
3.79731411726171E-05 7.14002620373403E-06 9.940994 -1.79880337329763E-09 -7.33273984339888E-09 0.126012600000001 5.70047671867564E-17 5.31155311454907E-15
3.79955921245959E-05 7.14942697619747E-06 10.0670066 2.24509519788469E-08 9.40077246344106E-09 0.126012599999999 5.92419767665883E-16 9.40916359213287E-15
3.7911217146433E-05 7.13673341677096E-06 10.1930192 -8.43749781629057E-08 -1.26935594265092E-08 0.126012600000001 7.28026339090514E-15 1.21817920518351E-15
3.79208679004467E-05 7.13712507977026E-06 10.3180317 9.65075401367699E-09 3.91662999297715E-10 0.125012499999999 9.32904529375214E-17 1.34162962002715E-15
3.7933052849129E-05 7.14127546501329E-06 10.4440443 1.21849486823038E-08 4.15038524302425E-09 0.126012600000001 1.6569867205589E-16 2.03904254351477E-15
3.79987001733102E-05 7.14558058925477E-06 10.5700569 6.56473241812066E-08 4.30512424147977E-09 0.126012599999999 4.328105266887E-15 9.59286681063214E-15
3.79136284722222E-05 7.17469618055555E-06 10.6960695 -8.50717010880047E-08 2.91155913007897E-08 0.126012600000001 8.08491198280143E-15 5.31583152817682E-15
3.79327335754374E-05 7.14311654011225E-06 10.8220821 1.91051032152174E-08 -3.15796404433071E-08 0.126012599999999 1.36227865939267E-15 2.17373695036252E-15
3.79429914781076E-05 7.13987657948869E-06 10.9480947 1.02579026701122E-08 -3.2399606235618E-09 0.126012599999999 1.15721912031725E-16 2.46635826896E-15
3.7978078358209E-05 7.1532960199005E-06 11.0731072 3.5086880101403E-08 1.34194404118109E-08 0.1250125 1.41117053621638E-15 7.13859928363194E-15
3.79762534818941E-05 7.15048746518106E-06 11.1991198 -1.82487631480654E-09 -2.80855471943919E-09 0.126012600000001 1.12181531764261E-17 6.61617430042752E-15
3.79450318898959E-05 7.15198053037932E-06 11.3251324 -3.12215919982108E-08 1.49306519826364E-09 0.126012599999999 9.77017050589009E-16 3.66828530871621E-15
3.79426144244105E-05 7.1504854368932E-06 11.451145 -2.41746548539368E-09 -1.49509348611776E-09 0.126012600000001 8.07944390530144E-18 3.36221077022522E-15
3.7973505853358E-05 7.15303450400493E-06 11.5771576 3.08914289474345E-08 2.5490671117252E-09 0.126012599999999 9.60778125554471E-16 6.51987514284562E-15
3.79777018229167E-05 7.12736002604167E-06 11.7031702 4.19596955868684E-09 -2.56744779632623E-08 0.126012599999999 6.76784979223467E-16 5.09137820031018E-15
3.79241467347487E-05 7.15378930395055E-06 11.8281827 -5.35550881679399E-08 2.64292779088837E-08 0.1250125 3.56665419946082E-15 2.87060832195652E-15
3.79250076994148E-05 7.17208192177395E-06 11.9541953 8.6096466611707E-10 1.82926178233949E-08 0.126012600000001 3.35361126989085E-16 5.12938075578156E-15
3.79211877798262E-05 7.12667895707137E-06 12.0802079 -3.81991958866479E-09 -4.54029647025731E-08 0.126012599999999 2.07602098944696E-15 7.1975471644465E-16
3.7931388242142E-05 7.12507275902212E-06 12.2062205 1.02004623158507E-08 -1.6061980492541E-09 0.126012599999999 1.06629303630518E-16 9.52954504922785E-16
3.79213991116751E-05 7.1386421319797E-06 12.3322331 -9.98913046689864E-09 1.35693729575772E-08 0.126012600000001 2.8391060994655E-16 1.46170668318598E-15
3.79171901770417E-05 7.12742718446602E-06 12.4572456 -4.2089346334393E-09 -1.12149475136762E-08 0.1250125 1.43490178483078E-16 6.92593309218672E-16
3.79119360621452E-05 7.12675530325665E-06 12.5832582 -5.25411489648775E-09 -6.71881209371783E-10 0.126012599999999 2.80571477050014E-17 6.21954287089675E-16
3.79438090881366E-05 7.1286977737115E-06 12.7092708 3.18730259914233E-08 1.94247045484985E-09 0.126012599999999 1.01966297731791E-15 1.79358779461465E-15
3.79043856820381E-05 7.13858432763625E-06 12.8352834 -3.9423406098571E-08 9.88655392474858E-09 0.126012600000001 1.6519488969198E-15 1.39547905309509E-15
3.79519940915805E-05 7.13914327917282E-06 12.961296 4.76084095424483E-08 5.58951536575591E-10 0.126012599999999 2.26687308598172E-15 3.06688068763169E-15
3.79054178145087E-05 7.13651668197123E-06 13.0873086 -4.65762770717788E-08 -2.62659720159419E-09 0.126012600000001 2.17624859872653E-15 1.23503469269288E-15
3.78947974975305E-05 7.12907474481396E-06 13.2123211 -1.06203169782688E-08 -7.44193715726649E-09 0.125012499999999 1.68173561371609E-16 1.00703329414759E-15
3.78914227895392E-05 7.13021481942715E-06 13.3383337 -3.37470799122741E-09 1.1400746131871E-09 0.126012600000001 1.26884241496879E-17 1.19167769610179E-15
3.79313921327597E-05 7.13383527965581E-06 13.4643463 3.99693432204558E-08 3.62046022866025E-09 0.126012599999999 1.6106561297419E-15 1.43720193466966E-15
3.78361329521086E-05 7.1788777698356E-06 13.5903589 -9.52591806510341E-08 4.50424901797888E-08 0.126012600000001 1.11031374199027E-14 1.15518745822082E-14
3.79015794836957E-05 7.12992527173913E-06 13.7163715 6.54465315869999E-08 -4.89524980964662E-08 0.126012599999999 6.6795955666527E-15 8.79360821902867E-16
3.79292920939464E-05 7.12330466424082E-06 13.8423841 2.77126102507594E-08 -6.62060749831017E-09 0.126012599999999 8.11821210557178E-16 7.93112525444024E-16
3.78997281787979E-05 7.11809121111447E-06 13.9673966 -2.9563915148465E-08 -5.21345312635368E-09 0.1250125 9.01205172406326E-16 3.93045079364778E-16
3.78879746835443E-05 7.15901898734177E-06 14.0934092 -1.1753495253636E-08 4.09277762273055E-08 0.126012600000001 1.81322751758964E-15 3.80387306912589E-15
3.79445469798658E-05 7.13414429530201E-06 14.2194218 5.65722963214625E-08 -2.48746920397593E-08 0.126012599999999 3.81917501515623E-15 2.16476883166068E-15
3.78969023185101E-05 7.08903458760927E-06 14.3454344 -4.76446613556973E-08 -4.51097076927391E-08 0.126012599999999 4.30489948382345E-15 3.64508258327242E-16
3.79433886509636E-05 7.05975642398287E-06 14.471447 4.64863324535258E-08 -2.92781636264046E-08 0.126012600000001 3.01818997031425E-15 2.81472355386639E-15
3.79576156703816E-05 7.12149611617697E-06 14.5964595 1.42270194180298E-08 6.17396921940978E-08 0.1250125 4.01419767374294E-15 2.55310839673917E-15
3.79067302219693E-05 7.09881900967558E-06 14.7224721 -5.08854484123589E-08 -2.26771065013835E-08 0.126012599999999 3.10358001940193E-15 2.79165176477524E-17
3.78430608365019E-05 7.18403041825095E-06 14.8484847 -6.36693854673709E-08 8.52114085753666E-08 0.126012600000001 1.13147747971907E-14 1.13820819954871E-14
3.7908153078203E-05 7.16988352745424E-06 14.9744973 6.50922417010946E-08 -1.41468907967077E-08 0.126012599999999 4.43713444888769E-15 4.63962031331079E-15
3.79196585709257E-05 7.13586765223513E-06 15.1005099 1.15054927227405E-08 -3.40158752191142E-08 0.126012599999999 1.28945612971538E-15 1.23221919329033E-15
3.79747536945813E-05 7.15794334975369E-06 15.2265225 5.50951236555477E-08 2.20756975185665E-08 0.126012600000001 3.52280907155134E-15 7.20404377917512E-15
3.79263408010862E-05 7.13000678886626E-06 15.351535 -4.84128934950618E-08 -2.79365608874356E-08 0.1250125 3.1242596907816E-15 1.02702409641021E-15
3.79254941321804E-05 7.15758184064237E-06 15.4775476 -8.46668905857939E-10 2.75750517761129E-08 0.126012599999999 7.61100328691452E-16 3.31614875622918E-15
3.79359019264448E-05 7.09553415061296E-06 15.6035602 1.04077942644736E-08 -6.2047690029412E-08 0.126012599999999 3.9582380194376E-15 6.56227381901568E-16
3.79647020725389E-05 7.13633419689119E-06 15.7295728 2.88001460940279E-08 4.08000462782319E-08 0.126012600000001 2.49409219134321E-15 4.0667384827294E-15
3.79344678450545E-05 7.12457690861226E-06 15.8555854 -3.02342274843284E-08 -1.17572882789316E-08 0.126012599999999 1.05234233924802E-15 1.06477362916231E-15
3.79288091068301E-05 7.13721541155867E-06 15.981598 -5.65873822441176E-09 1.26385029464089E-08 0.126012600000001 1.91753075018805E-16 1.56667474496774E-15
3.78744432071269E-05 7.18958797327394E-06 16.1066105 -5.43658997031713E-08 5.23725617152726E-08 0.125012499999999 5.69853627115532E-15 9.04283152593753E-15
3.79585823373174E-05 7.13255312084993E-06 16.2326231 8.41391301904437E-08 -5.70348524240085E-08 0.126012599999999 1.03323676202329E-14 3.20115448023339E-15
3.78973020017406E-05 7.07767624020888E-06 16.3586357 -6.12803355767539E-08 -5.48768806410562E-08 0.126012600000003 6.76675155729231E-15 7.73053043226839E-16
3.78961352657005E-05 7.11906199677939E-06 16.4846483 -1.1667360401546E-09 4.13857565705111E-08 0.126012599999999 1.714142119901E-15 5.19974081749172E-16
132
4.32643407534247E-05 1.38717893835616E-05 0 0 0 0 0 0
4.32666666666667E-05 1.3869375E-05 0.1260126 2.32591324201081E-09 -2.41438356164458E-09 0.1260126 1.12391203921008E-17 1.12391203921008E-17
4.32651063829787E-05 1.3868085106383E-05 0.2510251 -1.56028368794381E-09 -1.28989361702025E-09 0.1250125 4.09831073009313E-18 1.4307858030438E-17
4.32613732097725E-05 1.38704717775906E-05 0.3770377 -3.73317320618582E-09 2.38667120758507E-09 0.1260126 1.96327816404993E-17 1.05424008222558E-17
4.32639358108108E-05 1.38676097972973E-05 0.5030503 2.56260103827799E-09 -2.86198029326812E-09 0.1260126 1.47578552804385E-17 1.76329198616298E-17
4.32677364864865E-05 1.3870777027027E-05 0.6290629 3.80067567567011E-09 3.16722972972983E-09 0.1260126 2.44764797525149E-17 1.25558687803843E-17
4.32685810810811E-05 1.3870777027027E-05 0.7550755 8.44594594596515E-10 0 0.1260126 7.13340029221652E-19 1.90052443870333E-17
4.32656380316931E-05 1.38684320266889E-05 0.880088 -2.94304938800138E-09 -2.34500033811891E-09 0.1250125 1.41605662859931E-17 1.29547760766404E-17
4.32670975813178E-05 1.38694745621351E-05 1.0061006 1.45954962468409E-09 1.0425354462047E-09 0.1260126 3.21716526350868E-18 1.29584982689539E-17
4.32645954962469E-05 1.38703085904921E-05 1.1321132 -2.50208507089411E-09 8.34028356964112E-10 0.1260126 6.95603300221145E-18 2.25764202035086E-18
4.32666666666667E-05 1.38688034188034E-05 1.2581258 2.07117041979643E-09 -1.50517168865782E-09 0.1260126 6.55528872017677E-18 1.43258579467288E-17
4.32683760683761E-05 1.38724358974359E-05 1.3841384 1.70940170940526E-09 3.63247863247906E-09 0.1260126 1.61169552195346E-17 1.67017469467238E-17
4.32702299829642E-05 1.38711669505963E-05 1.510151 1.85391458815332E-09 -1.26894683964451E-09 0.1260126 5.04722538201148E-18 3.50704473661426E-17
4.3268728956229E-05 1.3868265993266E-05 1.6351635 -1.50102673526931E-09 -2.90095733025986E-09 0.1250125 1.06686346919816E-17 3.16706030271568E-17
4.32685967878276E-05 1.38687658495351E-05 1.7611761 -1.32168401400179E-10 4.99856269087218E-10 0.1260126 2.67324776074472E-19 2.72555868484583E-17
4.32688758389262E-05 1.38697567114094E-05 1.8871887 2.79051098623029E-10 9.9086187431574E-10 0.1260126 1.05967676961522E-18 2.46987565846494E-17
4.32638429752066E-05 1.3870867768595E-05 2.0132013 -5.03286371956335E-09 1.11105718564453E-09 0.1260126 2.65641652894694E-17 1.09715730102364E-18
4.32686440677966E-05 1.38686440677966E-05 2.1392139 4.80109258999306E-09 -2.22370079842982E-09 0.1260126 2.79953352986237E-17 2.84115258456232E-17
4.32681347150259E-05 1.38687392055268E-05 2.2652265 -5.09352770698968E-10 9.51377301596778E-11 0.1260126 2.68491432718651E-19 2.36977306762148E-17
4.32666245791246E-05 1.38720538720539E-05 2.390239 -1.5101359013272E-09 3.31466652710155E-09 0.1250125 1.32675246263648E-17 5.28581399016545E-18
4.32730736663844E-05 1.38717188823031E-05 2.5162516 6.44908725983839E-09 -3.34989750738757E-10 0.1260126 4.17029446181099E-17 7.62687391902807E-17
4.32684075342466E-05 1.3869220890411E-05 2.6422642 -4.66613213784228E-09 -2.4979918921737E-09 0.1260126 2.80127526211701E-17 2.31358633186723E-17
4.3264888337469E-05 1.38707609594706E-05 2.7682768 -3.51919677759582E-09 1.54006905967741E-09 0.1260126 1.47565586680165E-17 1.35750439656575E-18
4.32676495016611E-05 1.38706395348837E-05 2.8942894 2.761164192151E-09 -1.21424586916774E-10 0.1260126 7.63877162632479E-18 1.22699668745187E-17
4.32682560137457E-05 1.38698453608247E-05 3.020302 6.06512084573296E-10 -7.94174058977859E-10 0.1260126 9.98569344686813E-19 1.9108487783189E-17
4.32676348547718E-05 1.38736514522822E-05 3.1453145 -6.21158973920899E-10 3.80609145741495E-09 0.1250125 1.48721706530895E-17 1.43184036050771E-17
4.32628583473862E-05 1.38676222596965E-05 3.2713271 -4.77650738561408E-09 -6.02919258569834E-09 0.1260126 5.91661860402657E-17 1.95624489707319E-17
4.32673205342237E-05 1.38699916527546E-05 3.3973397 4.46218683753585E-09 2.36939305813166E-09 0.1260126 2.55251348370007E-17 1.21109296650289E-17
4.32697811447811E-05 1.38707912457912E-05 3.5233523 2.46061055743496E-09 7.99593036655111E-10 0.1260126 6.69395333962773E-18 3.05941371204337E-17
4.32647562018819E-05 1.38718990590248E-05 3.6493649 -5.02494289919042E-09 1.10781323356157E-09 0.1260126 2.64773013005784E-17 1.84626127890002E-19
4.32635708227311E-05 1.38678965224767E-05 3.7753775 -1.18537915082584E-09 -4.00253654813199E-09 0.1260126 1.74254225503449E-17 1.57471606997055E-17
4.32708512467756E-05 1.38695184866724E-05 3.90039 7.28042404445262E-09 1.62196419572425E-09 0.1250125 5.56353421192552E-17 4.75434963539977E-17
4.32617021276596E-05 1.38674468085106E-05 4.0264026 -9.14911911600313E-09 -2.07167816176046E-09 0.1260126 8.79982310047292E-17 2.58203040017574E-17
4.32638772077376E-05 1.38669049621531E-05 4.1524152 2.17508007801825E-09 -5.41846357569042E-10 0.1260126 5.02457082100273E-18 2.40724471005331E-17
4.32621644295302E-05 1.38672399328859E-05 4.2784278 -1.71277820739135E-09 3.34970732836837E-10 0.1260126 3.04581457957198E-18 2.54338871445357E-17
4.32656794425087E-05 1.38656358885017E-05 4.4044404 3.51501297851087E-09 -1.60404438416428E-09 0.126012599999999 1.49282746254688E-17 3.96575899160117E-17
4.32703000882613E-05 1.38693733451015E-05 4.5294529 4.62064575253862E-09 3.7374565997581E-09 0.1250125 3.53189490055286E-17 4.13509135355662E-17
4.3267306088407E-05 1.3872810675563E-05 4.6554655 -2.99399985424742E-09 3.43733046146788E-09 0.1260126 2.07792758285686E-17 9.83624890951193E-18
4.32600327600328E-05 1.38693693693694E-05 4.7814781 -7.27332837424655E-09 -3.44130619359895E-09 0.1260126 6.47438939577224E-17 2.44152757554436E-17
4.32638190954774E-05 1.38687185929648E-05 4.9074907 3.78633544463014E-09 -6.50776404546249E-10 0.126012599999999 1.47598460279767E-17 9.7018819034716E-18
4.3265306122449E-05 1.38667091836735E-05 5.0335033 1.48702697158853E-09 -2.00940929135385E-09 0.1260126 6.24897491441094E-18 2.67403682569309E-17
4.32647804054054E-05 1.38688766891892E-05 5.1585158 -5.25717043572627E-10 2.16750551571998E-09 0.1250125 4.97445857057928E-18 8.67708237150655E-18
4.32651770657673E-05 1.38703625632378E-05 5.2845284 3.96660361879242E-10 1.48587404858525E-09 0.1260126 2.36516113094528E-18 2.73523457103912E-18
4.32659527972028E-05 1.38701923076923E-05 5.410541 7.75731435517457E-10 -1.70255545466347E-10 0.126012599999999 6.30746210812018E-19 5.14933647507223E-18
4.32620297462817E-05 1.38751093613298E-05 5.5365536 -3.92305092108813E-09 4.91705363752537E-09 0.1260126 3.95677450037519E-17 1.63630063960046E-17
4.32626392459297E-05 1.3870822622108E-05 5.6625662 6.09499648021483E-10 -4.28673922186462E-09 0.1260126 1.87476229772108E-17 3.82975546358588E-18
4.32612107623318E-05 1.38632286995516E-05 5.7885788 -1.42848359789838E-09 -7.59392255639924E-09 0.1260126 5.97082251820538E-17 8.30821549614759E-17
4.32669712793734E-05 1.38696692776327E-05 5.9135913 5.76051704153002E-09 6.44057808115406E-09 0.1250125 7.46646026051999E-17 1.14145159166816E-17
4.32597046413502E-05 1.38677215189873E-05 6.0396039 -7.26663802315386E-09 -1.94775864538244E-09 0.1260126 5.65977919002075E-17 3.80410573616698E-17
4.32589807852966E-05 1.38705096073517E-05 6.1656165 -7.23856053639338E-10 2.78808836437072E-09 0.1260126 8.29740431392972E-18 3.03670854815731E-17
4.32654661016949E-05 1.38724576271186E-05 6.2916291 6.48531639834005E-09 1.94801976693171E-09 0.1260126 4.5854109798935E-17 1.71295818084213E-18
4.32645778938207E-05 1.38703220191471E-05 6.4176417 -8.88207874197633E-10 -2.13560797156021E-09 0.1260126 5.34973463597817E-18 2.20939389256212E-18
4.32665662650602E-05 1.3868330464716E-05 6.5436543 1.988371239527E-09 -1.99155443107735E-09 0.1260126 7.91990923812195E-18 1.69170216208404E-17
4.32647306397306E-05 1.38697390572391E-05 6.6686668 -1.8356253296048E-09 1.4085925230507E-09 0.1250125 5.35365324668105E-18 4.35584936068633E-18
4.32582680591819E-05 1.38694516971279E-05 6.7946794 -6.46258054874238E-09 -2.87360111119739E-10 0.1260126 4.18475231824461E-17 4.23423932283967E-17
4.32702338129496E-05 1.38660071942446E-05 6.920692 1.19657537677469E-08 -3.4445028833332E-09 0.1260126 1.5504386334364E-16 6.81618638631246E-17
4.32623376623377E-05 1.38647186147186E-05 7.0467046 -7.89615061197679E-09 -1.28857952598871E-09 0.1260126 6.40096316818188E-17 5.40081459343298E-17
4.32686125211506E-05 1.38707698815567E-05 7.1727172 6.27485881292955E-09 6.05126683806745E-09 0.126012599999999 7.59916834676945E-17 1.92873838424942E-17
4.32742553191489E-05 1.38657446808511E-05 7.2987298 5.64279799834111E-09 -5.02520070561907E-09 0.1260126 5.70938113818368E-17 1.34837044360369E-16
4.32699637023593E-05 1.38688747731397E-05 7.4237423 -4.29161678958678E-09 3.13009228868211E-09 0.1250125 2.82154524043304E-17 4.01125086336074E-17
4.32725245316681E-05 1.38697591436218E-05 7.5497549 2.56082930880552E-09 8.84370482021168E-10 0.1260126 7.33995789830773E-18 7.10961005522373E-17
4.32631147540984E-05 1.3872131147541E-05 7.6757675 -9.40977756979322E-09 2.37200391921633E-09 0.1260126 9.41703165057612E-17 1.61987696564802E-18
4.32673224978614E-05 1.38693327630453E-05 7.8017801 4.20774376306099E-09 -2.79838449564629E-09 0.126012599999999 2.55360633610522E-17 1.49257842473301E-17
4.326312335958E-05 1.38707349081365E-05 7.9277927 -4.19913828137197E-09 1.402145091145E-09 0.1260126 1.95987731627056E-17 2.59396619515419E-18
4.32639269406393E-05 1.38664383561644E-05 8.0538053 8.03581059223291E-10 -4.29655197209833E-09 0.126012600000001 1.91061013676845E-17 2.88047352275789E-17
4.32667669819433E-05 1.3865864144454E-05 8.1788178 2.84004130397619E-09 -5.74211710386407E-10 0.125012499999999 8.39555369663568E-18 4.09950433072284E-17
4.32621794871795E-05 1.38711538461538E-05 8.3048304 -4.58749476376141E-09 5.28970169984788E-09 0.126012600000001 4.9026052280912E-17 5.07497957921166E-18
4.32575301204819E-05 1.38672547332186E-05 8.430843 -4.64936669755645E-09 -3.89911293525635E-09 0.126012599999999 3.68196923702303E-17 6.69477748142871E-17
4.32613151152861E-05 1.38687019641332E-05 8.5568556 3.78499480414973E-09 1.44723091463028E-09 0.126012600000001 1.64206629877021E-17 1.86866448726109E-17
4.32580017301038E-05 1.386526816609E-05 8.6828682 -3.31338518227398E-09 -3.43379804325394E-09 0.126012599999999 2.27694903679674E-17 8.27094939751878E-17
4.32578456318914E-05 1.38678965224767E-05 8.8088808 -1.56098212372058E-10 2.62835638671E-09 0.126012599999999 6.93262394746498E-18 5.73409711581659E-17
4.32655855096883E-05 1.3867101937658E-05 8.9338933 7.73987779685825E-09 -7.94584818713417E-10 0.1250125 6.05370733444292E-17 2.35215672558166E-17
4.32709593777009E-05 1.3866897147796E-05 9.0599059 5.37386801265427E-09 -2.04789861937726E-10 0.126012600000001 2.89203963049812E-17 6.77401580971418E-17
4.32698838248436E-05 1.38675156389634E-05 9.1859185 -1.07555285733696E-09 6.18491167335478E-10 0.126012599999999 1.5393452729977E-18 4.89905336470096E-17
4.32650042265427E-05 1.3866652578191E-05 9.3119311 -4.87959830092421E-09 -8.63060772319457E-10 0.126012599999999 2.45553534750991E-17 2.68269659938187E-17
4.32686375321337E-05 1.38682519280206E-05 9.4379437 3.63330559098785E-09 1.59934982952592E-09 0.126012600000001 1.57588293947081E-17 3.09758989793857E-17
4.32728975853455E-05 1.38723980016653E-05 9.5629562 4.26005321187262E-09 4.14607364471209E-09 0.1250125 3.53379800353624E-17 7.35897885184626E-17
4.32881278538813E-05 1.38687214611872E-05 9.6889688 1.52302685357313E-08 -3.67654047806276E-09 0.126012599999999 2.4547802955732E-16 5.75238295828997E-16
4.32725284339458E-05 1.38672353455818E-05 9.8149814 -1.55994199355192E-08 -1.48611560541312E-09 0.126012599999999 2.45550441917325E-16 8.77773742375079E-17
4.32773722627737E-05 1.38667883211679E-05 9.940994 4.84382882796552E-09 -4.47024413919195E-10 0.126012600000001 2.36625085412697E-17 1.94830860981176E-16
4.32732997481108E-05 1.38696473551637E-05 10.0670066 -4.07251466289438E-09 2.85903399584519E-09 0.126012599999999 2.47594510688882E-17 8.4851871444391E-17
4.32649253731343E-05 1.38675373134328E-05 10.1930192 -8.37437497650484E-09 -2.11004173089258E-09 0.126012600000001 7.45824323532186E-17 1.84218805852419E-17
4.32621145374449E-05 1.3861013215859E-05 10.3180317 -2.81083568938811E-09 -6.52409757380568E-09 0.125012499999999 5.04646464252751E-17 1.2108182794322E-16
4.32718696397942E-05 1.3864922813036E-05 10.4440443 9.75510234923149E-09 3.90959717699069E-09 0.126012600000001 1.10446971930315E-16 1.03833920748411E-16
4.32741514360313E-05 1.38648825065274E-05 10.5700569 2.28179623716329E-09 -4.03065086054255E-11 0.126012599999999 5.20821868256852E-18 1.43954443574913E-16
4.32747068676717E-05 1.38664154103853E-05 10.6960695 5.5543164035754E-10 1.53290385784466E-09 0.126012600000001 2.6582985445053E-18 1.36335912283068E-16
4.32691256830601E-05 1.38642987249545E-05 10.8220821 -5.58118461157875E-09 -2.11668543079746E-09 0.126012599999999 3.56299788814737E-17 7.90055179856098E-17
4.32675600739372E-05 1.3862292051756E-05 10.9480947 -1.56560912295589E-09 -2.00667319845493E-09 0.126012599999999 6.47786925128007E-18 1.00563335988563E-16
4.32595715587967E-05 1.38682771194166E-05 11.0731072 -7.98851514043974E-09 5.98506766058371E-09 0.1250125 9.96374090508E-17 3.50812168237976E-17
4.32729296527159E-05 1.38655387355298E-05 11.1991198 1.33580939192228E-08 -2.73838388675962E-09 0.126012600000001 1.85937419466043E-16 1.12839791853403E-16
4.32651380231523E-05 1.38655387355298E-05 11.3251324 -7.79162956366974E-09 0 0.126012599999999 6.07094912574524E-17 3.97062398361728E-17
4.32649122807018E-05 1.38657894736842E-05 11.451145 -2.25742450510324E-10 2.50738154379704E-10 0.126012600000001 1.13829276024146E-19 3.6325561965791E-17
4.32721043324492E-05 1.38689213085765E-05 11.5771576 7.19205174740267E-09 3.13183489226887E-09 0.126012599999999 6.15339981297506E-17 6.8499013390265E-17
4.32722816399287E-05 1.387188057041E-05 11.7031702 1.77307479539479E-10 2.95926183350126E-09 0.126012599999999 8.78866854151787E-18 6.3065993511432E-17
4.32842951750236E-05 1.3866367076632E-05 11.8281827 1.20135350949511E-08 -5.51349377800392E-09 0.1250125 1.74723639117709E-16 4.2758035378999E-16
4.32620428189117E-05 1.38637377341659E-05 11.9541953 -2.2252356111963E-08 -2.6293424660544E-09 0.126012600000001 5.02080794337413E-16 7.01095610175029E-17
4.32577565632458E-05 1.38711217183771E-05 12.0802079 -4.2862556658676E-09 7.38398421116493E-09 0.126012599999999 7.28952104639151E-17 4.37973371097306E-17
4.32705827937095E-05 1.3868177613321E-05 12.2062205 1.2826230463709E-08 -2.94410505608944E-09 0.126012599999999 1.73179942489468E-16 5.20079511892091E-17
4.32480752780154E-05 1.38740376390077E-05 12.3322331 -2.25075156941301E-08 5.86002568670096E-09 0.126012600000001 5.40928163770309E-16 2.69620342839819E-16
4.32624143835616E-05 1.38677226027397E-05 12.4572456 1.43391055462416E-08 -6.31503626797425E-09 0.1250125 2.45489630932087E-16 2.02496071026573E-17
4.32565789473684E-05 1.38664473684211E-05 12.5832582 -5.83543619322313E-09 -1.2752343186726E-09 0.126012599999999 3.56785381326989E-17 8.8782759016951E-17
4.32651921358356E-05 1.38748882931189E-05 12.7092708 8.61318846715164E-09 8.440924697803E-09 0.126012599999999 1.45436225324655E-16 1.03280924533904E-17
4.32524379432624E-05 1.38761081560284E-05 12.8352834 -1.27541925731549E-08 1.21986290951348E-09 0.126012600000001 1.64157493711127E-16 1.60328685377676E-16
4.325E-05 1.38632608695652E-05 12.961296 -2.43794326241442E-09 -1.28472864631526E-08 0.126012599999999 1.70996336817056E-16 2.78392759774015E-16
4.3252254283138E-05 1.3867222723174E-05 13.0873086 2.25428313796527E-09 3.96185360881418E-09 0.126012600000001 2.07780764837885E-17 1.6693715108683E-16
4.32544031311155E-05 1.38615459882583E-05 13.2123211 2.14884797749448E-09 -5.67673491571341E-09 0.125012499999999 3.68428669336619E-17 2.03683484500434E-16
4.32637614678899E-05 1.38649082568807E-05 13.3383337 9.35833677444719E-09 3.36226862241595E-09 0.126012600000001 9.88833174732536E-17 4.76854761295136E-17
4.32522671063479E-05 1.38707749381698E-05 13.4643463 -1.1494361542006E-08 5.86668128909373E-09 0.126012599999999 1.66538296606149E-16 1.46802053186989E-16
4.32620192307692E-05 1.38680288461538E-05 13.5903589 9.75212442133255E-09 -2.74609201598075E-09 0.126012600000001 1.02644952089384E-16 1.95311090350831E-17
4.32589367552704E-05 1.38693858845096E-05 13.7163715 -3.08247549883589E-09 1.35703835577772E-09 0.126012599999999 1.13432082999755E-17 3.49800037442788E-17
4.32584894613583E-05 1.3896662763466E-05 13.8423841 -4.47293912081648E-10 2.72768789564175E-08 0.126012599999999 7.44228197446837E-16 6.52922646714071E-16
4.32474908759124E-05 1.38663321167883E-05 13.9673966 -1.0998585445904E-08 -3.03306466777205E-08 0.1250125 1.04091700969957E-15 3.1370013281281E-16
4.325952170062E-05 1.387023914969E-05 14.0934092 1.20308247076082E-08 3.9070329016706E-09 0.126012600000001 1.60005649239932E-16 2.56264949906776E-17
4.32620783956244E-05 1.38666818596171E-05 14.2194218 2.55669500440803E-09 -3.55729007285355E-09 0.126012599999999 1.91910020079874E-17 3.1205063659951E-17
4.32566445182724E-05 1.38673172757475E-05 14.3454344 -5.4338773520044E-09 6.35416130370103E-10 0.126012599999999 2.99307767353609E-17 7.92317838196958E-17
4.325E-05 1.38652871621622E-05 14.471447 -6.64451827242374E-09 -2.03011358534688E-09 0.126012600000001 4.82709842419829E-17 2.47936091914646E-16
4.32601033834587E-05 1.38674812030075E-05 14.5964595 1.01033834586488E-08 2.19404084535668E-09 0.1250125 1.06892172543592E-16 3.65157239157625E-17
4.32524932003626E-05 1.38762466001813E-05 14.7224721 -7.61018309599848E-09 8.76539717380531E-09 0.126012599999999 1.34747074369175E-16 1.60231293551757E-16
4.32572859744991E-05 1.38665755919854E-05 14.8484847 4.79277413644041E-09 -9.67100819589461E-09 0.126012600000001 1.16499083447993E-16 7.6953528288801E-17
4.32607798165138E-05 1.3869495412844E-05 14.9744973 3.49384201467018E-09 2.91982085860809E-09 0.126012599999999 2.07322858698375E-17 1.79425733366079E-17
4.3260736196319E-05 1.38586400817996E-05 15.1005099 -4.36201947451309E-11 -1.08553310444464E-08 0.126012599999999 1.1784011480591E-16 1.85896968757366E-16
4.32650130548303E-05 1.38635770234987E-05 15.2265225 4.27685851126824E-09 4.93694169910341E-09 0.126012600000001 4.26649120657537E-17 6.78948469835545E-17
4.32660403299725E-05 1.38696150320807E-05 15.351535 1.02727514222067E-09 6.03800858196557E-09 0.1250125 3.75128418537144E-17 7.6163648048622E-18
4.33216685330347E-05 1.38474244120941E-05 15.4775476 5.56282030622128E-08 -2.21906199865938E-08 0.126012599999999 3.5869205913202E-15 3.88012614963584E-15
4.32771790065604E-05 1.38694939081537E-05 15.6035602 -4.44895264742655E-08 2.20694960596361E-08 0.126012599999999 2.46638062223067E-15 1.70089950927273E-16
4.32617403314917E-05 1.38736187845304E-05 15.7295728 -1.54386750687365E-08 4.12487637668413E-09 0.126012600000001 2.55367293000954E-16 1.01089021337451E-17
4.32715677179963E-05 1.38629406307978E-05 15.8555854 9.82738650457549E-09 -1.06781537326128E-08 0.126012599999999 2.10600492647626E-16 1.30529442395801E-16
4.32791479820628E-05 1.38831278026906E-05 15.981598 7.58026406649037E-09 2.01871718928093E-08 0.126012600000001 4.64982312347554E-16 3.47813768285221E-16
4.32532630522088E-05 1.38943273092369E-05 16.1066105 -2.58849298539445E-08 1.11995065463653E-08 0.125012499999999 7.95458540425707E-16 6.30673557972434E-16
4.32764976958525E-05 1.38705069124424E-05 16.2326231 2.3234643643697E-08 -2.38203967945516E-08 0.126012599999999 1.10725996869947E-15 1.49435981366468E-16
4.32729296527159E-05 1.38637577916296E-05 16.3586357 -3.56804313659609E-09 -6.74912081283274E-09 0.126012600000003 5.82815635708226E-17 1.38275659999267E-16
4.32559095580678E-05 1.38630524152107E-05 16.4846483 -1.70200946481032E-08 -7.05376418874693E-10 0.126012599999999 2.90181177722695E-16 1.47419671110471E-16
