x y time dx dy dt dr^2 TotalDisplacementSquared
10
2.96025219298246E-06 2.93094846491228E-05 0 0 0 0 0 0
2.76583949313622E-06 2.93435850052798E-05 0.1630163 -1.94412699846237E-07 3.41003561570226E-08 0.1630163 3.89591321515387E-14 3.89591321515387E-14
2.72634508348794E-06 2.91307977736549E-05 0.3270327 -3.94944096482788E-08 -2.12787231624915E-07 0.1640164 4.68382143360614E-14 8.66415353365575E-14
2.68351351351351E-06 2.91040540540541E-05 0.4910491 -4.28315699744273E-08 -2.67437196008622E-08 0.1640164 2.5497699245638E-15 1.18786026104517E-13
2.56908990011099E-06 2.91112652608213E-05 0.6550655 -1.14423613402526E-07 7.21120676725562E-09 0.1640164 1.31447648071307E-14 1.92298865263085E-13
2.49284304047384E-06 2.91290720631787E-05 0.8180818 -7.62468596371479E-08 1.78068023573665E-08 0.1630163 6.13066581472125E-15 2.51020017015872E-13
2.62401832460733E-06 2.91289267015707E-05 0.9820982 1.3117528413349E-07 -1.45361607994943E-10 0.1640164 1.72069762974989E-14 1.45654386666739E-13
2.75499092558984E-06 2.91245462794918E-05 1.1461146 1.30972600982507E-07 -4.38042207884592E-09 0.1640164 1.71730103057118E-14 7.63343884533872E-14
2.9548969072165E-06 2.88424613402062E-05 1.310131 1.99905981626658E-07 -2.82084939285649E-07 0.1640164 1.19534314461906E-13 2.18139450157067E-13
3.05206985769728E-06 2.87781371280724E-05 1.4741474 9.71729504807883E-08 -6.43242121337408E-08 0.1640164 1.35801865717682E-14 2.90760671680051E-13
10
2.73665008291874E-05 3.61198175787728E-05 0 0 0 0 0 0
2.74457123098202E-05 3.60971645919779E-05 0.1630163 7.92114806327966E-08 -2.2652986794931E-08 0.1630163 6.78761647477123E-15 6.78761647477123E-15
2.75611801242236E-05 3.64835403726708E-05 0.3270327 1.15467814403409E-07 3.86375780692937E-07 0.1640164 1.62619060069177E-13 1.70194298716766E-13
2.76192038495188E-05 3.64208223972003E-05 0.4910491 5.80237252952074E-08 -6.27179754704628E-08 0.1640164 7.30029714424726E-15 1.54462717201217E-13
2.76355755894591E-05 3.6619625520111E-05 0.6550655 1.63717399402721E-08 1.98803122910611E-07 0.1640164 3.97907155476835E-14 3.22209204839949E-13
2.74971131639723E-05 3.63943418013857E-05 0.8180818 -1.38462425486797E-07 -2.25283718725279E-07 0.1630163 6.99245971943775E-14 9.24231307991634E-14
2.7757614213198E-05 3.61260575296108E-05 0.9820982 2.60501049225681E-07 -2.68284271774853E-07 0.1640164 1.39837247129444E-13 1.5300861613866E-13
2.78689123376623E-05 3.6119724025974E-05 1.1461146 1.11298124464369E-07 -6.33350363680307E-09 0.1640164 1.24273857776036E-14 2.5241733260019E-13
2.78108455882353E-05 3.63957720588235E-05 1.310131 -5.80667494270415E-08 2.76048032849509E-07 0.1640164 7.95742638291065E-14 2.73593139953402E-13
2.78773722627737E-05 3.66197080291971E-05 1.4741474 6.65266745384265E-08 2.23935970373546E-07 0.1640164 5.45731172522834E-14 5.1088008407993E-13
11
2.32826440177253E-05 2.41068685376662E-05 0 0 0 0 0 0
2.3168982695333E-05 2.38506816990037E-05 0.1630163 -1.13661322392275E-07 -2.56186838662504E-07 0.1630163 7.85505925118487E-14 7.85505925118487E-14
2.31910366143604E-05 2.38575844032335E-05 0.3270327 2.20539190274565E-08 6.90270422980532E-09 0.1640164 5.34022670153778E-16 7.05344960311045E-14
2.32673396674584E-05 2.3950593824228E-05 0.4910491 7.63030530979947E-08 9.30094209945551E-08 0.1640164 1.44729083058178E-14 2.46560091972636E-14
2.33818681318681E-05 2.41555631868132E-05 0.6550655 1.14528464409698E-07 2.04969362585157E-07 0.1640164 5.5129208758609E-14 1.22165936829888E-14
2.31076881134133E-05 2.37639040348964E-05 0.8180818 -2.74180018454828E-07 -3.91659151916784E-07 0.1630163 2.28571573800064E-13 1.4823421861373E-13
2.32352490421456E-05 2.39392720306513E-05 0.9820982 1.2756092873229E-07 1.75367995754939E-07 0.1640164 4.70257244741489E-14 3.03348728737694E-14
2.31448675496689E-05 2.39337748344371E-05 1.1461146 -9.03814924767197E-08 -5.49719621425737E-09 0.1640164 8.19903334853738E-15 4.89437852476516E-14
2.31237980769231E-05 2.41225961538462E-05 1.310131 -2.1069472745797E-08 1.88821319409069E-07 0.1640164 3.60974133451675E-14 2.54793908200346E-14
2.3123572593801E-05 2.41227569331158E-05 1.6371637 -2.25483122097359E-10 1.60779269670286E-10 0.3270327 7.66926119064828E-20 2.55561590192618E-14
2.31237745098039E-05 2.41225490196078E-05 1.8011801 2.01916002943392E-10 -2.07913507981772E-10 0.1640164 8.39980990459221E-20 2.54853980610899E-14
12
4.9628703380969E-05 1.11667828511677E-05 0 0 0 0 0 0
4.95847759674134E-05 1.11958587915818E-05 0.1630163 -4.39274135555365E-08 2.90759404141507E-08 0.1630163 2.77502797264638E-15 2.77502797264638E-15
4.9590246863618E-05 1.11639012545528E-05 0.3270327 5.47089620452823E-09 -3.1957537028994E-08 0.1640164 1.05121487824024E-15 1.48720732581908E-15
4.94948559670782E-05 1.08895747599451E-05 0.4910491 -9.53908965397829E-08 -2.74326494607681E-07 0.1640164 8.43544487864018E-14 9.47594560444883E-14
4.96045409181637E-05 1.09258982035928E-05 0.6550655 1.09684951085484E-07 3.63234436476834E-08 0.1640164 1.33501810530514E-14 5.86092380460733E-14
4.95829452852154E-05 1.0878055878929E-05 0.8180818 -2.15956329483049E-08 -4.78423246638258E-08 0.1630163 2.75525939167682E-15 8.54570678251047E-14
4.95393401015228E-05 1.08289340101523E-05 0.9820982 -4.36051836925273E-08 -4.91218687767034E-08 0.1640164 4.31437003697472E-15 1.22127635088798E-13
4.95382653061224E-05 1.08270408163265E-05 1.1461146 -1.07479540039179E-09 -1.89319382575448E-09 0.1640164 4.73936801457824E-18 1.23603695619935E-13
4.95828331332533E-05 1.08784513805522E-05 1.310131 4.45678271308552E-08 5.14105642256908E-08 0.1640164 4.62933732916967E-15 8.52391165727564E-14
4.9623869801085E-05 1.1005424954792E-05 1.4741474 4.10366678316905E-08 1.26973574239823E-07 0.1640164 1.78062966619644E-14 2.60597342172572E-14
4.95462697274032E-05 1.105631276901E-05 1.6371637 -7.76000736818361E-08 5.08878142179991E-08 0.1630163 8.61134107131199E-15 1.89989462921194E-14
4.96238615664845E-05 1.10054644808743E-05 1.9651965 7.75918390813572E-08 -5.08482881357271E-08 0.3280328 8.60604189836116E-15 2.60470597616007E-14
13
4.35875149342891E-05 1.94269713261649E-05 0 0 0 0 0 0
4.36569425599276E-05 1.94076209859792E-05 0.1630163 6.94276256385109E-08 -1.93503401856781E-08 0.1630163 5.19463086710268E-15 5.19463086710268E-15
4.3788490284006E-05 1.93822869955157E-05 0.3270327 1.31547724078345E-07 -2.53339904635013E-08 0.1640164 1.79466147829972E-14 4.23877805993778E-14
4.3789E-05 1.9396E-05 0.4910491 5.0971599402061E-10 1.37130044843055E-08 0.1640164 1.88306302381142E-16 4.15554547489273E-14
4.39230654761905E-05 1.98108630952381E-05 0.6550655 1.34065476190472E-07 4.14863095238093E-07 0.1640164 1.90084939696709E-13 2.59967056532455E-13
4.3815195753152E-05 1.9842899800929E-05 0.8180818 -1.07869723038519E-07 3.20367056909028E-08 0.1630163 1.26622276599323E-14 2.24835051397658E-13
4.38247803975959E-05 1.98678918169209E-05 0.9820982 9.58464444397578E-09 2.49920159919448E-08 0.1640164 7.16466272459059E-16 2.50705779246764E-13
4.3796947368421E-05 1.98614736842105E-05 1.1461146 -2.78330291748787E-08 -6.41813271041514E-09 0.1640164 8.15869940538151E-16 2.32654243613656E-13
4.36590804066543E-05 1.99078096118299E-05 1.310131 -1.37866961766704E-07 4.63359276194168E-08 0.1640164 2.11543173351337E-14 2.3632707379618E-13
4.37452251023192E-05 1.97319236016371E-05 1.4741474 8.61446956648919E-08 -1.75886010192837E-07 0.1640164 3.83567971727516E-14 1.17868387415779E-13
4.37690763052209E-05 1.98149741824441E-05 1.6371637 2.38512029016462E-08 8.30505808069546E-08 0.1630163 7.46627885222799E-15 1.83510747895427E-13
4.37741379310345E-05 1.97518808777429E-05 1.8011801 5.06162581359604E-09 -6.30933047011126E-08 0.1640164 4.0063851539843E-15 1.40394359620882E-13
4.35E-05 1.98866279069767E-05 1.9651965 -2.74137931034481E-07 1.34747029233797E-07 0.1640164 9.33083671191996E-14 2.18943036007289E-13
14
7.12463942307692E-05 3.85625E-05 0 0 0 0 0 0
7.12467105263158E-05 3.85625E-05 0.1630163 3.16295546568313E-10 0 0.1630163 1.00042872778948E-19 1.00042872778948E-19
7.14088863892014E-05 3.85846456692913E-05 0.3270327 1.62175862885562E-07 2.21456692913407E-08 0.1640164 2.67914411710379E-14 2.68941322202938E-14
7.14140360766629E-05 3.85794813979707E-05 0.4910491 5.14968746155375E-09 -5.16427132065189E-09 0.1640164 5.31889792249916E-17 2.83921563716805E-14
7.11571627260084E-05 3.85514603616134E-05 0.6550655 -2.56873350654558E-07 -2.80210363573374E-08 0.1640164 6.67690967550389E-14 8.08413505759797E-15
7.12461273666093E-05 3.85623924268503E-05 0.8180818 8.8964640600949E-08 1.09320652369078E-08 0.1630163 8.03421732760003E-15 8.27884623980278E-20
7.16402259332024E-05 3.86036345776031E-05 0.9820982 3.94098566593058E-07 4.12421507528862E-08 0.1640164 1.57014595189427E-13 1.56795463315969E-13
7.15693972835314E-05 3.8589558573854E-05 1.1461146 -7.08286496709434E-08 -1.40760037491532E-08 0.1640164 5.2148314957554E-15 1.05063138512706E-13
7.17054421768707E-05 3.85452380952381E-05 1.310131 1.36044893339331E-07 -4.43204786158944E-08 0.1640164 2.0472517828452E-14 2.11022990176034E-13
7.16320483314154E-05 3.8578250863061E-05 1.4741474 -7.33938454553282E-08 3.30127678228891E-08 0.1640164 6.47649939004859E-15 1.48977175032389E-13
7.12455197132616E-05 3.85627240143369E-05 1.6371637 -3.86528618153775E-07 -1.55268487240718E-08 0.1630163 1.49645455683167E-13 8.14963294212733E-19
7.12459386281588E-05 3.85618231046931E-05 1.8011801 4.18914897196032E-10 -9.00909643775094E-10 0.1640164 9.87127877339729E-19 6.65760995040699E-19
7.11393210749646E-05 3.85491513437058E-05 1.9651965 -1.06617553194198E-07 -1.26717609873381E-08 0.1640164 1.15278761756379E-14 1.16428473188136E-14
7.12454545454546E-05 3.85627272727273E-05 2.1292129 1.06133470489908E-07 1.35759290214708E-08 0.1640164 1.14486194070282E-14 9.34661383181141E-19
12
8.75647522522523E-06 4.11255630630631E-05 0 0 0 0 0 0
8.88195488721805E-06 4.11281954887218E-05 0.1640164 1.2547966199282E-07 2.63242565874577E-09 0.1640164 1.57520752386812E-14 1.57520752386812E-14
8.86509785647717E-06 4.09002795899348E-05 0.3280328 -1.68570307408782E-08 -2.27915898787046E-07 0.1640164 5.22298164053059E-14 6.25515192848449E-14
8.66163793103448E-06 4.02433189655172E-05 0.8190819 -2.03459925442685E-07 -6.56960624417522E-07 0.4910491 4.72993203296203E-13 7.87348760023864E-13
8.59360356138707E-06 3.96581537019681E-05 0.9830983 -6.80343696474157E-08 -5.85165263549108E-07 0.1640164 3.47047061117818E-13 2.17981741191044E-12
8.83205268935236E-06 3.92969264544457E-05 1.1471147 2.38449127965293E-07 -3.61227247522471E-07 0.1640164 1.87343110980069E-13 3.34962379945964E-12
8.82860262008734E-06 3.92961244541485E-05 1.3111311 -3.450069265023E-09 -8.02000297191796E-10 0.1640164 1.25461824101521E-17 3.35204798487696E-12
8.83072354211663E-06 3.9295626349892E-05 1.4741474 2.12092202929526E-09 -4.98104256458021E-10 0.1630163 4.74641810465151E-18 3.35418118677248E-12
8.82647385984427E-06 3.92964404894327E-05 1.6381638 -4.24968227235922E-09 8.14139540693759E-10 0.1640164 1.87226226077253E-17 3.35058919821267E-12
8.8705501618123E-06 3.91294498381877E-05 1.8021802 4.40763019680261E-08 -1.66990651245001E-07 0.1640164 2.98285979984063E-14 3.99748109767965E-12
8.82950765136394E-06 3.90048236859614E-05 1.9661966 -4.104251044836E-08 -1.24626152226291E-07 0.1640164 1.72161654826345E-14 4.5028692408572E-12
8.8756157635468E-06 3.88544745484401E-05 2.130213 4.61081121828588E-08 -1.50349137521346E-07 0.1640164 2.47308211624796E-14 5.17203750912404E-12
12
7.73771317829457E-05 1.81348837209302E-05 0 0 0 0 0 0
7.73894628099174E-05 1.83317837465565E-05 0.1640164 1.23310269716228E-08 1.96900025626242E-07 0.1640164 3.89216743177896E-14 3.89216743177896E-14
7.75446317103621E-05 1.83948189762796E-05 0.3270327 1.55168900444693E-07 6.30352297231767E-08 0.1630163 2.80508278514686E-14 9.56225626580384E-14
7.76904596100278E-05 1.84733635097493E-05 0.4910491 1.45827899665804E-07 7.85445334696533E-08 0.1640164 2.74350200589052E-14 2.12742894663006E-13
7.77969160104987E-05 1.86492782152231E-05 0.6550655 1.06456400470833E-07 1.75914705473794E-07 0.1640164 4.2278948803138E-14 4.40820493461042E-13
7.81441523118767E-05 1.89276971894832E-05 0.8190819 3.47236301378004E-07 2.78418974260131E-07 0.1640164 1.98090174222739E-13 1.21687368772056E-12
7.81955727051178E-05 1.88194557270512E-05 0.9830983 5.14203932411021E-08 -1.08241462432051E-07 0.1640164 1.43602710304988E-14 1.1384843746503E-12
7.80465796579658E-05 1.89295679567957E-05 1.1461146 -1.48993047152004E-07 1.10112229744502E-07 0.1630163 3.43236312389452E-14 1.07968349210191E-12
7.80758716323296E-05 1.88969889064976E-05 1.310131 2.92919743638436E-08 -3.25790502980574E-08 0.1640164 1.91941428045542E-15 1.06904169098574E-12
7.79383346425766E-05 1.88183424980361E-05 1.4741474 -1.37536989753045E-07 -7.86464084614877E-08 0.1640164 2.51016811142203E-14 7.82064549660941E-13
7.76043658381134E-05 1.87173358827279E-05 1.6381638 -3.3396880446314E-07 -1.01006615308282E-07 0.1640164 1.21737498690574E-13 3.90885836610683E-13
7.75824524312896E-05 1.88979915433404E-05 1.8021802 -2.19134068238134E-08 1.8065566061253E-07 0.1640164 3.31166651099755E-14 6.24490117259918E-13
14
2.22442835365854E-05 8.61775914634146E-06 0 0 0 0 0 0
2.2E-05 8.39884615384615E-06 0.1630163 -2.44283536585368E-07 -2.18912992495309E-07 0.1630163 1.07597344529906E-13 1.07597344529906E-13
2.18277491408935E-05 8.29703608247423E-06 0.3270327 -1.7225085910653E-07 -1.01810071371927E-07 0.1640164 4.00356490956946E-14 2.76364186490801E-13
2.18988448844884E-05 8.36171617161716E-06 0.4910491 7.10957435949773E-08 6.4680089142934E-08 0.1640164 9.23811868886064E-15 1.84885867268207E-13
2.18707322089675E-05 8.36867544220485E-06 0.6550655 -2.81126755209442E-08 6.95927058769286E-09 0.1640164 8.38753972058623E-16 2.01583286031483E-13
2.19313313733725E-05 8.43332633347333E-06 0.8180818 6.05991644050299E-08 6.46508912684762E-08 0.1630163 7.85199646839618E-15 1.31954518922044E-13
2.18311677354033E-05 8.65988862639217E-06 0.9820982 -1.00163637969224E-07 2.26562292918841E-07 0.1640164 6.13632269438724E-14 1.72439558275637E-13
2.18155462184874E-05 8.65602240896359E-06 1.1461146 -1.5621516915914E-08 -3.86621742858573E-09 0.1640164 2.58979427959286E-16 1.85279765196332E-13
2.18460507505361E-05 8.88688348820586E-06 1.310131 3.05045320487025E-08 2.30861079242276E-07 0.1640164 5.42273643844187E-14 2.31017263268509E-13
2.18168444597385E-05 8.86897797660014E-06 1.4741474 -2.92062907976245E-08 -1.79055116057238E-08 0.1640164 1.17361476801812E-15 2.45815065092262E-13
2.17315559440559E-05 9.07089160839161E-06 1.6371637 -8.5288515682528E-08 2.01913631791472E-07 0.1630163 4.80432456105509E-14 4.68218612304645E-13
2.17148910411622E-05 9.05508474576271E-06 1.8011801 -1.66649028937158E-08 -1.58068626288976E-08 0.1640164 5.27575894625818E-16 4.71510094119492E-13
2.15592334494773E-05 8.67116724738676E-06 2.1292129 -1.55657591684879E-07 -3.83917498375952E-07 0.3280328 1.71621931408386E-13 4.72146047103966E-13
2.15E-05 8.87E-06 2.4562456 -5.92334494773503E-08 1.98832752613241E-07 0.3270327 4.30430650487439E-14 6.17583431086409E-13
15
6.41473112128146E-05 2.65755148741419E-05 0 0 0 0 0 0
6.4312146003776E-05 2.68325991189427E-05 0.1630163 1.64834790961322E-07 2.57084244800854E-07 0.1630163 9.32628172360883E-14 9.32628172360883E-14
6.44073325635104E-05 2.68494515011547E-05 0.3270327 9.51865597344295E-08 1.68523822120044E-08 0.1640164 9.34448394029559E-15 1.42652378436825E-13
6.44553058024046E-05 2.68422634605332E-05 0.4910491 4.79732388942011E-08 -7.18804062154277E-09 0.1640164 2.35309957797704E-15 1.66015475558449E-13
6.44676136363636E-05 2.68403409090909E-05 0.6550655 1.23078339590421E-08 -1.92255144228426E-09 0.1640164 1.5517898081158E-16 1.72726471318185E-13
6.46099744245524E-05 2.65489130434783E-05 0.8180818 1.42360788188796E-07 -2.91427865612647E-07 0.1630163 1.05196794869278E-13 2.14764904890184E-13
6.44534346103038E-05 2.68015191545575E-05 0.9820982 -1.56539814248603E-07 2.52606111079203E-07 0.1640164 8.83145607995457E-14 1.44789469256491E-13
6.44190607734807E-05 2.68732044198895E-05 1.310131 -3.43738368231641E-08 7.16852653320394E-08 0.3280328 6.32033792367041E-15 1.62466889369605E-13
6.44190848214286E-05 2.68733258928571E-05 1.4741474 2.40479479032274E-11 1.21472967638425E-10 0.1640164 1.53339856652422E-20 1.6255229720726E-13
6.43912103746398E-05 2.68479827089337E-05 1.6371637 -2.78744467888004E-08 -2.53431839234253E-08 0.1630163 1.41926175515822E-15 1.33725522135153E-13
6.55080882352941E-05 2.68642156862745E-05 1.8011801 1.11687786065436E-06 1.62329773407919E-08 0.1640164 1.2476796651732E-12 1.93506226383417E-12
6.54161008729389E-05 2.69604752667313E-05 1.9651965 -9.19873623552263E-08 9.62595804568202E-08 0.1640164 1.77275816627948E-14 1.75802170550085E-12
6.54561752988048E-05 2.67911686586985E-05 2.1292129 4.00744258658818E-08 -1.69306608032791E-07 0.1640164 3.02706871320492E-14 1.75963175038841E-12
6.54143216080402E-05 2.68798994974874E-05 2.2932293 -4.1853690764583E-08 8.87308387888979E-08 0.1640164 9.62489318279872E-15 1.69796534053883E-12
6.54307184750733E-05 2.66682551319648E-05 2.4562456 1.63968670331229E-08 -2.11644365522627E-07 0.1630163 4.50621947059773E-14 1.65573495623938E-12
15
2.08802698145025E-05 3.16205733558179E-05 0 0 0 0 0 0
2.10435967302452E-05 3.13996366939146E-05 0.3270327 1.63326915742701E-07 -2.20936661903252E-07 0.3270327 7.54886899789753E-14 7.54886899789753E-14
2.10607287449393E-05 3.1639338731444E-05 0.4910491 1.71320146940417E-08 2.39702037529373E-07 0.1640164 5.77505727232097E-14 3.29175648967625E-14
2.09455696202532E-05 3.18541139240506E-05 0.6550655 -1.15159124686109E-07 2.14775192606638E-07 0.1640164 5.93900073576891E-14 5.88052616415501E-14
2.05074421168688E-05 3.17941014332966E-05 0.8180818 -4.38127503384365E-07 -6.00124907540511E-08 0.1630163 1.95557208268322E-13 1.69112485796325E-13
2.04584473324213E-05 3.18560191518468E-05 0.9820982 -4.89947844474585E-08 6.19177185502018E-08 0.1640164 6.23429277351493E-15 2.33368929256822E-13
2.05865180467091E-05 3.19731068648266E-05 1.1461146 1.28070714287791E-07 1.17087712979828E-07 0.1640164 3.01116403890315E-14 2.1056997605576E-13
2.05422180214241E-05 3.19292690611216E-05 1.310131 -4.43000252850609E-08 -4.38378037049993E-08 0.1640164 3.88424527393509E-15 2.09572053276534E-13
2.06195420660277E-05 3.21238019169329E-05 1.4741474 7.73240446036176E-08 1.94532855811293E-07 0.1640164 4.38220398639594E-14 3.21217943546664E-13
2.02419678714859E-05 3.2128765060241E-05 1.6371637 -3.77574194541744E-07 4.96314330806058E-09 0.1630163 1.42586905175343E-13 6.65688178903195E-13
2.0421088904204E-05 3.21114748449345E-05 1.8011801 1.79121032718054E-07 -1.72902153064385E-08 0.1640164 3.23832959073253E-14 4.51831380399535E-13
2.05108173076923E-05 3.21370192307692E-05 1.9651965 8.97284034883086E-08 2.55443858347064E-08 0.1640164 8.70370204023306E-15 4.03211496542632E-13
2.01814516129032E-05 3.21866935483871E-05 2.1292129 -3.29365694789082E-07 4.9674317617864E-08 0.1640164 1.10949298734695E-13 8.08838951321101E-13
2.01730456026059E-05 3.2185667752443E-05 2.2932293 -8.40601029736021E-09 -1.02579594410201E-09 0.1640164 7.17132664382621E-17 8.19497762989969E-13
2.06947916666667E-05 3.2103125E-05 2.4562456 5.21746064060803E-07 -8.25427524429969E-08 0.1630163 2.79032261343806E-13 2.67258232627493E-13
16
7.34151041666667E-05 2.560546875E-05 0 0 0 0 0 0
7.3703621031746E-05 2.56550099206349E-05 0.1630163 2.88516865079373E-07 4.95411706349209E-08 0.1630163 8.56963090231075E-14 8.56963090231075E-14
7.37550160513644E-05 2.56239967897271E-05 0.3270327 5.13950196183259E-08 -3.10131309077946E-08 0.1640164 3.60326233027211E-15 1.15883377614872E-13
7.36538725154215E-05 2.58098012337217E-05 0.4910491 -1.01143535942839E-07 1.85804443994602E-07 0.1640164 4.47533062711636E-14 9.87620882710129E-14
7.35227272727273E-05 2.58846548188653E-05 0.6550655 -1.31145242694259E-07 7.48535851436181E-08 0.1640164 2.28021338901891E-14 8.95275940066172E-14
7.35885575167377E-05 2.58419050517346E-05 0.8180818 6.58302440104137E-08 -4.27497671307151E-08 0.1630163 6.16116361620098E-15 8.59881894288075E-14
7.34773299748111E-05 2.58597292191436E-05 0.9820982 -1.11227541926596E-07 1.78241674089463E-08 0.1640164 1.26892670268547E-14 6.85204373683382E-14
7.34000799360512E-05 2.58868904876099E-05 1.1461146 -7.7250038759928E-08 2.71612684663332E-08 0.1640164 6.7053029931106E-15 7.94239219049695E-14
7.359697256386E-05 2.5887417218543E-05 1.310131 1.96892627808822E-07 5.26730933135155E-10 0.1640164 3.87669843309392E-14 1.12571052811434E-13
7.37010574018127E-05 2.59714501510574E-05 1.4741474 1.04084837952712E-07 8.40329325143543E-08 0.1640164 1.78951872386043E-14 2.15711638610415E-13
7.36240105540897E-05 2.61266490765172E-05 1.6371637 -7.70468477229826E-08 1.5519892545975E-07 0.1630163 3.00229232079095E-14 3.1527081145467E-13
7.35480880648899E-05 2.61509269988413E-05 1.8011801 -7.59224891997832E-08 2.42779223240994E-08 0.1640164 6.3536418786662E-15 3.15209418415617E-13
7.32457475380483E-05 2.61217547000895E-05 1.9651965 -3.02340526841576E-07 -2.91722987517247E-08 0.1640164 9.22608171853015E-14 2.95232849916806E-13
7.2930815876516E-05 2.61414002205072E-05 2.1292129 -3.14931661532356E-07 1.96455204176402E-08 0.1640164 9.95678979080101E-14 5.21757689057035E-13
7.3195727482679E-05 2.61561778290993E-05 2.2932293 2.64911606162997E-07 1.47776085921407E-08 0.1640164 7.03965367955612E-14 3.51406619279834E-13
7.32327798277983E-05 2.61429889298893E-05 2.4562456 3.70523451192923E-08 -1.31888992100073E-08 0.1630163 1.54682334121088E-15 3.22170108332017E-13
17
1.29335778321108E-05 3.94066829665852E-05 0 0 0 0 0 0
1.29376606683805E-05 3.92937017994859E-05 0.1630163 4.0828362696228E-09 -1.12981167099306E-07 0.1630163 1.27814136711259E-14 1.27814136711259E-14
1.2857027463651E-05 3.91215670436187E-05 0.3270327 -8.06332047294127E-08 -1.7213475586712E-07 0.1640164 3.61320878823683E-14 8.71510484403267E-14
1.27734375E-05 3.9150625E-05 0.4910491 -8.35899636510504E-08 2.90579563812585E-08 0.1640164 7.83164685223905E-15 9.12106082203011E-14
1.25946585530764E-05 3.90089587559162E-05 0.6550655 -1.78778946923597E-07 -1.41666244083837E-07 0.1640164 5.20312365759314E-14 2.73050825453505E-13
1.25498786407767E-05 3.88907766990291E-05 0.8180818 -4.47799122997044E-08 -1.18182056887036E-07 0.1630163 1.59722391156199E-14 4.13384346334079E-13
1.24997596153846E-05 3.88748798076923E-05 0.9820982 -5.01190253920836E-08 -1.58968913368156E-08 0.1640164 2.76462786042684E-15 4.71012844971942E-13
1.24424594476107E-05 3.89206488382288E-05 1.1461146 -5.73001677739189E-08 4.57690305365404E-08 0.1640164 5.37811338317402E-15 4.77426441521115E-13
1.23793747542273E-05 3.90190719622493E-05 1.310131 -6.30846933834057E-08 9.84231240204636E-08 0.1640164 1.36667898812259E-14 4.57383342217848E-13
1.24653377348908E-05 3.89061706449975E-05 1.4741474 8.59629806635169E-08 -1.12901317251854E-07 0.1640164 2.013634148176E-14 4.69761372705741E-13
1.24011786038078E-05 3.91393925657298E-05 1.6371637 -6.41591310830112E-08 2.33221920732369E-07 0.1630163 5.85088584114224E-14 3.54893096687084E-13
1.26303656597774E-05 3.88863275039746E-05 1.8011801 2.29187055969629E-07 -2.53065061755265E-07 0.1640164 1.16568632105222E-13 3.62707428919843E-13
1.26353658536585E-05 3.87466898954704E-05 1.9651965 5.00019388111106E-09 -1.39637608504181E-07 0.1640164 1.95236636476156E-14 5.24521238011961E-13
1.26209465381245E-05 3.83954864154251E-05 2.1292129 -1.44193155340844E-08 -3.51203480045314E-07 0.1640164 1.23551801056411E-13 1.12025679105768E-12
1.26034786437693E-05 3.83762659621312E-05 2.2932293 -1.74678943551871E-08 -1.92204532938476E-08 0.1640164 6.74553158024955E-16 1.17072467721161E-12
1.25665995397008E-05 3.85061852704258E-05 2.620262 -3.68791040684595E-08 1.29919308294554E-07 0.3270327 1.82390949846275E-14 9.45569167888557E-13
1.25207620908647E-05 3.84180508060576E-05 2.7842784 -4.58374488361244E-08 -8.81344643681317E-08 0.1640164 9.86875552526179E-15 1.14781038504993E-12
13
3.90638051044083E-05 2.36102088167053E-05 0 0 0 0 0 0
3.91931573275862E-05 2.36489762931034E-05 0.1640164 1.29352223177854E-07 3.87674763981103E-08 0.1640164 1.82349148673314E-14 1.82349148673314E-14
3.92272727272727E-05 2.36213786213786E-05 0.3280328 3.41153996865202E-08 -2.7597671724827E-08 0.1640164 1.92549198040234E-15 2.68464282613685E-14
3.88057228915663E-05 2.36518072289157E-05 0.6550655 -4.21549835706465E-07 3.04286075370399E-08 0.3270327 1.78630164140791E-13 6.83368564838901E-14
3.85858490566038E-05 2.35610062893082E-05 0.9830983 -2.19873834962492E-07 -9.08009396074867E-08 0.3280328 5.65893139347155E-14 2.30862872335245E-13
3.87361778846154E-05 2.36024639423077E-05 1.1471147 1.50328828011617E-07 4.14576529995188E-08 0.1640164 2.43174935235747E-14 1.07399578228704E-13
3.83902173913043E-05 2.36286231884058E-05 1.3111311 -3.4596049331104E-07 2.61592460981035E-08 0.1640164 1.20372969088439E-13 4.54059496329807E-13
3.86681222707424E-05 2.36823144104803E-05 1.4741474 2.77904879438012E-07 5.36912220745513E-08 0.1630163 8.01138693433146E-14 1.61764121511597E-13
3.86665378670788E-05 2.36816074188563E-05 1.6381638 -1.58440366353574E-09 -7.06991624088715E-10 0.1640164 3.01017212555707E-18 1.62919018244542E-13
3.84913366336634E-05 2.36963696369637E-05 1.8021802 -1.75201233415457E-07 1.47622181074354E-08 0.1640164 3.0913395273749E-14 3.35143836944697E-13
3.87669147496617E-05 2.36552774018945E-05 2.2932293 2.75578115998336E-07 -4.10922350692431E-08 0.4910491 7.76318698001781E-14 9.01750601125407E-14
3.88683844011142E-05 2.36208217270195E-05 2.4572457 1.01469651452504E-07 -3.44556748749518E-08 0.1640164 1.14832836969811E-14 3.83018851413154E-14
3.89178605539637E-05 2.33259312320917E-05 2.6212621 4.94761528495005E-08 -2.9489049492781E-07 0.1640164 8.94082936995556E-14 1.02113556918259E-13
16
5.32620014771049E-05 1.84687961595273E-05 0 0 0 0 0 0
5.35040444893832E-05 1.83422649140546E-05 0.1630163 2.42043012278344E-07 -1.26531245472727E-07 0.1630163 7.45949758736541E-14 7.45949758736541E-14
5.33747833622184E-05 1.84588388214905E-05 0.3270327 -1.29261127164845E-07 1.16573907435868E-07 0.1640164 3.02979148907926E-14 1.28189021905348E-14
5.33739669421488E-05 1.84147727272727E-05 0.4910491 -8.16420069611468E-10 -4.40660942177402E-08 0.1640164 1.94248720133682E-15 1.54547965950613E-14
5.2900069637883E-05 1.85477019498607E-05 0.6550655 -4.73897304265755E-07 1.32929222587997E-07 0.1640164 2.42248833208199E-13 1.37220779990662E-13
5.27056997742664E-05 1.85775959367946E-05 0.8180818 -1.94369863616643E-07 2.98939869338604E-08 0.1630163 3.86732943371543E-14 3.21308976114431E-13
5.21908362989324E-05 1.855871886121E-05 0.9820982 -5.14863475333982E-07 -1.88770755846193E-08 0.1640164 2.65440742215613E-13 1.15548093120721E-12
5.21869409660107E-05 1.85585867620751E-05 1.1461146 -3.89533292165112E-09 -1.3209913483081E-10 0.1640164 1.51910687519221E-17 1.1638174548199E-12
5.27044683257919E-05 1.85808823529412E-05 1.310131 5.17527359781127E-07 2.22955908660438E-08 0.1640164 2.6833166149409E-13 3.2340652956703E-13
5.28020979020979E-05 1.85937062937063E-05 1.4741474 9.76295763060477E-08 1.28239407651165E-08 0.1640164 9.69598762644561E-15 2.27113839924799E-13
5.35435505319149E-05 1.83121675531915E-05 1.9651965 7.4145262981699E-07 -2.81538740514804E-07 0.4910491 6.29016064673193E-13 1.03802390587123E-13
5.33118556701031E-05 1.85631443298969E-05 2.1292129 -2.31694861811803E-07 2.50976776705418E-07 0.1640164 1.16671851435432E-13 1.13870178115912E-14
5.33470588235294E-05 1.85078431372549E-05 2.620262 3.52031534263162E-08 -5.53011926420055E-08 0.4910491 4.29748391878496E-15 8.75941865044107E-15
5.34354354354354E-05 1.85075075075075E-05 2.7842784 8.83766119060283E-08 -3.3562974739354E-10 0.1640164 7.81053817931608E-15 3.15779063646501E-14
5.34556994818653E-05 1.83056994818653E-05 2.9482948 2.02640464298511E-08 -2.01808025642222E-07 0.1640164 4.1137110791323E-14 6.41194433125606E-14
5.34443024105186E-05 1.82185902118335E-05 3.1123112 -1.13970713466642E-08 -8.71092700318314E-08 0.1640164 7.71791816075948E-15 9.58366465849125E-14
16
4.78160569105691E-05 5.86128048780488E-07 0 0 0 0 0 0
4.76095617529881E-05 5.49136786188579E-07 0.1640164 -2.06495157581053E-07 -3.69912625919089E-08 0.1640164 4.40086036125673E-14 4.40086036125673E-14
4.73926701570681E-05 5.45484293193717E-07 0.3270327 -2.16891595919989E-07 -3.6524929948617E-09 0.1630163 4.70553050857974E-14 1.80908257908349E-13
4.75004201680672E-05 5.58403361344538E-07 0.6550655 1.07750010999169E-07 1.29190681508206E-08 0.3280328 1.17769671922066E-14 1.00395211510615E-13
4.73804890219561E-05 1.16417165668663E-06 0.8190819 -1.19931146111142E-07 6.05768295342089E-07 0.1640164 3.81338707449192E-13 5.23853798231946E-13
4.74729425028185E-05 1.15388951521984E-06 0.9830983 9.24534808624031E-08 -1.02821414667846E-08 0.1640164 8.65336855671771E-15 4.40080579579419E-13
4.76112730806608E-05 1.12973760932945E-06 1.1461146 1.38330577842346E-07 -2.41519058903961E-08 0.1630163 1.9718663324336E-14 3.37447771312129E-13
4.73300132802125E-05 1.183598937583E-06 1.310131 -2.81259800448353E-07 5.38613282535554E-08 0.1640164 8.20081180294848E-14 5.93209873576707E-13
4.71809078771696E-05 1.06775700934579E-06 1.4741474 -1.49105403042924E-07 -1.15841928237207E-07 0.1640164 3.5651773554307E-14 6.35380750283591E-13
4.68558772687986E-05 1.44079515989628E-06 1.6381638 -3.25030608370945E-07 3.73038150550489E-07 0.1640164 2.44802358144116E-13 1.65240081529352E-12
4.69973035439137E-05 1.12057010785824E-06 1.8021802 1.41426275115101E-07 -3.2022505203804E-07 0.1640164 1.22545475245698E-13 9.559853899208E-13
4.67517875383044E-05 1.13125638406537E-06 1.9651965 -2.45516005609325E-07 1.06862762071294E-08 0.1630163 6.03923055095331E-14 1.42983419867119E-12
4.67228103946102E-05 1.12271414821944E-06 2.1292129 -2.89771436941919E-08 -8.54223584593106E-09 0.1640164 9.12644649921355E-16 1.48311258676739E-12
4.67666475315729E-05 1.05597014925373E-06 2.2932293 4.38371369627077E-08 -6.67439989657104E-08 0.1640164 6.37645597502194E-15 1.32201164410229E-12
4.67539251207729E-05 1.0618961352657E-06 2.6212621 -1.27224107999595E-08 5.92598601196914E-09 0.3280328 1.9697704677698E-16 1.35447921101338E-12
4.66316262353998E-05 1.42093441150045E-06 2.7842784 -1.22298885373127E-07 3.59038276234749E-07 0.1630163 1.43865501165129E-13 2.09977768751969E-12
11
6.59979131886477E-05 1.61786310517529E-05 0 0 0 0 0 0
6.58056438791733E-05 1.61820349761526E-05 0.1640164 -1.92269309474455E-07 3.40392439969861E-09 0.1640164 3.69790740671024E-14 3.69790740671024E-14
6.56694290976059E-05 1.61353591160221E-05 0.4920492 -1.36214781567389E-07 -4.66758601305237E-08 0.3280328 2.07331026363758E-14 1.09774258489479E-13
6.58093599449415E-05 1.61574328974535E-05 0.6560656 1.39930847335606E-07 2.20737814314482E-08 0.1640164 2.0067893862744E-14 3.60016874578442E-14
6.57372332317073E-05 1.61478658536585E-05 0.8190819 -7.21267132341836E-08 -9.56704379500905E-09 0.1630163 5.29379108894178E-15 6.89005373642469E-14
6.57571662571663E-05 1.61463963963964E-05 0.9830983 1.99330254589398E-08 -1.46945726213943E-09 0.1640164 3.99484808591997E-16 5.89981580237033E-14
6.58812277580071E-05 1.61201067615658E-05 1.1471147 1.24061500840853E-07 -2.62896348305617E-08 0.1640164 1.60824008904091E-14 1.70405822656915E-14
6.5692731277533E-05 1.61629955947137E-05 1.3111311 -1.88496480474072E-07 4.28888331478205E-08 0.1640164 3.73703751598937E-14 9.33804663884481E-14
6.55836726384365E-05 1.61504478827362E-05 1.4751475 -1.0905863909656E-07 -1.25477119775006E-08 0.1640164 1.2051231837464E-14 1.72389524455156E-13
6.56232449297972E-05 1.61123244929797E-05 1.6381638 3.95722913607131E-08 -3.81233897564357E-08 0.1630163 3.01935909005827E-15 1.44772863926445E-13
6.49261565836299E-05 1.55636120996441E-05 2.130213 -6.97088346167305E-07 -5.48712393335592E-07 0.4920492 7.87017452962342E-13 1.52691053185239E-12
13
2.34459957850369E-05 2.46664910432034E-05 0 0 0 0 0 0
2.34006768687463E-05 2.44514420247204E-05 0.1640164 -4.53189162905616E-08 -2.15049018482947E-07 0.1640164 4.82998845242299E-14 4.82998845242299E-14
2.35818256578947E-05 2.46517269736842E-05 0.3270327 1.81148789148416E-07 2.00284948963784E-07 0.1630163 7.29289445913629E-14 1.86677321093476E-14
2.35927983539095E-05 2.46479423868313E-05 0.4910491 1.09726960147292E-08 -3.78458685293381E-09 0.1640164 1.34723155479053E-16 2.18950468807999E-14
2.34030386740331E-05 2.44969613259669E-05 0.6550655 -1.89759679876317E-07 -1.50981060864424E-07 0.1640164 5.88040168465095E-14 3.05856384120821E-14
2.36811663479924E-05 2.46326481835564E-05 0.8190819 2.78127673959204E-07 1.35686857589555E-07 0.1640164 9.57659263444856E-14 5.64505328298773E-14
2.34943396226415E-05 2.46099056603774E-05 1.1461146 -1.86826725350844E-07 -2.27425231790477E-08 0.3270327 3.54214476658693E-14 5.53903218390913E-15
2.34873205741627E-05 2.46055023923445E-05 1.310131 -7.01904847882773E-09 -4.40326803285984E-09 0.1640164 6.86558109173392E-17 5.42735372987742E-15
2.34242363344051E-05 2.45930466237942E-05 1.4741474 -6.30842397575364E-08 -1.24557685502857E-08 0.1640164 4.13476747596462E-15 5.86755643414364E-15
2.34919577205882E-05 2.46050091911765E-05 1.6381638 6.77213861830914E-08 1.1962567382259E-08 0.1640164 4.72928916493449E-15 5.89251764828457E-15
2.33500939849624E-05 2.46062030075188E-05 1.8021802 -1.41863735625829E-07 1.19381634232596E-09 0.1640164 2.01267446831744E-14 1.28318025042293E-14
2.36080878681977E-05 2.49021467798303E-05 2.2932293 2.57993883235297E-07 2.95943772311457E-07 0.4910491 1.54143560156764E-13 8.1807469628573E-14
2.35832369942197E-05 2.45765895953757E-05 2.4572457 -2.48508739780497E-08 -3.25557184454532E-07 0.1640164 1.06605046287435E-13 2.6917419819457E-14
11
8.00703592814371E-05 3.03164296407186E-05 0 0 0 0 0 0
8.02996156533892E-05 3.03408455625437E-05 0.1640164 2.29256371952118E-07 2.44159218251134E-08 0.1640164 5.31546213192181E-14 5.31546213192181E-14
8.0252994011976E-05 3.03614589003811E-05 0.3270327 -4.66216414131964E-08 2.06133378373785E-08 0.1630163 2.59848714485857E-15 3.53830790247768E-14
8.04630721220527E-05 3.08283633841886E-05 0.6550655 2.10078110076665E-07 4.66904483807571E-07 0.3280328 2.62132609332998E-13 4.16299532887636E-13
8.04098220396988E-05 3.057871321013E-05 0.8190819 -5.32500823538697E-08 -2.4965017405858E-07 0.1640164 6.51607806781732E-14 1.84027635029882E-13
8.03436395759717E-05 3.08422261484099E-05 0.9830983 -6.61824637271025E-08 2.63512938279845E-07 0.1640164 7.38191871458668E-14 3.51144086881323E-13
8.03563856638062E-05 3.0571554770318E-05 1.1461146 1.27460878344294E-08 -2.70671378091873E-07 0.1630163 7.34254576732364E-14 1.46899923164262E-13
8.03790064102564E-05 3.08808092948718E-05 1.310131 2.26207464502437E-08 3.09254524553776E-07 0.1640164 9.6150059126948E-14 4.13787444150512E-13
8.01844753234308E-05 3.09887398179205E-05 1.4741474 -1.94531086825648E-07 1.07930523048665E-07 0.1640164 4.94913415471265E-14 4.6502344540954E-13
8.04388663967611E-05 3.08977732793522E-05 1.6381638 2.54391073330368E-07 -9.09665385682352E-08 0.1640164 7.29897293292627E-14 4.73757920224247E-13
8.05752074688797E-05 3.08830394190871E-05 1.8021802 1.3634107211854E-07 -1.4733860265089E-08 0.1640164 1.88059745847442E-14 5.75918333306909E-13
21
4.31770833333333E-06 2.68830128205128E-06 0 0 0 0 0 0
4.29298245614035E-06 2.66081871345029E-06 0.1640164 -2.47258771929824E-08 -2.74825686009894E-08 0.1640164 1.36666057987053E-15 1.36666057987053E-15
4.32003546099291E-06 2.59869976359338E-06 0.3280328 2.7053004852557E-08 -6.21189498569121E-08 0.1640164 4.59062900287804E-15 8.03384763310563E-15
4.60854503464203E-06 2.54994226327945E-06 0.4920492 2.88509573649125E-07 -4.87575003139349E-08 0.1640164 8.56150679240632E-14 1.03729204903631E-13
4.5460372960373E-06 2.84537684537685E-06 0.6560656 -6.25077386047366E-08 2.954345820974E-07 0.1640164 9.11888096845433E-14 7.68068478035108E-14
4.77338794926004E-06 2.9137156448203E-06 0.8190819 2.27350653222746E-07 6.83387994434508E-08 0.1630163 5.63585110301817E-14 2.58455547313674E-13
4.76126878130217E-06 3.12854757929883E-06 0.9830983 -1.21191679578727E-08 2.14831934478535E-07 0.1640164 4.62996343037808E-14 3.90562673242493E-13
5.01321684587814E-06 2.90703405017921E-06 1.1471147 2.51948064575966E-07 -2.2151352911962E-07 0.1640164 1.12546070826604E-13 5.31576114875191E-13
5.10877125193199E-06 2.91904945904173E-06 1.3111311 9.55544060538571E-08 1.20154088625197E-08 0.1640164 9.27501456643892E-15 6.79025262366247E-13
5.04338572364113E-06 3.30091683038638E-06 1.4751475 -6.53855282908671E-08 3.81867371344648E-07 0.1640164 1.50097956607547E-13 9.01905484865841E-13
5.03053892215569E-06 3.15269461077844E-06 1.6381638 -1.28468014854377E-08 -1.48222219607935E-07 0.1630163 2.21348666939093E-14 7.2378861212712E-13
5.24938067712634E-06 3.12840627580512E-06 1.8021802 2.18841754970653E-07 -2.42883349733236E-08 0.1640164 4.84816369344119E-14 1.06170576171582E-12
5.18381564844587E-06 3.10771704180064E-06 1.9661966 -6.55650286804681E-08 -2.06892340044766E-08 0.1640164 4.7268173895626E-15 9.26051460817588E-13
5.10725075528701E-06 3.12046827794562E-06 2.130213 -7.65648931588645E-08 1.27512361449762E-08 0.1640164 6.02477688765328E-15 8.10145548404813E-13
5.12566312997347E-06 3.12997347480106E-06 2.2942294 1.84123746864655E-08 9.5051968554416E-09 0.1640164 4.29364308855493E-16 8.47865279262211E-13
5.03661365142478E-06 3.31593770709079E-06 2.4572457 -8.90494785486906E-08 1.85964232289728E-07 0.1630163 4.25125053209015E-14 9.10752338416543E-13
5.1158038147139E-06 3.61682561307902E-06 2.6212621 7.91901632891125E-08 3.00887905988231E-07 0.1640164 9.68046139317386E-14 1.49911383071058E-12
5.03467000835422E-06 3.37176274018379E-06 2.7852785 -8.1133806359678E-08 -2.45062872895226E-07 0.1640164 6.66385062060715E-14 9.81153608201372E-13
4.89475388601036E-06 3.37823834196891E-06 2.9492949 -1.39916122343856E-07 6.47560178511908E-09 0.1640164 1.96184547102204E-14 8.08994716512122E-13
5.15410094637224E-06 3.36261829652997E-06 3.1133113 2.59347060361877E-07 -1.56200454389435E-08 0.1640164 6.75048835378619E-14 1.1542560391615E-12
5.18847438752784E-06 3.10467706013363E-06 3.2763276 3.43734411555996E-08 -2.57941236396338E-07 0.1630163 6.77152148905491E-14 9.31602309711151E-13
12
2.27603846153846E-05 2.11280769230769E-05 0 0 0 0 0 0
2.29545454545455E-05 2.09275974025974E-05 0.4920492 1.94160839160837E-07 -2.00479520479519E-07 0.4920492 7.78904695953381E-14 7.78904695953381E-14
2.31028985507246E-05 2.06246376811594E-05 0.6550655 1.48353096179186E-07 -3.02959721437983E-07 0.1630163 1.13793233959731E-13 3.70766866204578E-13
2.28910998552822E-05 2.06215629522431E-05 0.9830983 -2.1179869544244E-07 -3.07472891629601E-09 0.3280328 4.4868141349028E-14 2.73642876591304E-13
2.27557636887608E-05 2.06167146974063E-05 1.1471147 -1.35336166521391E-07 -4.84825483678364E-09 0.1640164 1.83393835436681E-14 2.61512678805633E-13
2.26975806451613E-05 2.05956221198157E-05 1.3111311 -5.81830435995165E-08 -2.10925775906716E-08 0.1640164 3.83016339192174E-15 2.87452456191791E-13
2.28403065451533E-05 2.04683098591549E-05 1.4741474 1.4272589999198E-07 -1.27312260660741E-07 0.1630163 3.65790942430691E-14 4.41680093494194E-13
2.28180306054558E-05 2.04454424484365E-05 1.6381638 -2.2275939697515E-08 -2.28674107184688E-08 0.1640164 1.01913596237446E-15 4.69312886138942E-13
2.29675297113752E-05 2.03210950764007E-05 1.8021802 1.49499105919457E-07 -1.24347372035782E-07 0.1640164 3.78122516029221E-14 6.94128791657955E-13
2.2722E-05 2.0052E-05 1.9661966 -2.45529711375212E-07 -2.69095076400678E-07 0.1640164 1.32696999311082E-13 1.15941492307692E-12
2.31800314465409E-05 2.0059748427673E-05 2.2932293 4.58031446540879E-07 7.7484276729578E-09 0.3270327 2.09852844151733E-13 1.31742923699159E-12
2.36166158536585E-05 2.075E-05 2.4572457 4.36584407117657E-07 6.90251572327043E-07 0.1640164 6.6705317763823E-13 8.76074093159404E-13
12
4.75084459459459E-05 4.11195101351351E-05 0 0 0 0 0 0
4.74437022900763E-05 4.11033715012723E-05 0.1630163 -6.47436558696057E-08 -1.61386338628731E-08 0.1630163 4.45219647832181E-15 4.45219647832181E-15
4.74306220095694E-05 4.10962918660287E-05 0.3270327 -1.30802805069621E-08 -7.07963524355648E-09 0.1640164 2.21214973322619E-16 6.59565309344266E-15
4.73714759535655E-05 4.11322553897181E-05 0.4910491 -5.91460560038684E-08 3.59635236893681E-08 0.1640164 4.79163097696847E-15 1.89232203270807E-14
4.7446E-05 4.11043333333333E-05 0.6550655 7.45240464344903E-08 -2.79220563847389E-08 0.1640164 6.3334747297226E-15 4.12983147801513E-15
4.75079787234043E-05 4.11196808510638E-05 0.8190819 6.1978723404259E-08 1.53475177304898E-08 0.1640164 4.07690845530935E-15 2.47440831768622E-19
4.75573566084788E-05 4.1253740648379E-05 0.9820982 4.93778850745485E-08 1.34059797315224E-07 0.1630163 2.04102047906343E-14 2.0410083595128E-14
4.74855386840202E-05 4.12436731742589E-05 1.1461146 -7.18179244585571E-08 -1.00674741201914E-08 0.1640164 5.25916830869573E-15 1.59412029333714E-14
4.74837151037938E-05 4.12208303507516E-05 1.310131 -1.82358022640727E-09 -2.28428235072471E-08 0.1640164 5.25120030625384E-16 1.08774006461212E-14
4.75461494903737E-05 4.12199886749717E-05 1.4741474 6.24343865798878E-08 -8.41675779923889E-10 0.1640164 3.89876104572538E-15 1.15174942301034E-14
4.76029216467463E-05 4.12705843293493E-05 1.8011801 5.67721563726167E-08 5.0595654377581E-08 0.3270327 5.78299798109247E-15 3.17490701991764E-14
4.75505747126437E-05 4.12290229885057E-05 1.9651965 -5.23469341026654E-08 -4.1561340843522E-08 0.1640164 4.46754656266021E-15 1.37678980368451E-14
16
6.78341584158416E-05 1.67574257425743E-06 0 0 0 0 0 0
6.78068900126422E-05 1.64127686472819E-06 0.3280328 -2.72684031993577E-08 -3.44657095292336E-08 0.3280328 1.93145094639624E-15 1.93145094639624E-15
6.76952010376135E-05 1.65045395590143E-06 0.6560656 -1.11688975028741E-07 9.17709117323451E-09 0.3280328 1.25586461453727E-14 1.99486671823824E-14
6.76326328310864E-05 1.61855670103093E-06 0.8190819 -6.25682065270468E-08 -3.18972548704988E-08 0.1630163 4.93221533628473E-15 4.38827854075805E-14
6.75021818181818E-05 1.81818181818182E-06 0.9830983 -1.30451012904615E-07 1.9962511715089E-07 0.1640164 5.68676541653467E-14 1.30497399603503E-13
6.75358985382631E-05 1.49247635425623E-06 1.1471147 3.37167200812871E-08 -3.25705463925584E-07 0.1640164 1.0722086644402E-13 1.22545461966651E-13
6.74130495269894E-05 1.69045631608236E-06 1.3111311 -1.22849011273686E-07 1.97979961826126E-07 0.1640164 5.42879448555965E-14 1.77549190468792E-13
6.74009900990099E-05 1.42379773691655E-06 1.4751475 -1.20594279795228E-08 -2.66658579165811E-07 0.1640164 7.12522276459222E-14 2.51110991769514E-13
6.74725765306122E-05 1.4047619047619E-06 1.6381638 7.15864316023413E-08 -1.90358321546442E-08 0.1630163 5.48698009537648E-15 2.04171982966245E-13
6.75774769585253E-05 1.36722350230415E-06 1.8021802 1.04900427913108E-07 -3.75384024577572E-08 0.1640164 1.24132314354338E-14 1.61069388288897E-13
6.75440981432361E-05 1.35444297082228E-06 2.2942294 -3.33788152892822E-08 -1.27805314818663E-08 0.4920492 1.277487295075E-15 1.87368396911567E-13
6.73063814358231E-05 1.4439811457578E-06 2.4572457 -2.37716707413014E-07 8.95381749355144E-08 0.1630163 6.45263177540674E-14 3.32261900377669E-13
6.74518855656697E-05 1.31079323797139E-06 2.6212621 1.45504129846643E-07 -1.33187907786404E-07 0.1640164 3.89104705829484E-14 2.79320550034155E-13
6.73845046082949E-05 1.26785714285714E-06 2.7852785 -6.73809573747661E-08 -4.29360951142486E-08 0.1640164 6.38370168039985E-15 3.68559071789798E-13
6.71872862029647E-05 1.58010262257697E-06 2.9492949 -1.97218405330275E-07 3.12245479719824E-07 0.1640164 1.3639233900648E-13 4.27590660149735E-13
6.75E-05 1.37607204116638E-06 3.1123112 3.12713797035343E-07 -2.04030581410586E-07 0.1630163 1.39418397007004E-13 2.01464275280829E-13
12
2.18741220961642E-05 8.91585629389519E-06 0 0 0 0 0 0
2.16856401384083E-05 8.9121107266436E-06 0.1640164 -1.88481957755933E-07 -3.74556725159358E-09 0.1640164 3.55394776735454E-14 3.55394776735454E-14
2.18342235004108E-05 8.79026294165982E-06 0.3270327 1.48583362002544E-07 -1.2184778498378E-07 0.1630163 3.69238981694325E-14 1.7365588068811E-14
2.19585280373832E-05 8.86127336448598E-06 0.4910491 1.24304536972332E-07 7.10104228261628E-08 0.1640164 2.04940980618562E-14 1.01036590959466E-14
2.18567084408404E-05 8.6901953556948E-06 0.6550655 -1.01819596542782E-07 -1.71078008791179E-07 0.1640164 3.96349153320896E-14 5.12260944212176E-14
2.17991543340381E-05 8.91807610993657E-06 0.8190819 -5.75541068023426E-08 2.27880754241772E-07 0.1640164 5.52421133636144E-14 5.62509294146534E-15
2.17475409836066E-05 8.85295081967213E-06 0.9820982 -5.16133504314951E-08 -6.51252902644437E-08 0.1630163 6.90524137479236E-15 1.99798767435675E-14
2.18596077006902E-05 9.09562295677443E-06 1.1461146 1.12066717083597E-07 2.42672137102296E-07 0.1640164 7.14487152036906E-14 3.25267207587145E-14
2.18003846153846E-05 9.29064102564102E-06 1.310131 -5.92230853055398E-08 1.95018068866599E-07 0.1640164 4.15394210175647E-14 1.45900811221521E-13
2.18797932893948E-05 9.52164469742361E-06 1.4741474 7.94086740102316E-08 2.31003671782581E-07 0.1640164 5.96684338850976E-14 3.67011752282164E-13
2.21833740831296E-05 8.87481662591687E-06 1.6381638 3.03580793734739E-07 -6.46828071506736E-07 0.1640164 5.10547852413737E-13 9.73210457897879E-14
2.21520644511581E-05 8.86178247734139E-06 1.8011801 -3.13096319714781E-08 -1.30341485754819E-08 0.1630163 1.15018208327714E-15 8.01759303362339E-14
11
7.80808636748518E-05 8.58784928027096E-06 0 0 0 0 0 0
7.85930682617875E-05 8.58339197748065E-06 0.1640164 5.12204586935653E-07 -4.45730279030876E-09 0.1640164 2.62373406426087E-13 2.62373406426087E-13
7.864515625E-05 8.596875E-06 0.3280328 5.208798821252E-08 1.34830225193525E-08 0.1640164 2.89495041228499E-15 3.18507573983983E-13
7.87182857142857E-05 8.58842857142857E-06 0.4920492 7.31294642857136E-08 -8.44642857143008E-09 0.1640164 5.41926070232774E-15 4.063071919343E-13
7.86527517198249E-05 8.59537210756723E-06 0.6550655 -6.55339944608215E-08 6.9435361386585E-09 0.1630163 4.34291712409984E-15 3.27112528913644E-13
7.86516057934509E-05 8.59540302267002E-06 0.8190819 -1.1459263740079E-09 3.09151027959587E-11 0.1640164 1.31410299822778E-18 3.25803624967171E-13
7.87266725352113E-05 8.58861502347418E-06 0.9830983 7.50667417603807E-08 -6.78799919584705E-09 0.1640164 5.68109265160251E-15 4.17069670481409E-13
7.89381686595343E-05 8.44021397105097E-06 1.1471147 2.11496124323034E-07 -1.48401052423203E-07 0.1640164 6.67534829639786E-14 7.56768021289893E-13
7.88790954415954E-05 8.4332264957265E-06 1.3111311 -5.90732179388596E-08 -6.98747532447896E-09 0.1640164 3.5384698890622E-15 6.61082158938911E-13
7.88351092168354E-05 8.46803409696324E-06 1.4741474 -4.39862247600615E-08 3.48076012367429E-08 0.1630163 3.14635707249875E-15 5.83242015753122E-13
7.8936807653575E-05 8.54531722054381E-06 1.6381638 1.01698436739653E-07 7.72831235805675E-08 0.1640164 1.63152532256585E-14 7.34449070817142E-13
16
4.46989528795811E-05 3.60571553228621E-05 0 0 0 0 0 0
4.45552825552826E-05 3.64616093366093E-05 0.3270327 -1.43670324298597E-07 4.04454013747205E-07 0.3270327 1.84224211320289E-13 1.84224211320289E-13
4.45078008915305E-05 3.66166419019316E-05 0.4910491 -4.74816637520945E-08 1.55032565322315E-07 0.1640164 2.6289604703085E-14 3.49564314694647E-13
4.45483230361871E-05 3.62594880847308E-05 0.6550655 4.05221446566557E-08 -3.57153817200846E-07 0.1640164 1.2920089334871E-13 6.36278962463177E-14
4.46095920138889E-05 3.63587239583333E-05 0.8190819 6.12689777017721E-08 9.92358736025309E-08 0.1640164 1.36016462382777E-14 9.89290062172359E-14
4.46133474576271E-05 3.63654661016949E-05 0.9830983 3.75544373823544E-09 6.74214336157775E-09 0.1640164 5.95598547791187E-17 1.02383824612405E-13
4.45435931307794E-05 3.63226552179657E-05 1.1461146 -6.9754326847729E-08 -4.28108837292598E-08 0.1630163 6.69843787966E-15 9.46268458477273E-14
4.45553713527851E-05 3.6348474801061E-05 1.310131 1.17782220057521E-08 2.58195830953554E-08 0.1640164 8.05377384834743E-16 1.05482693215139E-13
4.43673387096774E-05 3.61314516129032E-05 1.6381638 -1.88032643107725E-07 -2.17023188157782E-07 0.3280328 8.24553390722451E-14 1.15487896394811E-13
4.42318588469185E-05 3.61262425447316E-05 1.8011801 -1.35479862758928E-07 -5.20906817161659E-09 0.1630163 1.83819276043944E-14 2.22949879574707E-13
4.42409043659044E-05 3.61213617463617E-05 1.9651965 9.04551898587158E-09 -4.88079836986088E-09 0.1640164 1.05643606451E-16 2.13930905700126E-13
4.44038865546218E-05 3.64171918767507E-05 2.1292129 1.62982188717486E-07 2.9583013038895E-07 0.1640164 1.14078659885085E-13 2.16690456260945E-13
4.46149635036496E-05 3.64183394160584E-05 2.2932293 2.11076949027785E-07 1.14753930769496E-09 0.1640164 4.45547952573407E-14 1.37508164447374E-13
4.44679172510519E-05 3.64489831697055E-05 2.4572457 -1.4704625259774E-07 3.06437536470767E-08 0.1640164 2.2561640040621E-14 2.06906523211797E-13
4.44340562719812E-05 3.65978898007034E-05 2.620262 -3.38609790706528E-08 1.48906630997928E-07 0.1630163 2.33197506587762E-14 3.6256398824421E-13
4.45E-05 3.68906009244992E-05 3.1123112 6.59437280187589E-08 2.92711123795833E-07 0.4920492 9.00283772588314E-14 7.34213819181862E-13
13
6.66583198707593E-05 6.81966882067851E-06 0 0 0 0 0 0
6.68010048721072E-05 6.82338611449452E-06 0.1640164 1.426850013479E-07 3.71729381600527E-09 0.1640164 2.03728278829647E-14 2.03728278829647E-14
6.69148383371824E-05 6.8901558891455E-06 0.3280328 1.1383346507526E-07 6.67697746509779E-08 0.1640164 1.74162605779827E-14 7.07701504371588E-14
6.70863277826468E-05 7.10035056967572E-06 0.4920492 1.7148944546436E-07 2.10194680530226E-07 0.1640164 7.35904336288776E-14 2.61973016858447E-13
6.71242243436754E-05 7.35143198090692E-06 0.6550655 3.78965610286173E-08 2.51081411231198E-07 0.1630163 6.44780244036455E-14 4.99839036459366E-13
6.72929491768074E-05 7.39128489620616E-06 0.8190819 1.68724833132018E-07 3.98529152992353E-08 0.1640164 3.00563241732752E-14 7.29499293896785E-13
6.72819444444444E-05 7.39222222222222E-06 0.9830983 -1.10047323629914E-08 9.37326016066109E-10 0.1640164 1.21982714441464E-16 7.16725006523272E-13
6.71811253293188E-05 7.24143771170493E-06 1.1471147 -1.00819115125674E-07 -1.50784510517292E-07 0.1640164 3.29004625866633E-14 4.51214544937251E-13
6.71532894736842E-05 7.11381578947368E-06 1.3111311 -2.78358556345637E-08 -1.27621922231246E-07 0.1640164 1.70621898929064E-14 3.31517347071045E-13
6.71055521187751E-05 7.12480668110114E-06 1.4741474 -4.77373549090743E-08 1.09908916274604E-08 0.1630163 2.3996547524815E-15 2.93125797528613E-13
6.70364704513727E-05 6.97632619823173E-06 1.6381638 -6.90816674024006E-08 -1.4848048286941E-07 0.1640164 2.68187305642289E-14 1.67539395560142E-13
6.6875E-05 6.8770730958231E-06 1.8021802 -1.61470451372736E-07 -9.92531024086398E-08 0.1640164 3.59238850042551E-14 5.02455292126475E-14
6.64626666666667E-05 6.31333333333333E-06 1.9661966 -4.12333333333336E-07 -5.63739762489762E-07 0.1640164 4.87821297589793E-13 2.9465580201679E-13
16
1.23877087606212E-05 3.89703340169938E-05 0 0 0 0 0 0
1.24624777975133E-05 3.88432504440497E-05 0.1640164 7.47690368921674E-08 -1.27083572944109E-07 0.1640164 2.17406433900229E-14 2.17406433900229E-14
1.23963607594937E-05 3.91515596745027E-05 0.3280328 -6.61170380196499E-08 3.08309230452977E-07 0.1640164 9.94260442989988E-14 3.29175960240116E-14
1.23580725358292E-05 3.89216145071658E-05 0.4920492 -3.82882236644821E-08 -2.29945167336879E-07 0.1640164 5.43407680529668E-14 3.25189645780153E-15
1.22870318613751E-05 3.8902110117384E-05 0.6550655 -7.10406744541192E-08 -1.95043897818223E-08 0.1630163 5.4271986476574E-15 1.47903385197787E-14
1.23351214003388E-05 3.93091473743648E-05 0.8190819 4.80895389637226E-08 4.0703725698075E-07 0.1640164 1.67991932328157E-13 1.1755992159442E-13
1.22410944759938E-05 3.93105317501291E-05 0.9830983 -9.40269243449876E-08 1.38437576430306E-09 0.1640164 8.84297899803481E-15 1.37230246087132E-13
1.23954698930782E-05 3.93517163759145E-05 1.1471147 1.54375417084417E-07 4.11846257853981E-08 0.1640164 2.55279428010709E-14 1.45512738872871E-13
1.24860779634049E-05 3.93882259347653E-05 1.3111311 9.06080703267111E-08 3.65095588508524E-08 0.1640164 9.54277029581409E-15 1.84310154995034E-13
1.24749124854142E-05 3.94053383897316E-05 1.4741474 -1.1165477990696E-08 1.71124549663091E-08 0.1630163 4.17504013734673E-16 1.96833293918777E-13
1.23881262042389E-05 3.93924614643545E-05 1.6381638 -8.67862811753159E-08 -1.28769253770997E-08 0.1640164 7.69767380740839E-15 1.78191756074417E-13
1.24118763557484E-05 3.93880151843818E-05 1.8021802 2.37501515094518E-08 -4.44627997274694E-09 0.1640164 5.83839102317967E-16 1.7504163024478E-13
1.24785984848485E-05 3.94556818181818E-05 1.9661966 6.67221291001123E-08 6.76666338000373E-08 0.1640164 9.03061584148041E-15 2.43823430088118E-13
1.24417624521073E-05 3.94532567049808E-05 2.130213 -3.68360327412045E-08 -2.42511320097094E-09 0.1640164 1.36277448214861E-15 2.36136124135866E-13
1.24979627473807E-05 3.93451688009313E-05 2.2932293 5.62002952733955E-08 -1.08087904049526E-07 0.1630163 1.48414681906364E-14 1.52657056845821E-13
1.25614035087719E-05 3.9565350877193E-05 2.4572457 6.3440761391254E-08 2.20182076261665E-07 0.1640164 5.25048769127996E-14 3.84214929456402E-13
11
5.03111480865225E-05 2.11942595673877E-05 0 0 0 0 0 0
5.02574139976275E-05 2.11601423487544E-05 0.1640164 -5.37340888949416E-08 -3.41172186332379E-08 0.1640164 4.05133691663764E-15 4.05133691663764E-15
5.01794515103339E-05 2.11474562798092E-05 0.3280328 -7.79624872936608E-08 -1.26860689452286E-08 0.1640164 6.23908577029732E-15 1.9534535907953E-14
5.02468926553672E-05 2.11570621468927E-05 0.4920492 6.74411450333707E-08 9.60586708343669E-09 0.1640164 4.6405807258368E-15 5.51240852442879E-15
5.031875E-05 2.11703703703704E-05 0.6550655 7.18573446327682E-08 1.33082234777149E-08 0.1630163 5.34058678980522E-15 6.2848282265204E-16
5.06029672276351E-05 2.05713020372011E-05 0.8190819 2.84217227635075E-07 -5.99068333169306E-07 0.1640164 4.39662300290819E-13 4.73234495535917E-13
5.06529411764706E-05 2.06039915966387E-05 0.9830983 4.99739488355146E-08 3.26895594375891E-08 0.1640164 3.56600285843831E-15 4.65238793628468E-13
5.0552024291498E-05 2.05878542510121E-05 1.1471147 -1.00916884972612E-07 -1.61373456265075E-08 0.1640164 1.04446315964448E-14 4.25748753851924E-13
5.05011353315168E-05 2.06017257039055E-05 1.3111311 -5.08889599811795E-08 1.38714528933939E-08 0.1640164 2.78210345333973E-15 3.87191532633615E-13
5.03656527249683E-05 2.05440430925222E-05 1.4741474 -1.35482606548486E-07 -5.76826113833597E-08 0.1630163 2.16828203331755E-14 4.25752219798637E-13
5.03930868167203E-05 2.05E-05 1.6381638 2.74340917519424E-08 -4.40430925221804E-08 0.1640164 2.69242338917134E-15 4.88710302415763E-13
17
2.22414073385973E-05 3.69019972131909E-07 0 0 0 0 0 0
2.22176529588766E-05 3.72868605817452E-07 0.1640164 -2.37543797206747E-08 3.84863368554339E-09 0.1640164 5.79082537159502E-16 5.79082537159502E-16
2.22481310466139E-05 3.83355321020229E-07 0.3270327 3.0478087737265E-08 1.04867152027763E-08 0.1630163 1.03888502786456E-15 2.5071047724221E-16
2.22704855842185E-05 3.88467374810319E-07 0.4910491 2.23545376046168E-08 5.11205379009E-09 0.1640164 5.25858445469001E-16 1.22374583934347E-15
2.23458372902817E-05 5.63706869262425E-07 0.6550655 7.53517060632234E-08 1.75239494452106E-07 0.1640164 3.63867600224682E-14 4.88086027231206E-14
2.24975798644724E-05 4.59825750242014E-07 0.8190819 1.51742574190674E-07 -1.03881119020411E-07 0.1640164 3.38170957109451E-14 7.38700523514127E-14
2.25940860215054E-05 4.80958781362007E-07 0.9830983 9.65061570329659E-08 2.11330311199936E-08 0.1640164 9.7600433495901E-15 1.36912550389624E-13
2.2629212026957E-05 6.58242612752722E-07 1.1461146 3.51260054515947E-08 1.77283831390715E-07 0.1630163 3.26633931315568E-14 2.34042212161413E-13
2.2579958677686E-05 5.31404958677686E-07 1.310131 -4.92533492710194E-08 -1.26837654075036E-07 0.1640164 1.85136829056714E-14 1.40985893054187E-13
2.23203630034809E-05 5.09945300845351E-07 1.4741474 -2.59595674205094E-07 -2.14596578323354E-08 0.1640164 6.78504309802784E-14 2.60939452901953E-14
2.24593181818182E-05 8.23636363636364E-07 1.6381638 1.38955178337326E-07 3.13691062791013E-07 0.1640164 1.17710624461713E-13 2.54161199017766E-13
2.24721107544141E-05 8.6677367576244E-07 1.8021802 1.27925725959415E-08 4.31373121260762E-08 0.1640164 2.02447761108495E-15 3.00982815547459E-13
2.24716346153846E-05 8.09134615384615E-07 1.9651965 -4.76139029508715E-10 -5.76390603778244E-08 0.1630163 3.32248798961391E-15 2.46705498182358E-13
2.25052774427021E-05 8.51477683956574E-07 2.1292129 3.36428273174363E-08 4.23430685719588E-08 0.1640164 2.92477528600044E-15 3.02392875539342E-13
2.24157381615599E-05 8.46970752089136E-07 2.2932293 -8.95392811421622E-08 -4.50693186743767E-09 0.1640164 8.0375953023129E-15 2.58828183896534E-13
2.25572139303483E-05 6.02611940298508E-07 2.4572457 1.41475768788368E-07 -2.44358811790629E-07 0.1640164 7.97266220539878E-14 1.54299010985298E-13
2.21169036334913E-05 1.3349131121643E-07 2.9482948 -4.40310296856946E-07 -4.69120629082078E-07 0.4910491 4.13947322148617E-13 7.09749226977591E-14
12
2.75201492537313E-05 6.6226368159204E-06 0 0 0 0 0 0
2.77067057291667E-05 6.7939453125E-06 0.1640164 1.86556475435324E-07 1.71308496579602E-07 0.1640164 6.41499195272143E-14 6.41499195272143E-14
2.76470998326827E-05 6.85987172336866E-06 0.3280328 -5.96058964840118E-08 6.59264108686557E-08 0.1640164 7.89915454568554E-15 7.23968508080569E-14
2.77355658198614E-05 6.84656466512702E-06 0.4920492 8.84659871787754E-08 -1.33070582416348E-08 0.1640164 8.00330868656151E-15 9.65479786135827E-14
2.79876453488372E-05 6.61337209302326E-06 0.6550655 2.52079528975777E-07 -2.33192572103765E-07 0.1630163 1.17922864613019E-13 2.18638434029593E-13
2.78886178861789E-05 6.75E-06 0.8190819 -9.90274626583485E-08 1.36627906976744E-07 0.1640164 2.84736233253965E-14 1.51990513756638E-13
2.78636991028295E-05 6.71946169772257E-06 0.9830983 -2.4918783349321E-08 -3.05383022774324E-08 0.1640164 1.55353366959823E-15 1.27401556551397E-13
2.78191056910569E-05 7.13973577235772E-06 1.3111311 -4.45934117726274E-08 4.20274074635156E-07 0.3280328 1.7861887018396E-13 3.56766282166968E-13
2.77525432349949E-05 6.6177517802645E-06 1.8021802 -6.65624560619982E-08 -5.21983992093227E-07 0.4910491 2.76897848558587E-13 5.4030826100892E-14
2.77547931382442E-05 6.61629667003027E-06 1.9661966 2.24990324928598E-09 -1.4551102342244E-09 0.1640164 7.17941042489219E-18 5.50979499891906E-14
2.7758316008316E-05 6.61824324324324E-06 2.130213 3.52287007180863E-09 1.94657321297065E-09 0.1640164 1.61997608162998E-17 5.67427064702613E-14
2.80414507772021E-05 6.55569948186528E-06 2.4572457 2.83134768886065E-07 -6.25437613779578E-08 0.3270327 8.40770194394681E-14 2.76235885063309E-13
11
3.87022445081184E-05 3.08495702005731E-05 0 0 0 0 0 0
3.85130836326321E-05 3.08899435608004E-05 0.3280328 -1.89160875486316E-07 4.03733602273455E-08 0.3280328 3.74118450307964E-14 3.74118450307964E-14
3.86018957345972E-05 3.06803317535545E-05 0.4910491 8.88121019650399E-08 -2.0961180724591E-07 0.1630163 5.18246991923451E-14 3.87115282964797E-14
3.87364583333333E-05 3.06244791666667E-05 0.6550655 1.34562598736174E-07 -5.58525868878341E-08 0.1640164 2.12266044406957E-14 5.18365593808871E-14
3.90857958361316E-05 3.04214237743452E-05 0.8190819 3.49337502798299E-07 -2.0305539232147E-07 0.1640164 1.63268183212178E-13 3.30420983512384E-13
3.90908845738943E-05 3.03125674217907E-05 0.9830983 5.08873776265517E-09 -1.08856352554476E-07 0.1640164 1.18756007434814E-14 4.39413085146219E-13
3.9131993006993E-05 3.06302447552448E-05 1.4741474 4.11084330987208E-08 3.17677333454036E-07 0.4910491 1.02608791462299E-13 2.3278742325341E-13
3.87529021558872E-05 3.05746268656716E-05 1.8021802 -3.79090851105779E-07 -5.56178895731136E-08 0.3280328 1.46803223032671E-13 7.8160034684183E-14
3.86891025641026E-05 3.11483974358974E-05 1.9661966 -6.37995917846652E-08 5.73770570225793E-07 0.1640164 3.33283055169122E-13 8.94704272641232E-14
3.8740987460815E-05 3.11238244514107E-05 2.1292129 5.18848967124868E-08 -2.45729844867775E-08 0.1630163 3.29587407345283E-15 7.67164104861418E-14
3.86252107925801E-05 3.11319561551433E-05 2.2932293 -1.1577666823495E-07 8.1317037326798E-09 0.1640164 1.34703615131818E-14 8.56760206682054E-14
11
5.12494708994709E-05 2.06224867724868E-05 0 0 0 0 0 0
5.03529784537389E-05 2.05484790874525E-05 0.3270327 -8.96492445731987E-07 -7.4007685034303E-08 0.3270327 8.09175842698656E-13 8.09175842698656E-13
5.04945482866044E-05 2.11939252336449E-05 0.6550655 1.4156983286545E-07 6.45446146192388E-07 0.3280328 4.36642745212157E-13 8.96450066307959E-13
5.01913369713506E-05 2.11903137789905E-05 0.8190819 -3.03211315253748E-07 -3.61145465440771E-09 0.1640164 9.19501443026284E-14 1.44207491915419E-12
5.01692745376956E-05 2.11863442389758E-05 0.9830983 -2.2062433655023E-08 -3.96954001463357E-09 0.1640164 5.0250822671007E-16 1.48475942250805E-12
5.02697215777262E-05 2.11940255220418E-05 1.1461146 1.00447040030623E-07 7.68128306594562E-09 0.1630163 1.01486099604528E-14 1.28656527570205E-12
5.02909038901602E-05 2.11962242562929E-05 1.310131 2.11823124339645E-08 2.19873425114514E-09 0.1640164 4.53524792357246E-16 1.24802541166309E-12
5.02535294117647E-05 2.12719607843137E-05 1.4741474 -3.73744783954777E-08 7.57365280208191E-08 0.1640164 7.13287331198234E-15 1.41371593897303E-12
5.05957767722474E-05 2.09166666666667E-05 1.8021802 3.42247360482659E-07 -3.55294117647059E-07 0.3280328 2.4336716579195E-13 5.13857822106237E-13
5.06860828772478E-05 2.08481235340109E-05 1.9651965 9.03061050004865E-08 -6.85431326557229E-08 0.1630163 1.28533536346189E-14 3.68318011735518E-13
5.07508156606852E-05 2.06256117455139E-05 2.1292129 6.47327834373073E-08 -2.2251178849708E-07 0.1640164 5.37018292717106E-14 2.48666812624888E-13
11
5.38437037037037E-05 1.85703703703704E-05 0 0 0 0 0 0
5.41198492462312E-05 1.86293969849246E-05 0.1640164 2.76145542527452E-07 5.90266145542522E-08 0.1640164 7.9740501883517E-14 7.9740501883517E-14
5.44811522048364E-05 1.86194879089616E-05 0.3280328 3.61302958605258E-07 -9.90907596303003E-09 0.1640164 1.30638017683354E-13 4.08753124193598E-13
5.4390243902439E-05 1.86205962059621E-05 0.4920492 -9.09083023973878E-08 1.10829700046722E-09 0.1640164 8.26554776701615E-15 3.01228823394528E-13
5.4372418879056E-05 1.86187315634218E-05 0.6550655 -1.78250233829758E-08 -1.86464254023022E-09 0.1630163 3.21208350406469E-16 2.81878541641223E-13
5.41552436003303E-05 1.88418662262593E-05 0.8190819 -2.1717527872574E-07 2.2313466283746E-07 0.1640164 9.69541794491898E-14 1.70767106954973E-13
5.39156626506024E-05 1.89213520749665E-05 0.9830983 -2.39580949727902E-07 7.94858487072432E-08 0.1640164 6.37170316172341E-14 1.28366246999998E-13
5.39208489054992E-05 1.89522156967432E-05 1.1471147 5.18625489679181E-09 3.08636217766605E-08 0.1640164 9.79460389027247E-16 1.51757235432835E-13
5.39373988127361E-05 1.89441446303292E-05 1.3111311 1.65499072369073E-08 -8.07106641399713E-09 0.1640164 3.39041542609389E-16 1.48485970864361E-13
5.4151724137931E-05 1.8798275862069E-05 1.4741474 2.14325325194928E-07 -1.45868768260229E-07 0.1630163 6.72130425736678E-14 1.46817501047972E-13
5.43086419753086E-05 1.85939955106622E-05 1.6381638 1.56917837377605E-07 -2.04280351406787E-07 0.1640164 6.6353669658145E-14 2.16725743656793E-13
19
5.52810913705584E-05 4.11844331641286E-05 0 0 0 0 0 0
5.52995852187029E-05 4.11523378582202E-05 0.1630163 1.84938481444874E-08 -3.20953059083848E-08 0.1630163 1.37213108054416E-15 1.37213108054416E-15
5.54142105263158E-05 4.11847368421053E-05 0.3270327 1.14625307612926E-07 3.23989838850522E-08 0.1640164 1.41886553021417E-14 1.77208018498799E-14
5.5487763915547E-05 4.10662188099808E-05 0.4910491 7.35533892312361E-08 -1.18518032124463E-07 0.1640164 1.9456625006057E-14 5.66881743786656E-14
5.54131268436578E-05 4.12032448377581E-05 0.6550655 -7.46370718892138E-08 1.3702602777731E-07 0.1640164 2.43468247886238E-14 1.77872452213351E-14
5.5499E-05 4.12421666666667E-05 0.8180818 8.58731563421884E-08 3.89218289085562E-08 0.1630163 8.88910774575685E-15 5.08173281004403E-14
5.56247143945164E-05 4.121953541508E-05 0.9820982 1.25714394516372E-07 -2.26312515867022E-08 0.1640164 1.63162825369986E-14 1.1930895061589E-13
5.56282279608192E-05 4.12602404274265E-05 1.1461146 3.51356630285693E-09 4.07050123465709E-08 0.1640164 1.66924317829906E-15 1.26250553466654E-13
5.57540404040404E-05 4.11242424242424E-05 1.310131 1.25812443221172E-07 -1.35998003184113E-07 0.1640164 3.43242277393466E-14 2.27303713439626E-13
5.5876254180602E-05 4.10822185061315E-05 1.4741474 1.22213776561601E-07 -4.20239181108784E-08 0.1640164 1.67022168748388E-14 3.64666606768479E-13
5.60336179295624E-05 4.10811099252935E-05 1.6371637 1.57363748960428E-07 -1.10858083805709E-09 0.1630163 2.47645784383551E-14 5.76971913689858E-13
5.58401883052527E-05 4.11756689791873E-05 1.9651965 -1.93429624309708E-07 9.45590538938248E-08 0.3280328 4.635643423389E-14 3.12666193322298E-13
5.61538745387454E-05 4.11551660516605E-05 2.1292129 3.1368623349266E-07 -2.05029275267989E-08 0.1640164 9.88194231199811E-14 7.62607022542767E-13
5.6291701073493E-05 4.12332782824112E-05 2.2932293 1.37826534747596E-07 7.81122307507118E-08 0.1640164 2.50976742733827E-14 1.02371781724561E-12
5.63200464396285E-05 4.10576625386997E-05 2.4562456 2.8345366135504E-08 -1.75615743711539E-07 0.1630163 3.16443492207128E-14 1.09549842701811E-12
5.63349697885196E-05 4.10728851963746E-05 2.620262 1.4923348891152E-08 1.52226576749328E-08 0.1640164 4.54435648815238E-16 1.12310266895457E-12
5.63429292929293E-05 4.11679292929293E-05 3.1123112 7.95950440965498E-09 9.50440965546733E-08 0.4920492 9.09673400034137E-15 1.12777215114954E-12
5.66902834008097E-05 4.1191632928475E-05 3.2753275 3.47354107880427E-07 2.37036355457363E-08 0.1630163 1.21216738599493E-13 1.98587401473054E-12
5.68194813829787E-05 4.09396609042553E-05 3.4393439 1.29197982169003E-07 -2.51972024219711E-07 0.1640164 8.01820195859208E-14 2.42655728951814E-12
33
7.83361398963731E-05 4.03963730569948E-05 0 0 0 0 0 0
7.847265625E-05 4.0328857421875E-05 0.1630163 1.36516353626945E-07 -6.75156351198183E-08 0.1630163 2.31950757932295E-14 2.31950757932295E-14
7.85416666666667E-05 4.03382616487455E-05 0.3270327 6.90104166666714E-08 9.40422687052234E-09 0.1640164 4.85087709153985E-15 4.56181890760413E-14
7.84131697869593E-05 4.03415106520336E-05 0.4910491 -1.28496879707342E-07 3.24900328804745E-09 0.1640164 1.65220041168888E-14 8.94348752186545E-15
7.82984587251829E-05 4.03333333333333E-05 0.6550655 -1.14711061776461E-07 -8.17731870023408E-09 0.1640164 1.32254962350083E-14 5.39387742158023E-15
7.82150900900901E-05 4.03499436936937E-05 0.8190819 -8.3368635092782E-08 1.66103603603602E-08 0.1640164 7.22623338853447E-15 1.68087413776918E-14
7.8059766327142E-05 4.03624925104853E-05 0.9820982 -1.55323762948086E-07 1.25488167916217E-08 0.1630163 2.42829441392229E-14 7.7530241201295E-14
7.80049137104506E-05 4.03960930009588E-05 1.1461146 -5.48526166913774E-08 3.36004904734537E-08 0.1640164 4.13780251794783E-15 1.09710864672105E-13
7.81157053509382E-05 4.03703961084086E-05 1.310131 1.10791640487534E-07 -2.56968925501511E-08 0.1640164 1.2935117888653E-14 4.92661906789402E-14
7.81936397984887E-05 4.03773614609572E-05 1.4741474 7.79344475505042E-08 6.96535254856201E-09 0.1640164 6.12229425112804E-15 2.06677186809601E-14
7.81263629283489E-05 4.03771417445483E-05 1.6381638 -6.72768701397501E-08 -2.19716408892623E-10 0.1640164 4.52622553110114E-15 4.43762196918188E-14
7.81626506024096E-05 4.0390326009922E-05 1.8011801 3.62876740607305E-08 1.31842653737522E-08 0.1630163 1.49062014218334E-15 3.01351018982241E-14
7.7904674796748E-05 4.05371951219512E-05 1.9651965 -2.57975805661673E-07 1.46869112029179E-07 0.1640164 8.81220523750287E-14 2.05992986173071E-13
7.80470319634703E-05 4.06006849315068E-05 2.1292129 1.42357166722348E-07 6.34898095556267E-08 0.1640164 2.42965188346243E-14 1.25326738933913E-13
7.80397489539749E-05 4.08164973102212E-05 2.2932293 -7.28300949542415E-09 2.15812378714311E-07 0.1640164 4.66280250336397E-14 2.64351978884661E-13
7.79930309173847E-05 4.08378104409529E-05 2.4572457 -4.67180365902067E-08 2.13131307317056E-08 0.1640164 2.63682448443066E-15 3.12590735418164E-13
7.77954889112903E-05 4.08746219758064E-05 2.7842784 -1.97542006094366E-07 3.68115348535838E-08 0.3270327 4.03779332700632E-14 5.21025516015425E-13
7.77963842220599E-05 4.1132030679328E-05 2.9482948 8.95310769578828E-10 2.57408703521527E-07 0.1640164 6.62600422300076E-14 8.32528325250124E-13
7.77458075904678E-05 4.11226831421006E-05 3.1123112 -5.05766315921079E-08 -9.34753722735593E-09 0.1640164 2.64537211542061E-15 8.76018571121822E-13
7.77602564102564E-05 4.1124358974359E-05 3.2753275 1.44488197886261E-08 1.67583225835699E-09 0.1630163 2.11576807042343E-16 8.61605285462387E-13
7.77435267857143E-05 4.11234375E-05 3.4393439 -1.67296245421369E-08 -9.21474358975161E-10 0.1640164 2.80729452315118E-16 8.79813003207106E-13
7.78157065706571E-05 4.10326282628263E-05 3.6033603 7.21797849427901E-08 -9.08092371737155E-08 0.1640164 1.34562389104595E-14 6.75671533463443E-13
7.7764824120603E-05 4.11258793969849E-05 3.7673767 -5.08824500540612E-08 9.32511341586419E-08 0.1640164 1.12847977453771E-14 8.58581215729495E-13
7.77762630312751E-05 4.11698075380914E-05 3.9313931 1.14389106720552E-08 4.39281411064911E-08 0.1640164 2.06053025843505E-15 9.11663000621122E-13
7.78350929054054E-05 4.12130489864865E-05 4.0944094 5.8829874130339E-08 4.32414483950652E-08 0.1630163 5.33077694949462E-15 9.18007660968814E-13
7.7767745302714E-05 4.11179540709812E-05 4.2584258 -6.7347602691413E-08 -9.50949155052712E-08 0.1640164 1.35787425432351E-14 8.43751573846487E-13
7.77664907651715E-05 4.1094327176781E-05 4.5864586 -1.25453754249349E-09 -2.36268942002127E-08 0.3280328 5.5980399399357E-16 8.11640086005194E-13
7.76817472698908E-05 4.10561622464899E-05 4.9134913 -8.47434952807049E-08 -3.81649302911384E-08 0.3270327 8.63802189651831E-15 8.63551484168881E-13
7.76836376404494E-05 4.10621488764045E-05 5.0775077 1.89037055864105E-09 5.98662991463073E-09 0.1640164 3.94132385837284E-17 8.69016635696039E-13
7.76892E-05 4.1056E-05 5.2415241 5.5623595505665E-09 -6.14887640449524E-09 0.1640164 6.87485248075367E-17 8.53638933457538E-13
7.77712224108659E-05 4.10825551782683E-05 5.4055405 8.20224108658749E-08 2.65551782682536E-08 0.1640164 7.43285337710912E-15 7.89977668987063E-13
7.77939787485242E-05 4.10985832349469E-05 5.5695569 2.2756337658322E-08 1.60280566786213E-08 0.1640164 7.74749504512659E-16 7.87037844256247E-13
7.78533854166667E-05 4.11286458333333E-05 5.8965896 5.94066681424721E-08 3.00625983864578E-08 0.3270327 4.43291204153526E-15 7.69275306643096E-13
16
8.02394170714781E-05 3.12458362248439E-05 0 0 0 0 0 0
8.03580992098332E-05 3.15024143985953E-05 0.1640164 1.18682138355041E-07 2.565781737514E-07 0.1640164 7.99178092101288E-14 7.99178092101288E-14
8.02822658903445E-05 3.11010431829209E-05 0.3280328 -7.58333194886944E-08 -4.01371215674349E-07 0.1640164 1.66849545116579E-13 2.28010462675417E-14
8.01553533939818E-05 3.09151504548635E-05 0.4920492 -1.26912496362678E-07 -1.85892728057372E-07 0.1640164 5.06628880776187E-14 1.16419780341685E-13
8.0108704620462E-05 3.09133663366337E-05 0.6550655 -4.66487735197632E-08 -1.78411822987456E-09 0.1630163 2.17929114875633E-15 1.27621971417134E-13
8.00003607503608E-05 3.11287878787879E-05 0.8190819 -1.08343870101294E-07 2.15421542154214E-07 0.1640164 5.81448350126258E-14 7.08482399806206E-14
8.01724406991261E-05 3.13640761548065E-05 0.9830983 1.72079948765344E-07 2.35288276018611E-07 0.1640164 8.49720815988935E-14 1.84665154910075E-14
7.98133997785161E-05 3.11079734219269E-05 1.1471147 -3.59040920610042E-07 -2.5610273287958E-07 0.1640164 1.94498992460896E-13 2.00496886330862E-13
7.99319196428571E-05 3.09373139880952E-05 1.3111311 1.18519864341081E-07 -1.70659433831673E-07 0.1640164 4.31716005991756E-14 1.89740639176903E-13
8.00364493996569E-05 3.09011578044597E-05 1.4741474 1.04529756799806E-07 -3.61561836355477E-08 0.1630163 1.22337396717141E-14 1.59999089283045E-13
7.97948444173276E-05 3.09026845637584E-05 1.6381638 -2.41604982329306E-07 1.52675929869872E-09 0.1640164 5.83752984803007E-14 3.15397907324143E-13
7.97107648725212E-05 3.08446175637394E-05 1.8021802 -8.40795448063858E-08 -5.80670000190118E-08 0.1640164 1.0441146346057E-14 4.40449561480431E-13
7.97401032702238E-05 3.11230636833046E-05 1.9661966 2.9338397702503E-08 2.7844611956527E-07 0.1640164 7.83929830807071E-14 2.64387369079104E-13
7.97002788104089E-05 3.09591078066915E-05 2.130213 -3.98244598148381E-08 -1.63955876613198E-07 0.1640164 2.84675170755457E-14 3.72883250324933E-13
7.98084415584416E-05 3.1146694214876E-05 2.2932293 1.0816274803264E-07 1.87586408184583E-07 0.1630163 4.68878405975653E-14 1.95569030977609E-13
7.97643360160966E-05 3.11232394366197E-05 2.4572457 -4.41055423449796E-08 -2.34547782563119E-08 0.1640164 2.49542548859756E-15 2.40731981665337E-13
