x y time dx dy dt dr^2 TotalDisplacementSquared
81
8.28689141709888E-06 6.47369081479003E-06 0 0 0 0 0 0
8.3055726838292E-06 6.44909048866965E-06 0.1640164 1.86812667303187E-08 -2.46003261203818E-08 0.1640164 9.54165771878449E-16 9.54165771878449E-16
8.28516969995081E-06 6.47442203639941E-06 0.3280328 -2.04029838783857E-08 2.53315477297624E-08 0.1640164 1.0579690615269E-15 3.49899497997326E-18
8.28636884306987E-06 6.47434953362788E-06 0.4920492 1.199143119063E-09 -7.25027715251514E-11 0.1640164 1.44320087187496E-18 7.06994123135207E-19
8.27779635512456E-06 6.46196288246113E-06 0.6550655 -8.57248794531351E-09 -1.23866511667572E-08 0.1630163 2.26916676699473E-16 2.20264549027974E-16
8.30778588807786E-06 6.43025141930251E-06 0.8190819 2.9989532953298E-08 -3.17114631586133E-08 0.1640164 1.90498898241703E-15 2.32355999781219E-15
8.2878665154706E-06 6.4195285922566E-06 0.9830983 -1.99193726072622E-08 -1.07228270459121E-08 0.1640164 5.11760424923491E-16 2.934497166595E-15
8.30303302225413E-06 6.46621500358938E-06 1.1471147 1.51665067835314E-08 4.66864113327734E-08 0.1640164 2.40964393114782E-15 3.16439170095801E-16
8.30126007200411E-06 6.47342705297446E-06 1.3111311 -1.77295025001456E-09 7.21204938508091E-09 0.1640164 5.51570089218726E-17 2.06527814081091E-16
8.29909945184025E-06 6.43367267032106E-06 1.4741474 -2.16062016386331E-09 -3.9754382653391E-08 0.1630163 1.58507921964473E-15 1.7504879989854E-15
8.31253256904638E-06 6.47859128018065E-06 1.6381638 1.34331172061284E-08 4.49186098595851E-08 0.1640164 2.1981301495912E-15 6.81483234239468E-16
8.30143074839147E-06 6.47494073823231E-06 1.8021802 -1.11018206549129E-08 -3.65054194834347E-09 0.1640164 1.36576878370467E-16 2.12954463047162E-16
8.31368705349364E-06 6.47948248823837E-06 1.9661966 1.22563051021736E-08 4.54175000606227E-09 0.1640164 1.70844507875133E-16 7.51549611132437E-16
8.30953936622019E-06 6.49158771643254E-06 2.1292129 -4.14768727345027E-09 1.21052281941694E-08 0.1630163 1.63739859351254E-16 8.33228687803127E-16
8.3219630632065E-06 6.49176086610412E-06 2.2932293 1.2423696986307E-08 1.73149671585549E-10 0.1640164 1.54378227616343E-16 1.55654711519199E-15
8.31530297843204E-06 6.48057172201301E-06 2.4572457 -6.66008477445246E-09 -1.1189144091114E-08 0.1640164 1.69553674694606E-16 8.54563701599469E-16
8.31765507839127E-06 6.48240456714383E-06 2.6212621 2.35209995923036E-09 1.8328451308216E-09 0.1640164 8.89169549178791E-18 1.02233233619663E-15
8.33774714311627E-06 6.53518955196808E-06 2.7852785 2.00920647249969E-08 5.27849848242443E-08 0.1640164 3.18994568780917E-15 6.36839954325056E-15
8.3173738991193E-06 6.49383506805444E-06 2.9492949 -2.03732439969748E-08 -4.13544839136319E-08 0.1640164 2.12526241072311E-15 1.33497264970597E-15
8.32771333885667E-06 6.49838442419221E-06 3.1123112 1.03394397373737E-08 4.54935613776808E-09 0.1630163 1.27600655351031E-16 2.27620364130681E-15
8.31821294077371E-06 6.48125641903458E-06 3.2763276 -9.5003980829631E-09 -1.71280051576348E-08 0.1640164 3.83626124414733E-16 1.03827621289794E-15
8.32479201331115E-06 6.4977537437604E-06 3.440344 6.57907253744128E-09 1.64973247258224E-08 0.1640164 3.15445918562146E-16 2.01547974387859E-15
8.29881956155143E-06 6.47554806070826E-06 3.6043604 -2.59724517597153E-08 -2.22056830521362E-08 0.1640164 1.16766061022267E-15 1.45729992481795E-16
8.31208800263678E-06 6.49699241924852E-06 3.7683768 1.32684410853496E-08 2.14443585402533E-08 0.1640164 6.35912042038328E-16 1.17783269310871E-15
8.30089134125637E-06 6.4731324278438E-06 3.9313931 -1.11966613804153E-08 -2.38599914047137E-08 0.1630163 6.94664415900697E-16 1.96309672397143E-16
8.28862140630412E-06 6.46692067890544E-06 4.2594259 -1.22699349522453E-08 -6.21174893836418E-09 0.3280328 1.89137128605599E-16 4.88276025460736E-17
8.29737745863253E-06 6.43150952232282E-06 4.4234423 8.75605232841004E-09 -3.54111565826161E-08 0.1640164 1.33061846289641E-15 1.88921850124949E-15
8.28762254901961E-06 6.47487745098039E-06 4.5864586 -9.75490961292458E-09 4.33679286575694E-08 0.1630163 1.97593549760436E-15 1.94265933378795E-18
8.30697030312356E-06 6.43314356054778E-06 4.750475 1.93477541039506E-08 -4.17338904326154E-08 0.1640164 2.11605319950849E-15 2.0472414905779E-15
8.27620764844012E-06 6.46159007044616E-06 4.9144914 -3.07626546834374E-08 2.84465098983828E-08 0.1640164 1.75554484857121E-15 2.60570926429552E-16
8.27479654120041E-06 6.46049508307901E-06 5.0785078 -1.41110723971316E-09 -1.09498736714908E-09 0.1640164 3.19022097618697E-18 3.20413358388603E-16
8.30851318944844E-06 6.42853717026379E-06 5.2425242 3.37166482480331E-08 -3.1957912815221E-08 0.1640164 2.15812056058686E-15 2.50635265353827E-15
8.28880285366278E-06 6.45958761092744E-06 5.4055405 -1.97103357856605E-08 3.10504406636509E-08 0.1630163 1.3526272021904E-15 2.02553948927552E-16
8.32136423190305E-06 6.43268915820504E-06 5.5695569 3.25613782402669E-08 -2.68984527223957E-08 0.1640164 1.78377011176468E-15 2.86951080323546E-15
8.31379517040589E-06 6.47970542901182E-06 5.7335733 -7.56906149715597E-09 4.70162708067727E-08 0.1640164 2.26782041252352E-15 7.59987526241512E-16
8.32339297548045E-06 6.43331676607024E-06 5.8975897 9.59780507455932E-09 -4.63886629415722E-08 0.1640164 2.24402591175603E-15 2.96242757431074E-15
8.31393763843926E-06 6.47780712216732E-06 6.0616061 -9.45533704119406E-09 4.44903560970751E-08 0.1640164 2.06879518420712E-15 7.48442075217034E-16
8.31476573187414E-06 6.47631668946648E-06 6.2246224 8.28093434888544E-10 -1.4904327008356E-09 0.1630163 2.9071283726256E-18 7.83872642007066E-16
8.31145799280811E-06 6.48872180451128E-06 6.3886388 -3.3077390660381E-09 1.24051150447935E-08 0.1640164 1.64828017003556E-16 8.29447294077529E-16
8.3137673872968E-06 6.42269984917044E-06 6.5526552 2.30939448869272E-09 -6.60219553408403E-08 0.1640164 4.36423188993232E-15 3.32239634889783E-15
8.3107513988809E-06 6.43153477218225E-06 6.7166716 -3.01598841590334E-09 8.83492301181654E-09 0.1640164 8.71520507495886E-17 2.3464306589867E-15
8.32144617912901E-06 6.43615447822514E-06 6.880688 1.06947802481105E-08 4.61970604288986E-09 0.1640164 1.35720008478089E-16 2.60300814167106E-15
8.29797161807805E-06 6.43263149776338E-06 7.2077207 -2.3474561050957E-08 -3.52298046176269E-09 0.3270327 5.6346640786907E-16 1.80863836843355E-15
8.30126603364984E-06 6.47417957687823E-06 7.3717371 3.29441557179244E-09 4.15480791148459E-08 0.1640164 1.73709605209316E-15 2.06868489366088E-16
8.32348923175828E-06 6.43695756991321E-06 7.5357535 2.22231981084349E-08 -3.7222006965016E-08 0.1640164 1.87934833667044E-15 2.68873131702389E-15
8.31301475634866E-06 6.47820864790666E-06 7.6997699 -1.0474475409616E-08 4.12510779934463E-08 0.1640164 1.81136607072804E-15 7.02839669628918E-16
8.30124934013725E-06 6.4658191096252E-06 7.8627862 -1.17654162114089E-08 -1.23895382814601E-08 0.1630163 2.91925677455448E-16 2.68113696177879E-16
8.29938271604938E-06 6.47668501835169E-06 8.0268026 -1.86662408786908E-09 1.08659087264877E-08 0.1640164 1.21552257937775E-16 1.64997804439503E-16
8.30152810623977E-06 6.46566308895761E-06 8.190819 2.14539019038362E-09 -1.10219293940723E-08 0.1640164 1.2608562663691E-16 2.78677051047417E-16
8.32479543129901E-06 6.49620695533583E-06 8.3548354 2.32673250592441E-08 3.05438663782205E-08 0.1640164 1.47429618874312E-15 1.94369087756223E-15
8.33232554338944E-06 6.49812060794247E-06 8.5178517 7.53011209043208E-09 1.91365260664078E-09 0.163016300000001 6.03646543933745E-17 2.66107462525819E-15
8.33661769974919E-06 6.53381404514511E-06 8.6818681 4.29215635975133E-09 3.56934372026352E-08 0.1640164 1.29244406555501E-15 6.08750601454915E-15
8.32244597249509E-06 6.43741814014407E-06 8.8458845 -1.41717272541051E-08 -9.63959050010361E-08 0.164016400000001 9.49300835433353E-15 2.57983333539352E-15
8.3073580994898E-06 6.43259725765306E-06 9.0099009 -1.50878730052924E-08 -4.82088249101231E-09 0.1640164 2.50884819815979E-16 2.10756552625994E-15
8.26815166726425E-06 6.37320724273933E-06 9.3369336 -3.92064322255443E-08 -5.93900149137276E-08 0.3270327 5.06431819930899E-15 1.04481264759317E-14
8.25862970711297E-06 6.3693340306834E-06 9.6649664 -9.52196015128237E-09 -3.87321205593061E-09 0.328032799999999 1.05669496752816E-16 1.16890626404046E-14
8.24635474344777E-06 6.41629752676264E-06 9.9929992 -1.22749636652024E-08 4.69634960792407E-08 0.328032800000001 2.35624469696689E-15 4.93721142129111E-15
8.2976689585779E-06 6.4584521214154E-06 10.1560155 5.13142151301302E-08 4.2154594652752E-08 0.163016299999999 4.41015852475911E-15 3.48373176098069E-16
8.24326292789512E-06 6.41410233066278E-06 10.3200319 -5.44060306827774E-08 -4.43497907526131E-08 0.164016400000001 4.92692011445588E-15 5.45423251078557E-15
8.30964285714286E-06 6.43063492063492E-06 10.4840483 6.63799292477361E-08 1.65325899721385E-08 0.1640164 4.6796215381213E-15 2.37143804557058E-15
8.29743825100133E-06 6.41601301735647E-06 10.6480647 -1.22046061415215E-08 -1.46219032784458E-08 0.1640164 3.62752466553889E-16 3.43796402215207E-15
8.29556325251526E-06 6.41897575457694E-06 10.8120811 -1.87499848607864E-09 2.96273722046703E-09 0.164016400000001 1.22934311603379E-17 3.06893854361045E-15
8.30037751677852E-06 6.47231543624161E-06 11.1391138 4.81426426326692E-09 5.3339681664669E-08 0.327032699999998 2.86829878048479E-15 1.83766550720753E-16
8.29990206552707E-06 6.46683582621083E-06 11.3031302 -4.75451251457315E-10 -5.47961003078434E-09 0.164016400000001 3.02521799819847E-17 2.1626784094288E-16
8.28699551569507E-06 6.45869265263884E-06 11.4671466 -1.29065498319978E-08 -8.14317357198568E-09 0.1640164 2.32890304389328E-16 2.24955704431053E-16
8.24240566037736E-06 6.41518867924528E-06 11.631163 -4.45898553177102E-08 -4.3503973393558E-08 0.1640164 3.88085089828174E-15 5.40148241438217E-15
8.32071747339512E-06 6.4776862341229E-06 11.7941793 7.8311813017768E-08 6.24975548776145E-08 0.163016300000001 1.00386844238103E-14 1.16016546020234E-15
8.27784885704538E-06 6.4599539406346E-06 11.9581957 -4.28686163497485E-08 -1.77322934883017E-08 0.1640164 2.15215250009719E-15 2.70469603883385E-16
8.24395573740004E-06 6.41700762506974E-06 12.1222121 -3.38931196453398E-08 -4.2946315564854E-08 0.1640164 2.99312957988934E-15 5.05645658806754E-15
8.29887149617765E-06 6.46291408809611E-06 12.2862285 5.49157587776108E-08 4.59064630263635E-08 0.164016400000001 5.12314390971161E-15 2.59660132969099E-16
8.29866881465152E-06 6.41750042394438E-06 12.4492448 -2.02681526131343E-10 -4.54136641517264E-08 0.163016299999999 2.06244197148684E-15 3.2960671164998E-15
8.29841534612177E-06 6.41480400333611E-06 12.6132612 -2.53468529749057E-10 -2.69642060826492E-09 0.164016400000001 7.33493039224889E-18 3.60045750333352E-15
8.2323406573452E-06 6.41887597603051E-06 12.941294 -6.60746887765704E-08 4.07197269439319E-09 0.328032799999999 4.38244545854452E-15 5.98045193793621E-15
8.29510613207547E-06 6.41627358490566E-06 13.1053104 6.27654747302735E-08 -2.60239112484673E-09 0.1640164 3.94627725768328E-15 3.36421982974107E-15
8.2313791228706E-06 6.41713483146067E-06 13.4323431 -6.37270092048663E-08 8.61246555014183E-10 0.3270327 4.06187344782564E-15 6.28019406083666E-15
8.25869293865906E-06 6.37789764621969E-06 13.5963595 2.73138157884532E-08 -3.92371852409878E-08 0.164016400000001 2.28560123856115E-15 9.97148533106703E-15
8.24250186289121E-06 6.41472615499255E-06 13.9243923 -1.61910757678516E-08 3.68285087728619E-08 0.328032799999999 1.61848999295308E-15 5.44726362778847E-15
8.2889951740779E-06 6.46466735608411E-06 14.0874086 4.64933111866976E-08 4.99412010915607E-08 0.163016300000001 4.65575155157081E-15 8.58486004442312E-17
8.27170080591001E-06 6.45911685695097E-06 14.251425 -1.72943681678976E-08 -5.55049913313521E-09 0.1640164 3.29903210953726E-16 4.4315491538604E-16
8.30097360044935E-06 6.51217000561693E-06 14.5794578 2.92727945393469E-08 5.30531486659518E-08 0.328032800000001 3.6715330835144E-15 1.67895601460914E-15
8.26727026164646E-06 6.39470325462667E-06 14.9064905 -3.37033388028942E-08 -1.17466750990251E-07 0.327032699999998 1.49343526346682E-14 6.62402440184743E-15
81
1.01219931271478E-05 5.36512027491409E-06 0 0 0 0 0 0
1.01236961451247E-05 5.3640022675737E-06 0.1640164 1.7030179769506E-09 -1.11800734039313E-09 0.1640164 4.15021064298986E-18 4.15021064298986E-18
1.01257065340267E-05 5.36423242143342E-06 0.3280328 2.01038890196159E-09 2.30153859720694E-10 0.1640164 4.09463433627466E-18 1.45776744514946E-17
1.01237373737374E-05 5.36301907968575E-06 0.4920492 -1.96916028930438E-09 -1.21334174767007E-09 0.1640164 5.34979044161239E-18 7.45741755296782E-18
1.01254488330341E-05 5.36288150807899E-06 0.6550655 1.71145929673777E-09 -1.37571606751763E-10 0.1630163 2.94801887137441E-18 1.69539801148416E-17
1.01280332794084E-05 5.36347353824821E-06 0.8190819 2.58444637425548E-09 5.92030169213942E-10 0.1640164 7.02986278266177E-18 3.91951809779988E-17
1.01282051282051E-05 5.36423992673993E-06 0.9830983 1.71848796760798E-10 7.66388491718395E-10 0.1640164 6.16883329186531E-19 3.93639700444151E-17
1.01272031539889E-05 5.36346243042672E-06 1.1471147 -1.00197421626014E-09 -7.77496313211223E-10 0.1640164 1.60845284710716E-18 2.9892828029314E-17
1.01293480764801E-05 5.36437456807187E-06 1.3111311 2.14492249120646E-09 9.12137645157074E-10 0.1640164 5.43268757699601E-18 5.46513583753484E-17
1.0129212847772E-05 5.36422755032798E-06 1.4741474 -1.35228708076696E-10 -1.47017743892697E-10 0.1630163 3.99010205073907E-20 5.29213230785966E-17
1.01295111923253E-05 5.36357925993604E-06 1.6381638 2.9834455326494E-10 -6.48290391936257E-10 0.1640164 5.09289904739722E-19 5.88960311756435E-17
1.01297518779877E-05 5.36461415888914E-06 1.8021802 2.40685662445728E-10 1.0348989530975E-09 0.1640164 1.12894543122923E-18 6.04543680270118E-17
1.01303747988043E-05 5.36537134973557E-06 1.9661966 6.2292081661397E-10 7.57190846430333E-10 0.1640164 9.613683216889E-19 7.03154583242989E-17
1.01545195885314E-05 5.36971985117093E-06 2.1292129 2.41447897270852E-08 4.34850143536281E-09 0.1630163 6.01880335698513E-16 1.07912679188405E-15
1.01556377884197E-05 5.36950370047889E-06 2.2932293 1.11819988827122E-09 -2.16150692049055E-10 0.1640164 1.29709211180306E-18 1.15117765178385E-15
1.01572651448639E-05 5.37148814749781E-06 2.4572457 1.62735644423684E-09 1.98444701891987E-09 0.1640164 6.58631896749911E-18 1.2846650350108E-15
1.01624015748032E-05 5.37237532808399E-06 2.6212621 5.13642993923469E-09 8.87180586183867E-10 0.1640164 2.7170001913168E-17 1.685478438416E-15
1.01621591908531E-05 5.37258135444151E-06 2.7852785 -2.42383950027403E-10 2.06026357523648E-10 0.1640164 1.01196839225348E-19 1.66898038129732E-15
1.01639982691476E-05 5.37316096927737E-06 2.9492949 1.83907829443264E-09 5.79614835856113E-10 0.1640164 3.71816233099777E-18 1.82908472026615E-15
1.01628260869565E-05 5.37271739130435E-06 3.1123112 -1.17218219103421E-09 -4.43577973021192E-10 0.1630163 1.57077250712735E-18 1.72504678419055E-15
1.01593007915567E-05 5.37340589270009E-06 3.2763276 -3.52529539979329E-09 6.88501395740282E-10 0.1640164 1.29017418277401E-17 1.46051328574738E-15
1.01608307959983E-05 5.37222705524141E-06 3.440344 1.53000444153228E-09 -1.17883745867875E-09 0.1640164 3.73057134509269E-18 1.55887084836143E-15
1.01298819255223E-05 5.36671207992734E-06 3.6043604 -3.09488704760081E-08 -5.51497531407019E-09 0.1640164 9.88247536455532E-16 6.47669829935009E-17
1.01511910013233E-05 5.36794221438024E-06 3.7683768 2.13090758010832E-08 1.2301344528991E-09 0.1640164 4.55589942268519E-16 8.60479198722981E-16
1.01288919413919E-05 5.36418269230769E-06 3.9313931 -2.22990599313935E-08 -3.75952207254571E-09 0.1630163 5.11382080037836E-16 4.84726991194588E-17
1.01260552133242E-05 5.3629363449692E-06 4.2594259 -2.83672806773438E-09 -1.24634733849316E-09 0.3280328 9.60040781844104E-18 2.12700941090211E-17
1.01282805429864E-05 5.3631221719457E-06 4.4234423 2.22532966221856E-09 1.85826976501602E-10 0.1640164 4.98662377074548E-18 4.3524013400512E-17
1.01284269662921E-05 5.36308988764045E-06 4.5864586 1.46423305709575E-10 -3.22843052513733E-11 0.1630163 2.24820608204836E-20 4.55167586165774E-17
1.0126256281407E-05 5.36249428962997E-06 4.750475 -2.17068488509931E-09 -5.95598010481702E-10 0.1640164 5.06660986048835E-18 2.50702829507536E-17
1.01254782804411E-05 5.36276164753545E-06 4.9144914 -7.78000965892645E-10 2.67357905481269E-10 0.1640164 6.76765752553219E-19 1.77094165896093E-17
1.01266872569206E-05 5.3627316403569E-06 5.0785078 1.20897647946983E-09 -3.00071785517275E-11 0.1640164 1.46252455867589E-18 2.77404293721413E-17
1.01280209758322E-05 5.36120611035112E-06 5.2425242 1.33371891157985E-09 -1.5255300057806E-09 0.1640164 4.10604793364269E-18 5.16556439883772E-17
1.01292607093505E-05 5.36181483187471E-06 5.4055405 1.23973351833584E-09 6.08721523595257E-10 0.1630163 1.90748108977349E-18 6.37437047604827E-17
1.01327181590339E-05 5.36238323080428E-06 5.5695569 3.45744968342032E-09 5.68398929571501E-10 0.1640164 1.22770356565213E-17 1.2251771941867E-16
1.0135905279855E-05 5.36256514842511E-06 5.7335733 3.18712082102479E-09 1.81917620824201E-10 0.1640164 1.01908331485761E-17 2.00076664323372E-16
1.01349428504782E-05 5.36313272684861E-06 5.8975897 -9.62429376784257E-10 5.67578423503967E-10 0.1640164 1.24841557212458E-18 1.71645681647107E-16
1.01349797023004E-05 5.36248308525034E-06 6.0616061 3.68518222160219E-11 -6.49641598273298E-10 0.1640164 4.23392263007727E-19 1.75605903517756E-16
1.01355593607306E-05 5.362899543379E-06 6.2246224 5.79658430188701E-10 4.16458128657204E-10 0.1630163 5.0944126861349E-19 1.88974342174824E-16
1.01335156071998E-05 5.36238323080428E-06 6.3886388 -2.04375353077602E-09 -5.16312574712075E-10 0.1640164 4.44350716936524E-18 1.4025895700897E-16
1.01337434495329E-05 5.36346548188653E-06 6.5526552 2.27842333105244E-10 1.08225108225124E-09 0.1640164 1.22317953378882E-18 1.40808416119183E-16
1.01318924438393E-05 5.36334240980259E-06 6.7166716 -1.85100569357743E-09 -1.23072083948017E-10 0.1640164 3.44136881550339E-18 1.01157275314899E-16
1.0128576333257E-05 5.36358434424353E-06 6.880688 -3.31611058230763E-09 2.41934440946778E-10 0.1640164 1.10551216678089E-17 4.56976857019189E-17
1.01300803930326E-05 5.36394595801697E-06 7.2077207 1.50405977556467E-09 3.6161377343813E-10 0.3270327 2.39296032961181E-18 6.67828896669105E-17
1.01571193866375E-05 5.36883899233297E-06 7.3717371 2.70389936048563E-08 4.8930343159963E-09 0.1640164 7.55048959980977E-16 1.24768296497877E-15
1.01553965479572E-05 5.3672711383002E-06 7.5357535 -1.72283868028167E-09 -1.56785403277127E-09 0.1640164 5.4263393863518E-18 1.12041473507636E-15
1.01317283670225E-05 5.36367249602544E-06 7.6997699 -2.36681809346937E-08 -3.59864227475981E-09 0.1640164 5.73133014979086E-16 9.68709591287328E-17
1.01308325709058E-05 5.36236276303751E-06 7.8627862 -8.95796116720859E-10 -1.30973298792547E-09 0.1630163 2.51785118239236E-18 8.57396377002668E-17
1.01335188550659E-05 5.36233530213539E-06 8.0268026 2.68628416011651E-09 -2.74609021184702E-11 0.1640164 7.21687669003805E-18 1.4059847742047E-16
1.01321845794393E-05 5.36419392523364E-06 8.190819 -1.33427562662725E-09 1.85862309825158E-09 0.1640164 5.23477126916582E-18 1.0472382354011E-16
1.01314036296807E-05 5.36509303928325E-06 8.3548354 -7.80949758572902E-10 8.99114049608407E-10 0.1640164 1.4182885996183E-18 8.85582997015653E-17
1.01582947785856E-05 5.37150253359771E-06 8.5178517 2.68911489049124E-08 6.4094943144557E-09 0.163016300000001 7.64215506793211E-16 1.35854312301807E-15
1.01641283214517E-05 5.37281270252754E-06 8.6818681 5.83354286612447E-09 1.31016892983471E-09 0.1640164 3.5746764995616E-17 1.83454804161992E-15
1.01585825027685E-05 5.36816168327796E-06 8.8458845 -5.54581868316717E-09 -4.65101924958145E-09 0.164016400000001 5.23880849265432E-17 1.34803257315463E-15
1.01262263289984E-05 5.35905772302076E-06 9.0099009 -3.23561737701468E-08 -9.10396025719962E-09 0.1640164 1.1298040734086E-15 5.46745333675129E-17
1.01128174123337E-05 5.35036275695284E-06 9.3369336 -1.3408916664666E-08 -8.69496606792097E-09 0.3270327 2.55401481042256E-16 3.0197807872494E-16
1.01273695296045E-05 5.35560496138544E-06 9.6649664 1.45521172707568E-08 5.24220443260237E-09 0.328032799999999 2.39244824375054E-16 1.19446894925125E-16
1.01308748255002E-05 5.35848068869242E-06 9.9929992 3.50529589573867E-09 2.8757273069715E-09 0.328032800000001 2.05569068607439E-17 1.2296867081924E-16
1.01307276076445E-05 5.35868063550541E-06 10.1560155 -1.47217855746007E-10 1.999468129954E-10 0.163016299999999 6.16518250774694E-20 1.17760105261388E-16
1.01269114921223E-05 5.35756487488415E-06 10.3200319 -3.81611552215055E-09 -1.11576062125884E-09 0.164016400000001 1.58076594423503E-17 8.12743836354479E-17
1.01364464692483E-05 5.36104783599089E-06 10.4840483 9.53497712595563E-09 3.4829611067364E-09 0.1640164 1.03046806863536E-16 2.25483856658017E-16
1.01297224813433E-05 5.359375E-06 10.6480647 -6.72398790500672E-09 -1.67283599088819E-09 0.1640164 4.80103935990876E-17 9.27511001182401E-17
1.01258416531228E-05 5.35958904109589E-06 10.8120811 -3.88082822046165E-09 2.14041095890849E-10 0.164016400000001 1.51066412674617E-17 4.5405699732266E-17
1.01297923322684E-05 5.36073710634413E-06 11.1391138 3.95067914554836E-09 1.14806524824385E-09 0.327032699999998 1.6925919525296E-17 8.00397672259103E-17
1.01289235061614E-05 5.36107881887933E-06 11.3031302 -8.68826107012666E-10 3.41712535195882E-10 0.164016400000001 8.71626260936781E-19 6.43635201529297E-17
1.01312199036918E-05 5.3607544141252E-06 11.4671466 2.29639753045596E-09 -3.24404754129759E-10 0.1640164 5.37868006238623E-18 1.04194145821756E-16
1.0130602323927E-05 5.35961584064501E-06 11.631163 -6.17579764851328E-10 -1.13857348019231E-09 0.1640164 1.67775433575104E-18 1.04417065805567E-16
1.01300305954342E-05 5.35984937632384E-06 11.7941793 -5.71728492742452E-10 2.33535678832553E-10 0.163016300000001 3.81412382701337E-19 9.23832684044436E-17
1.01293083506824E-05 5.36120749479528E-06 11.9581957 -7.22244751823808E-10 1.35811847144041E-09 0.1640164 2.36612326400466E-18 6.88223436197541E-17
1.01289794007491E-05 5.35878979400749E-06 12.1222121 -3.28949933333433E-10 -2.4177007877908E-09 0.1640164 5.95348515792432E-18 8.88830073409923E-17
1.01260874676699E-05 5.36103926640019E-06 12.2862285 -2.89193307918367E-09 2.24947239269735E-09 0.164016400000001 1.34234029799843E-17 3.34182548015556E-17
1.01273093320701E-05 5.35984130743723E-06 12.4492448 1.22186440022887E-09 -1.19795896295471E-09 0.163016299999999 2.92805828947018E-18 5.61295323980408E-17
1.01282200046414E-05 5.36232304478997E-06 12.6132612 9.10672571340143E-10 2.48173735274104E-09 0.164016400000001 6.98834482018139E-18 4.65984996885887E-17
1.01303698598668E-05 5.36113025499655E-06 12.941294 2.1498552253103E-09 -1.19278979342052E-09 0.328032799999999 6.04462498108219E-18 8.60899099877781E-17
1.01234741784038E-05 5.3612676056338E-06 13.1053104 -6.89568146300346E-09 1.37350637248623E-10 0.1640164 4.75692880367621E-17 1.7036573406132E-17
1.01236040018613E-05 5.36162168450442E-06 13.4323431 1.29823457575284E-10 3.54078870618224E-10 0.3270327 1.42225976755079E-19 1.4835052197426E-17
1.01226304703955E-05 5.3606365551135E-06 13.5963595 -9.73531465824351E-10 -9.8512939091755E-10 0.164016400000001 1.91824343179969E-18 2.0509949665606E-17
1.01247987117552E-05 5.36088106740281E-06 13.9243923 2.16824135972615E-09 2.44512289303778E-10 0.328032799999999 4.76105685364769E-18 2.58421853133648E-17
1.01255686988171E-05 5.36061191992721E-06 14.0874086 7.69987061874033E-10 -2.69147475600029E-10 0.163016300000001 6.65320439075275E-19 3.31099774503374E-17
1.01223416418934E-05 5.36142236450949E-06 14.251425 -3.22705692367009E-09 8.10444582283409E-10 0.1640164 1.10707168095596E-17 1.3796003888389E-17
1.01215697674419E-05 5.36058139534884E-06 14.5794578 -7.71874451576338E-10 -8.40969160653238E-10 0.328032800000001 1.30301929816608E-18 2.07806611484457E-17
1.01205606432879E-05 5.36095599731963E-06 14.9064905 -1.00912415394383E-09 3.7460197079664E-10 0.327032699999998 1.15865819459758E-18 1.93932178924111E-17
92
4.03383655394525E-05 2.17894524959742E-05 0 0 0 0 0 0
4.03371815286624E-05 2.17884156050955E-05 0.1640164 -1.18401079007668E-09 -1.03689087869441E-09 0.1640164 2.47702424533767E-18 2.47702424533767E-18
4.03347860538827E-05 2.17870443740095E-05 0.3280328 -2.39547477969637E-09 -1.37123108603276E-09 0.1640164 7.61857411146397E-18 1.8611768341215E-17
4.03375E-05 2.17884920634921E-05 0.4920492 2.71394611727516E-09 1.44768948255702E-09 0.1640164 9.46130836537912E-18 1.67158909663787E-18
4.03380503144654E-05 2.17887185534591E-05 0.6550655 5.50314465407098E-10 2.26489967054988E-10 0.1630163 3.5414371601287E-19 6.38038407979963E-19
4.0375182748538E-05 2.17838084795322E-05 0.8190819 3.71324340726034E-08 -4.91007392695764E-09 0.1640164 1.40292648612442E-15 1.38736180644474E-15
4.03377122069523E-05 2.17886014551334E-05 0.9830983 -3.74705415857051E-08 4.7929756012266E-09 0.1640164 1.42701410184001E-15 1.15111386859599E-18
4.03383673469388E-05 2.17895918367347E-05 1.1471147 6.55139986470488E-10 9.90381601305046E-10 0.1640164 1.4100641180761E-18 1.94191145318958E-20
4.03384865744508E-05 2.17892595606184E-05 1.3111311 1.19227512001885E-10 -3.32276116303376E-10 0.1640164 1.24622617083814E-19 5.18735223434613E-20
4.03401278976818E-05 2.17891686650679E-05 1.4741474 1.6413232310768E-09 -9.08955504463904E-11 0.1630163 2.70220394996333E-18 3.18646651194708E-18
4.03769985465116E-05 2.17856104651163E-05 1.6381638 3.68706488297761E-08 -3.55819995166584E-09 0.1640164 1.3721055320247E-15 1.50727043554449E-15
4.03372186495177E-05 2.1788384244373E-05 1.8021802 -3.97798969939416E-08 2.77377925671374E-09 0.1640164 1.59013405621358E-15 2.45651800612407E-18
4.03381526104418E-05 2.17897590361446E-05 1.9661966 9.33960924079713E-10 1.37479177158539E-09 0.1640164 2.76233542292673E-18 1.3930563964361E-19
4.03738401142041E-05 2.17837259100642E-05 2.1292129 3.56875037623752E-08 -6.0331260803359E-09 0.1630163 1.30999653509077E-15 1.29123923999466E-15
4.03741970021413E-05 2.17828336902213E-05 2.2932293 3.56887937186912E-10 -8.92219842970832E-10 0.1640164 9.23425247900424E-19 1.3277023080167E-15
4.03376701361089E-05 2.17880304243395E-05 2.4572457 -3.65268660324389E-08 5.19673411820065E-09 0.1640164 1.36121798764701E-15 2.50587354469788E-18
4.03375299760192E-05 2.17887689848121E-05 2.6212621 -1.40160089706853E-10 7.3856047267995E-10 0.1640164 5.65116422551864E-19 1.16535375978259E-18
4.0338768115942E-05 2.17898550724638E-05 2.7852785 1.23813992284738E-09 1.08608765161833E-09 0.1640164 2.71257685554633E-18 3.24135659851951E-19
4.03781272337384E-05 2.17850250178699E-05 2.9492949 3.93591177963515E-08 -4.83005459386376E-09 0.1640164 1.57246958108678E-15 1.60059489484858E-15
4.03389729299363E-05 2.17886146496815E-05 3.1123112 -3.91543038020785E-08 3.58963181162153E-09 0.1630163 1.54594496276847E-15 1.07090961002393E-18
4.03383534136546E-05 2.17893574297189E-05 3.2763276 -6.19516281687993E-10 7.42780037349178E-10 0.1640164 9.35522607160962E-19 9.18462788212318E-21
4.03390302066773E-05 2.17905405405405E-05 3.440344 6.76793022648781E-10 1.183110821664E-09 0.1640164 1.85780001184454E-18 1.62562349794818E-18
4.03762736535662E-05 2.17856622998544E-05 3.6043604 3.72434468889651E-08 -4.8782406861001E-09 0.1640164 1.41087156836269E-15 1.45139070228634E-15
4.03386967015286E-05 2.17892196299276E-05 3.7683768 -3.75769520376679E-08 3.55733007315351E-09 0.1640164 1.42468192169055E-15 1.63894916302282E-19
4.03361445783133E-05 2.17883534136546E-05 3.9313931 -2.55212321530962E-09 -8.66216272974896E-10 0.1630163 7.26366353768884E-18 6.1406503273248E-18
4.03376777251185E-05 2.17885071090047E-05 4.0954095 1.53314680522953E-09 1.53695350121552E-10 0.1640164 2.37416138703452E-18 1.36684508016572E-18
4.03378812199037E-05 2.17887239165329E-05 4.2594259 2.03494785210978E-10 2.16807528165219E-10 0.1640164 8.84156318771745E-20 7.65393427680865E-19
4.0375E-05 2.17834885386819E-05 4.4234423 3.71187800963071E-08 -5.2353778509584E-09 0.1640164 1.40521301708031E-15 1.37765248619082E-15
4.03394117647059E-05 2.17894117647059E-05 4.5864586 -3.55882352941208E-08 5.9232260239348E-09 0.1630163 1.30160709788032E-15 1.09624631703735E-18
4.033727929374E-05 2.17869181380417E-05 4.750475 -2.13247096591118E-09 -2.49362666414754E-09 0.1640164 1.07656063606018E-17 7.60289987801388E-18
4.03357765451664E-05 2.17880348652932E-05 4.9144914 -1.50274857356436E-09 1.11672725144984E-09 0.1640164 3.50533302948045E-18 8.712568161277E-18
4.03379407051282E-05 2.17882612179487E-05 5.0785078 2.16415996180075E-09 2.26352655534612E-10 0.1640164 4.73482386492899E-18 1.59962753717373E-18
4.03405826017558E-05 2.17899042298484E-05 5.2425242 2.64189662757985E-09 1.64301189964533E-09 0.1640164 9.67910589319396E-18 5.11942874969569E-18
4.03406882591093E-05 2.17908906882591E-05 5.4055405 1.05657353529409E-10 9.86458410743296E-10 0.1630163 9.84263672481028E-19 7.46342365243242E-18
4.03411646586345E-05 2.17911646586345E-05 5.5695569 4.76399525226157E-10 2.73970375431531E-10 0.1640164 3.02016274249802E-19 1.07665691706232E-17
4.03806613946801E-05 2.1785046728972E-05 5.7335733 3.94967360455496E-08 -6.11792966257596E-09 0.1640164 1.59742122160804E-15 1.80835015231181E-15
4.03369299674267E-05 2.17880700325733E-05 5.8975897 -4.37314272533769E-08 3.02330360132785E-09 0.1640164 1.92157809428319E-15 3.97207209616256E-18
4.03818051575931E-05 2.17863538681948E-05 6.0616061 4.48751901664082E-08 -1.7161643784469E-09 0.1640164 2.01672791264515E-15 1.89660191831846E-15
4.03782467532468E-05 2.17858946608947E-05 6.2246224 -3.55840434636434E-09 -4.59207300181674E-10 0.1630163 1.28731128367648E-17 1.6031694041569E-15
4.03806451612903E-05 2.17853046594982E-05 6.3886388 2.39840804356817E-09 -5.90001396453488E-10 0.1640164 6.10046279126955E-18 1.8047709701816E-15
4.03821271929825E-05 2.17856359649123E-05 6.5526552 1.48203169213446E-09 3.31305414071892E-10 0.1640164 2.30618121388427E-18 1.92964822902334E-15
4.03798701298701E-05 2.17871572871573E-05 6.7166716 -2.25706311233154E-09 1.52132224500789E-09 0.1640164 7.40875526620358E-18 1.72789900924869E-15
4.03759124087591E-05 2.17844890510949E-05 6.880688 -3.95772111100001E-09 -2.66823606239797E-09 0.1640164 2.27830400771362E-17 1.43440317979951E-15
4.0378296507484E-05 2.17870634354954E-05 7.0437043 2.38409872483203E-09 2.57438440047508E-09 0.163016300000001 1.23113817711552E-17 1.60018981790141E-15
4.03766025641026E-05 2.17834757834758E-05 7.2077207 -1.69394338139739E-09 -3.58765201958278E-09 0.1640164 1.57406911929964E-17 1.49779114637888E-15
4.03769812680115E-05 2.17845821325648E-05 7.3717371 3.7870390896444E-10 1.10634908905993E-09 0.1640164 1.36742495752869E-18 1.51489493188423E-15
4.03775071633238E-05 2.17845630372493E-05 7.5357535 5.25895312257774E-10 -1.90953155581042E-11 0.1640164 2.76930510530965E-19 1.55597352590436E-15
4.03784271284271E-05 2.17851731601732E-05 7.6997699 9.1996510334269E-10 6.10122923873746E-10 0.1640164 1.21858577360458E-18 1.62324362607061E-15
4.03371815286624E-05 2.17894108280255E-05 7.8627862 -4.12455997647072E-08 4.23766785231905E-09 0.1630163 1.71915732877699E-15 1.40361776897164E-18
4.03759786476868E-05 2.17850533807829E-05 8.0268026 3.87971190244158E-08 -4.35744724255827E-09 0.1640164 1.52420379106637E-15 1.43409812551457E-15
4.03366885784716E-05 2.17873870172555E-05 8.190819 -3.92900692151841E-08 2.33363647262763E-09 0.1640164 1.54915539812033E-15 7.07840046862846E-18
4.03361361771944E-05 2.1788146021329E-05 8.3548354 -5.52401277232661E-10 7.59004073412228E-10 0.1640164 8.81234354544631E-19 6.67693207648862E-18
4.03357664233577E-05 2.17862935928629E-05 8.5178517 -3.69753836757525E-10 -1.85242846602307E-09 0.163016300000001 3.5682091215295E-18 1.6734073341003E-17
4.03316812053925E-05 2.17848929421094E-05 8.6818681 -4.08521796511252E-09 -1.40065075349938E-09 0.1640164 1.86508283557564E-17 6.54698532709702E-17
4.03370607028754E-05 2.17887380191693E-05 8.8458845 5.37949748284916E-09 3.84507705989279E-09 0.164016400000001 4.37236107644942E-17 2.21307559768158E-18
4.0376164874552E-05 2.17844086021505E-05 9.0099009 3.91041716765699E-08 -4.3294170187913E-09 0.1640164 1.54788009423325E-15 1.45423059886686E-15
4.03743842364532E-05 2.17841308937368E-05 9.1739173 -1.78063809876505E-09 -2.77708413733535E-10 0.1640164 3.24779400183202E-18 1.32566598400211E-15
4.03760917030568E-05 2.17836608442504E-05 9.3369336 1.70746660356258E-09 -4.70049486441582E-10 0.163016300000001 3.13638872198553E-18 1.45680664998669E-15
4.0340782122905E-05 2.17899042298484E-05 9.50095 -3.53095801517398E-08 6.24338559800108E-09 0.1640164 1.28574631421746E-15 6.04393907607372E-18
4.03779112081514E-05 2.17847525473071E-05 9.6649664 3.71290852463559E-08 -5.1516825412321E-09 0.1640164 1.4051088042368E-15 1.58594943031538E-15
4.03359375E-05 2.17876233552632E-05 9.8289828 -4.19737081513816E-08 2.87080795602535E-09 0.164016400000001 1.77003371429773E-15 9.24113132379982E-18
4.03418940609952E-05 2.17893258426966E-05 9.9929992 5.95656099518749E-09 1.70248743347301E-09 0.1640164 3.83790823505225E-17 1.24665053299625E-17
4.0375E-05 2.17827722063037E-05 10.1560155 3.31059390048125E-08 -6.55363639290485E-09 0.163016299999999 1.13895334736077E-15 1.3867099696885E-15
4.03799198250729E-05 2.17849854227405E-05 10.3200319 4.91982507288924E-09 2.21321643680028E-09 0.164016400000001 2.91030057439525E-17 1.7467133966965E-15
4.03367063492064E-05 2.17880952380952E-05 10.4840483 -4.3213475866537E-08 3.109815354712E-09 0.1640164 1.87707544800818E-15 4.59506122299931E-18
4.03405737704918E-05 2.17893442622951E-05 10.6480647 3.86742128544881E-09 1.24902419984352E-09 0.1640164 1.65170088509373E-17 4.88799885225119E-18
4.03376623376623E-05 2.17877435064935E-05 10.8120811 -2.91143282946393E-09 -1.60075580157581E-09 0.164016400000001 1.1038860256759E-17 3.41513780292631E-18
4.03379705400982E-05 2.17882569558101E-05 10.9750974 3.08202435860494E-10 5.13449316642323E-10 0.163016299999999 3.5861894223081E-19 1.58534077384134E-18
4.03402390438247E-05 2.17886454183267E-05 11.1391138 2.26850372650489E-09 3.88462516546895E-10 0.1640164 5.29701228392851E-18 4.16139296183368E-18
4.03373884833739E-05 2.1786901865369E-05 11.3031302 -2.85056045081689E-09 -1.74355295767725E-09 0.164016400000001 1.11656717999865E-17 7.46035506502115E-18
4.03379407051282E-05 2.17894631410256E-05 11.4671466 5.52221754318793E-10 2.56127565662467E-09 0.1640164 6.86508185516108E-18 1.80597520216174E-19
4.03357438016529E-05 2.17882231404959E-05 11.631163 -2.19690347530843E-09 -1.2400005297728E-09 0.1640164 6.36398619365909E-18 8.38482398204098E-18
4.03372756933116E-05 2.17873164763458E-05 11.7941793 1.53189165868639E-09 -9.06664150029712E-10 0.163016300000001 3.16873193490204E-18 5.75034446375431E-18
4.03753639010189E-05 2.17842066957787E-05 11.9581957 3.80882077073394E-08 -3.10978056709033E-09 0.1640164 1.46038230153288E-15 1.39639717829089E-15
4.03400659521847E-05 2.17901896125309E-05 12.1222121 -3.52979488342555E-08 5.982916752167E-09 0.1640164 1.28174048476908E-15 3.43474427785937E-18
4.03339416058394E-05 2.1786901865369E-05 12.2862285 -6.12434634525272E-09 -3.28774716189884E-09 0.164016400000001 4.83168995571842E-17 2.60769050972355E-17
4.03410981697171E-05 2.17905574043261E-05 12.4492448 7.15656387772157E-09 3.65553895710491E-09 0.163016299999999 6.45793716028208E-17 8.68809062929034E-18
4.03361650485437E-05 2.17878236245955E-05 12.6132612 -4.93312117344402E-09 -2.73377973065436E-09 0.164016400000001 3.18092361276184E-17 7.49538220830026E-18
4.0340438247012E-05 2.17922310756972E-05 12.7772776 4.2731984682618E-09 4.40745110174134E-09 0.1640164 3.7685850363396E-17 1.20166219039539E-17
4.03777533039648E-05 2.17852422907489E-05 12.941294 3.73150569528065E-08 -6.98878494831234E-09 0.1640164 1.44125659044495E-15 1.56912182131294E-15
4.03346839546191E-05 2.17872771474878E-05 13.1053104 -4.3069349345636E-08 2.03485673894832E-09 0.1640164 1.85910949500448E-15 1.82862079225593E-17
4.0337332808812E-05 2.17899291896145E-05 13.2683267 2.64885419283445E-09 2.65204212663051E-09 0.163016300000001 1.40497559763195E-17 1.29376940255376E-18
4.03351275917065E-05 2.17878787878788E-05 13.4323431 -2.20521710541988E-09 -2.05040173568705E-09 0.1640164 9.06712975974487E-18 1.29608627752299E-17
4.03348434925865E-05 2.17866556836903E-05 13.5963595 -2.84099120044345E-10 -1.22310418850802E-09 0.164016400000001 1.57669616595583E-18 2.02269730779961E-17
4.03355317394889E-05 2.17866859027205E-05 13.7603759 6.88246902377898E-10 3.02190302470251E-11 0.1640164 4.74596988421843E-19 1.56844604652973E-17
4.03309580364212E-05 2.17826603325416E-05 13.9243923 -4.57370306764915E-09 -4.02557017896044E-09 0.1640164 3.71239750167588E-17 1.01004585254398E-16
4.03358644859813E-05 2.17891355140187E-05 14.0874086 4.90644956008879E-09 6.47518147712489E-09 0.163016300000001 6.60012224473968E-17 6.35574602586775E-18
4.03358239095315E-05 2.17881663974152E-05 14.251425 -4.0576449805485E-11 -9.69116603506848E-10 0.1640164 9.40833439471466E-19 8.11393215886444E-18
4.03393854748603E-05 2.17893056664006E-05 14.4154414 3.56156532883034E-09 1.13926898545458E-09 0.1640164 1.39826814127451E-17 1.06182715984675E-18
4.03343446601942E-05 2.17882281553398E-05 14.5794578 -5.04081466615958E-09 -1.07751106083498E-09 0.164016400000001 2.65708425847912E-17 1.76664799991042E-17
4.0338474025974E-05 2.1788961038961E-05 14.7434742 4.12936577984624E-09 7.32883621232361E-10 0.1640164 1.75887801460358E-17 2.53299321173665E-19
4.03384433962264E-05 2.17865566037736E-05 14.9064905 -3.06297476058148E-11 -2.40443518745437E-09 0.163016299999999 5.78224675210712E-18 8.39225331504048E-18
92
4.55911853593015E-05 2.51693754197448E-05 0 0 0 0 0 0
4.55613431187894E-05 2.51685717997012E-05 0.1640164 -2.98422405121741E-08 -8.03620043555497E-10 0.1640164 8.91205123960849E-16 8.91205123960849E-16
4.55617566622146E-05 2.51516409082236E-05 0.3280328 4.13543425217711E-10 -1.69308914776174E-08 0.1640164 2.86826104391398E-16 1.18056111113045E-15
4.55865265760198E-05 2.51608223277601E-05 0.4920492 2.47699138051871E-08 9.18141953644635E-09 0.1640164 6.97847094620638E-16 9.48596441656862E-17
4.55657964660555E-05 2.51728942473761E-05 0.6550655 -2.07301099642478E-08 1.20719196160444E-08 0.1630163 5.75468702346045E-16 6.5697804815658E-16
4.55956249583805E-05 2.5159802224146E-05 0.8190819 2.98284923249739E-08 -1.3092023230147E-08 0.1640164 1.06114002663973E-15 1.11356113955316E-16
4.5594817215799E-05 2.51681313907639E-05 0.9830983 -8.0774258153582E-10 8.32916661791927E-09 0.1640164 7.00274646270869E-17 1.47379897232024E-17
4.55922446363514E-05 2.51696127378222E-05 1.1471147 -2.5725794476017E-09 1.48134705827019E-09 0.1640164 8.81255412126839E-18 1.17838773811571E-18
4.5598382480197E-05 2.51614524395926E-05 1.3111311 6.13784384566429E-09 -8.16029822953013E-09 0.1640164 1.04263594268632E-16 1.14572163675883E-16
4.55979696593213E-05 2.51627051592232E-05 1.4741474 -4.12820875773434E-10 1.2527196305463E-09 0.1630163 1.73972754823039E-18 9.05191021837681E-17
4.55641537097654E-05 2.51805953355155E-05 1.6381638 -3.38159495558443E-08 1.78901762923758E-08 0.1640164 1.46357685213569E-15 8.56596586547161E-16
4.55966111184297E-05 2.51609471742853E-05 1.8021802 3.24574086643068E-08 -1.96481612302115E-08 0.1640164 1.4395336169302E-15 1.00474183641844E-16
4.55640722462129E-05 2.51822434711084E-05 1.9661966 -3.25388722168185E-08 2.12962968230315E-08 0.1640164 1.5123104635171E-15 9.00707647253235E-16
4.5593143575527E-05 2.5152133969441E-05 2.1292129 2.90713293141422E-08 -3.01095016673258E-08 0.1630163 1.751724278746E-15 3.01102219362605E-16
4.55674421687546E-05 2.51748856631537E-05 2.2932293 -2.57014067724839E-08 2.27516937126673E-08 0.1640164 1.1782018768797E-15 5.94101879776037E-16
4.55646961624064E-05 2.51822351116207E-05 2.4572457 -2.74600634813993E-09 7.34944846698227E-09 0.1640164 6.15549436328528E-17 8.67049227291815E-16
4.5596875E-05 2.51841623036649E-05 2.6212621 3.21788375935768E-08 1.92719204423142E-09 0.1640164 1.03919165804914E-15 2.51023947344769E-16
4.5637488E-05 2.519936E-05 2.7852785 4.06130000000005E-08 1.51976963350755E-08 0.1640164 1.8803857428932E-15 3.04300958873043E-15
4.56518834663203E-05 2.51880992144492E-05 2.9492949 1.43954663202877E-08 -1.12607855508138E-08 0.1640164 3.34034741799952E-16 4.0348406837902E-15
4.56127074123903E-05 2.5204577487347E-05 3.1123112 -3.91760539299995E-08 1.64782728978601E-08 0.1630163 1.80629667922258E-15 1.70238433262777E-15
4.55979148681851E-05 2.51704628461385E-05 3.2763276 -1.47925442051502E-08 -3.41146412085216E-08 0.1640164 1.38262810884748E-15 4.64687859760609E-17
4.56009890681936E-05 2.51625455491931E-05 3.440344 3.07420000851266E-09 -7.91729694539356E-09 0.1640164 7.21342966138774E-17 1.42759839793563E-16
4.55985576923077E-05 2.51627700210748E-05 3.6043604 -2.43137588595488E-09 2.24471881686839E-10 0.1640164 5.9619763244709E-18 9.79825855428654E-17
4.55652107823267E-05 2.51828300229699E-05 3.7683768 -3.33469099809776E-08 2.00600018950539E-08 0.1640164 1.51442008130898E-15 8.55704996965665E-16
4.5593561671354E-05 2.5170165394402E-05 3.9313931 2.83508890272444E-08 -1.26646285678333E-08 0.1630163 9.64165725396305E-16 6.27091892952339E-18
4.55946346066246E-05 2.51607665777315E-05 4.0954095 1.07293527062779E-09 -9.39881667053299E-09 0.1640164 8.94889449012461E-17 8.60094679053156E-17
4.5563258114793E-05 2.51802534390459E-05 4.2594259 -3.13764918316082E-08 1.94868613143733E-08 0.1640164 1.36422200354459E-15 8.9826228975605E-16
4.55932264872708E-05 2.51691234665611E-05 4.4234423 2.99683724778319E-08 -1.11299724847385E-08 0.1640164 1.02197963648111E-15 4.22968379366586E-18
4.55953943094712E-05 2.51612641288814E-05 4.5864586 2.16782220041267E-09 -7.85933767975777E-09 0.1630163 6.64686418570623E-17 8.3508301001734E-17
4.55916054529813E-05 2.51681887366819E-05 4.750475 -3.78885648995464E-09 6.92460780050652E-09 0.1640164 6.23056266923072E-17 1.5846953915353E-18
4.55974744516045E-05 2.5160092429864E-05 4.9144914 5.8689986232352E-09 -8.09630681792939E-09 0.1640164 9.99953289295866E-17 1.25726583122846E-16
4.55939704512179E-05 2.5168441368295E-05 5.0785078 -3.50400038661292E-09 8.34893843099849E-09 0.1640164 8.19827916339869E-17 8.62918909343184E-18
4.55975426442716E-05 2.51597117835436E-05 5.2425242 3.5721930537207E-09 -8.7295847513964E-09 0.1640164 8.8966213144863E-17 1.3380093682044E-16
4.55932265598932E-05 2.51674174174174E-05 5.4055405 -4.31608437838804E-09 7.70563387385792E-09 0.1630163 7.80053777593119E-17 8.00027296947747E-18
4.56053098508247E-05 2.51648320956825E-05 5.5695569 1.20832909315141E-08 -2.58532173495851E-09 0.1640164 1.52689808208859E-16 2.20143054324092E-16
4.56320424774259E-05 2.51555227012591E-05 5.7335733 2.67326266011807E-08 -9.30939442339707E-09 0.1640164 8.0129814952853E-16 1.86120191087382E-15
4.56097397370539E-05 2.51604675342098E-05 5.8975897 -2.23027403719911E-08 4.94483295075909E-09 0.1640164 5.21863601011354E-16 4.2361535848223E-16
4.56260040800714E-05 2.5147408517149E-05 6.0616061 1.62643430174754E-08 -1.30590170607725E-08 0.1640164 4.35066780383647E-16 1.6948881257002E-15
4.56236256670739E-05 2.51477206969716E-05 6.2246224 -2.37841299752972E-09 3.12179822596903E-10 0.1630163 5.75430462845495E-18 1.52130058674521E-15
4.56183909869883E-05 2.51389876229768E-05 6.3886388 -5.23468008561423E-09 -8.73307399481504E-09 0.1640164 1.03668456997641E-16 1.66356437023911E-15
4.56209672141875E-05 2.51582357175577E-05 6.5526552 2.57622719929174E-09 1.92480945809201E-08 0.1640164 3.77126091578418E-16 1.01105184526702E-15
4.56210697914649E-05 2.51530440958099E-05 6.7166716 1.02577277360183E-10 -5.19162174782295E-09 0.1640164 2.69634584702988E-17 1.15979142719227E-15
4.56076584332163E-05 2.51653698430568E-05 6.880688 -1.34113582485682E-08 1.23257472468232E-08 0.1640164 3.31788575264009E-16 2.87406808806122E-16
4.56131512767604E-05 2.51661561774568E-05 7.0437043 5.49284354404023E-09 7.86334400043387E-10 0.163016300000001 3.0789651987996E-17 4.9286505071724E-16
4.55952808988764E-05 2.51637560192616E-05 7.2077207 -1.78703778839804E-08 -2.40015819515804E-09 0.1640164 3.2511116507804E-16 4.83511061993334E-17
4.56198700630387E-05 2.51545252798147E-05 7.3717371 2.45891641623217E-08 -9.23073944689534E-09 0.1640164 6.89833544938076E-16 1.04333888443181E-15
4.56109988452656E-05 2.51540608160123E-05 7.5357535 -8.87121777313382E-09 -4.64463802423154E-10 0.1640164 7.89142314021268E-17 6.27111313530152E-16
4.55998679867987E-05 2.51678712871287E-05 7.6997699 -1.11308584669132E-08 1.38104711163933E-08 0.1640164 3.14625122667188E-16 7.76504351806878E-17
4.56001050627093E-05 2.51591700045965E-05 7.8627862 2.37075910625606E-10 -8.70128253221836E-09 0.1630163 7.57685226928873E-17 1.8371160723153E-16
4.56096644078735E-05 2.51568409164247E-05 8.0268026 9.55934516420598E-09 -2.32908817184097E-09 0.1640164 9.68057316806377E-17 4.98589009607605E-16
4.55956356478653E-05 2.5166310323763E-05 8.190819 -1.40287600081734E-08 9.46940733832946E-09 0.1640164 2.86475782706134E-16 2.91998816787165E-17
4.55942515171949E-05 2.51686952124073E-05 8.3548354 -1.38413067045917E-09 2.38488864430053E-09 0.1640164 7.60351155861938E-18 9.86400624883135E-18
4.56199031600408E-05 2.51857161060143E-05 8.5178517 2.56516428459008E-08 1.70208936069898E-08 0.163016300000001 9.4771759987412E-16 1.09173010705557E-15
4.56407386327705E-05 2.52029342945678E-05 8.6818681 2.08354727297291E-08 1.7218188553489E-08 0.1640164 7.30582940934784E-16 3.58172499087289E-15
4.56197944385311E-05 2.5178951569984E-05 8.8458845 -2.09441942393767E-08 -2.39827245837283E-08 0.164016400000001 1.0138303507957E-15 9.1018206776896E-16
4.56091403417918E-05 2.51514759192128E-05 9.0099009 -1.06540967393158E-08 -2.74756507711906E-08 0.1640164 8.68421162631129E-16 6.42773515519182E-16
4.56019726476334E-05 2.51405117539547E-05 9.1739173 -7.16769415836183E-09 -1.09641652580947E-08 0.1640164 1.71588759354626E-16 9.49476792395251E-16
4.55979753806284E-05 2.51405571752511E-05 9.3369336 -3.99726700501191E-09 4.54212963063583E-11 0.163016300000001 1.5980206603515E-17 8.76595605320746E-16
4.55925134892086E-05 2.51216437564234E-05 9.50095 -5.46189141980591E-09 -1.89134188276228E-08 0.1640164 3.87549669630825E-16 2.28007561247421E-15
4.56031602782883E-05 2.51365351798372E-05 9.6649664 1.06467890796296E-08 1.48914234137969E-08 0.1640164 3.35108608995098E-16 1.22188004192503E-15
4.55955527277473E-05 2.51415753067084E-05 9.8289828 -7.6075505409392E-09 5.04012687120436E-09 0.164016400000001 8.32777041107806E-17 7.91920191975754E-16
4.55946309584828E-05 2.51316792670425E-05 9.9929992 -9.21769264493832E-10 -9.89603966588959E-09 0.1640164 9.87812596458256E-17 1.43287208226964E-15
4.55986254967103E-05 2.51491108071135E-05 10.1560155 3.99453822748086E-09 1.74315400710015E-08 0.163016299999999 3.19814924897735E-16 4.66010169755974E-16
4.5596286151102E-05 2.51350809020257E-05 10.3200319 -2.33934560826299E-09 -1.40299050878099E-08 0.164016400000001 2.02310774647853E-16 1.20213202257508E-15
4.56060723015567E-05 2.51479641065226E-05 10.4840483 9.78615045462305E-09 1.28832044968448E-08 0.1640164 2.6174569882804E-16 6.80065383607277E-16
4.56097544965209E-05 2.51490908494158E-05 10.6480647 3.68219496427002E-09 1.12674289320225E-09 0.1640164 1.48281093022773E-17 7.56276650505429E-16
4.55966488906445E-05 2.51545526367766E-05 10.8120811 -1.31056058763974E-08 5.46178736083291E-09 0.164016400000001 2.01588026562417E-16 2.49565069657722E-16
4.55760475767311E-05 2.5171782076697E-05 10.9750974 -2.06013139133958E-08 1.72294399203565E-08 0.163016299999999 7.21267734927451E-16 2.34944458834125E-16
4.55889217086471E-05 2.51502694105427E-05 11.1391138 1.28741319159573E-08 -2.15126661542548E-08 0.1640164 6.28538077653893E-16 3.70163701915313E-16
4.55691720393621E-05 2.51678147268409E-05 11.3031302 -1.97496692850407E-08 1.75453162981398E-08 0.164016400000001 6.97887560870252E-16 4.87022017098418E-16
4.55764078186291E-05 2.51602453294329E-05 11.4671466 7.23577926701324E-09 -7.56939740797336E-09 0.1640164 1.09652278720772E-16 3.01734257430172E-16
4.55922925035746E-05 2.51621331790018E-05 11.631163 1.58846849455116E-08 1.8878495689556E-09 0.1640164 2.5588719181317E-16 5.36758194202884E-17
4.55987974810746E-05 2.51530950626382E-05 11.7941793 6.50497749997214E-09 -9.03811636366569E-09 0.163016300000001 1.24002279678305E-16 3.2299442540639E-16
4.56059525374704E-05 2.51505883513016E-05 11.9581957 7.15505639585245E-09 -2.50671133656866E-09 0.1640164 5.74784337527109E-17 5.71023491760253E-16
4.55913661348706E-05 2.5163426732806E-05 12.1222121 -1.45864025997895E-08 1.28383815044018E-08 0.1640164 3.77587180455711E-16 3.54195561021104E-17
4.55614816612355E-05 2.51749462663801E-05 12.2862285 -2.98844736351001E-08 1.15195335740808E-08 0.164016400000001 1.02578141821136E-15 9.13344011031347E-16
4.55621355179117E-05 2.51753332407665E-05 12.4492448 6.53856676166242E-10 3.86974386366035E-10 0.163016299999999 5.77277728670535E-19 8.79388916101888E-16
4.55974966622163E-05 2.51551234979973E-05 12.6132612 3.53611443045949E-08 -2.02097427691221E-08 0.164016400000001 1.65884422932447E-15 2.42949817977476E-16
4.55706382706575E-05 2.51553946022E-05 12.7772776 -2.68583915588323E-08 2.71104202720807E-10 0.1640164 7.21446694616287E-16 6.17646110967682E-16
4.55929508635694E-05 2.51654003213282E-05 12.941294 2.23125929119661E-08 1.0005719128106E-08 0.1640164 5.97966217725665E-16 1.89184127418414E-17
4.55951028502286E-05 2.5156678542619E-05 13.1053104 2.15198665913618E-09 -8.72177870917312E-09 0.1640164 8.07004704328857E-17 1.76557423911165E-16
4.55663482618227E-05 2.51569840275603E-05 13.2683267 -2.87545884058176E-08 3.05484941304002E-10 0.163016300000001 8.26919675437342E-16 7.70428011442137E-16
4.55194587715185E-05 2.51766695692947E-05 13.4323431 -4.6889490304217E-08 1.9685541734372E-08 0.1640164 2.58614485436496E-15 5.19790801265188E-15
4.55912592543187E-05 2.51565897418795E-05 13.5963595 7.18004828001568E-08 -2.00798274151168E-08 0.164016400000001 5.55850879935649E-15 1.63479018947574E-16
4.55633340038892E-05 2.5159508482532E-05 13.7603759 -2.79252504294547E-08 2.91874065247555E-09 0.1640164 7.88338658544174E-16 8.73054448264459E-16
4.55934695089757E-05 2.51564479936642E-05 13.9243923 3.01355050864913E-08 -3.06048886781696E-09 0.1640164 9.17515258927976E-16 1.72335684803229E-16
4.55599821393134E-05 2.51571575047959E-05 14.0874086 -3.34873696623603E-08 7.09511131724128E-10 0.163016300000001 1.12190733294961E-15 1.12291838332937E-15
4.55910960721868E-05 2.51657875530786E-05 14.251425 3.11139328734811E-08 8.63004828262959E-09 0.1640164 1.042554552216E-15 1.28807594035736E-17
4.55835390671916E-05 2.51608894375125E-05 14.4154414 -7.55700499527023E-09 -4.8981155660428E-09 0.1640164 8.10998605968501E-17 1.30477677477799E-16
4.55704900320647E-05 2.51890945211209E-05 14.5794578 -1.30490351268762E-08 2.82050836083592E-08 0.164016400000001 9.65804059096979E-16 8.17139528520589E-16
4.55972222222222E-05 2.51621906266456E-05 14.7434742 2.67321901575315E-08 -2.6903894475268E-08 0.1640164 1.43842952855478E-15 8.80649658012023E-17
4.55457307668579E-05 2.51435930655808E-05 14.9064905 -5.14914553642996E-08 -1.85975610647553E-08 0.163016299999999 2.99723925309096E-15 2.73084976045137E-15
92
4.8414273946811E-05 3.02983643210167E-05 0 0 0 0 0 0
4.82679344465059E-05 3.03262729334158E-05 0.1640164 -1.46339500305139E-07 2.79086123990808E-08 0.1640164 2.21941399955999E-14 2.21941399955999E-14
4.83863907442748E-05 3.0284947519084E-05 0.3280328 1.1845629776893E-07 -4.13254143318191E-08 0.1640164 1.57396843508178E-14 9.57483557777596E-16
4.82706043956044E-05 3.03261090761091E-05 0.4920492 -1.15786348670412E-07 4.11615570251058E-08 0.1640164 1.51007523151572E-14 2.14107113790473E-14
4.82958807101536E-05 3.0337223219629E-05 0.6550655 2.52763145492096E-08 1.11141435198867E-08 0.1630163 7.62416263371227E-16 1.55269724875752E-14
4.8646214511041E-05 3.02985015772871E-05 0.8190819 3.50333800887405E-07 -3.87216423418977E-08 0.1640164 1.2423313762987E-13 5.37964441746118E-14
4.86412288647343E-05 3.03174064009662E-05 0.9830983 -4.98564630670728E-09 1.89048236791187E-08 0.1640164 3.82249027434152E-16 5.18711355783681E-14
4.85278285863601E-05 3.02852756728508E-05 1.1471147 -1.13400278374229E-07 -3.21307281153871E-08 0.1640164 1.38920068245775E-14 1.30659688739275E-14
4.86492175273865E-05 3.02983568075117E-05 1.3111311 1.21388941026467E-07 1.30811346609399E-08 0.1640164 1.49063910875447E-14 5.51984861101009E-14
4.84494203849519E-05 3.0323709536308E-05 1.4741474 -1.99797142434662E-07 2.5352728796225E-08 0.1630163 4.05616589824714E-14 1.87765205214949E-15
4.84300629958003E-05 3.02982384507699E-05 1.6381638 -1.9357389151601E-08 -2.54710855380154E-08 0.1640164 1.02348471325142E-15 2.49309911304343E-16
4.84288852913968E-05 3.02970629047179E-05 1.8021802 -1.17770440342468E-09 -1.17554605209236E-09 0.1640164 2.76889618243582E-18 2.1518507498901E-16
4.84135272086363E-05 3.03240801938753E-05 1.9661966 -1.53580827605921E-08 2.70172891574489E-08 0.1640164 9.65804619498406E-16 6.61863734781019E-16
4.8272226173542E-05 3.04209637268848E-05 2.1292129 -1.41301035094294E-07 9.68835330094748E-08 0.1630163 2.93524014871169E-14 3.52081842098986E-14
4.84255952380952E-05 3.03851731601732E-05 2.2932293 1.53369064553274E-07 -3.57905667116185E-08 0.1640164 2.48030346274853E-14 7.66394619203279E-15
4.84449324324324E-05 3.03129504504505E-05 2.4572457 1.93371943371901E-08 -7.22227097227091E-08 0.1640164 5.59004688452495E-15 1.15269791245642E-15
4.84311926605505E-05 3.0360930857015E-05 2.6212621 -1.37397718819727E-08 4.79804065645411E-08 0.1640164 2.4909007454673E-15 4.20081430142161E-15
4.84707061706393E-05 3.0378202272221E-05 2.7852785 3.95135100888808E-08 1.72714152059932E-08 0.1640164 1.8596192627619E-15 9.55869433870636E-15
4.84257350133639E-05 3.04356147384498E-05 2.9492949 -4.49711572754623E-08 5.74124662288042E-08 0.1640164 5.31859626516795E-15 1.89690331320838E-14
4.84853337828726E-05 3.03332209485278E-05 3.1123112 5.95987695086819E-08 -1.02393789922029E-07 0.1630163 1.40365015415457E-14 6.26448478253758E-15
4.84512144915603E-05 3.03949156031289E-05 3.2763276 -3.41192913122441E-08 6.16946546010979E-08 0.1640164 4.97035644599855E-15 1.06867539238747E-14
4.83982802013423E-05 3.03611577181208E-05 3.440344 -5.29342902180332E-08 -3.3757885008054E-08 0.1640164 3.94163388110396E-15 4.19881061399116E-15
4.84233668341709E-05 3.02918341708543E-05 3.6043604 2.50866328285753E-08 -6.93235472665314E-08 0.1640164 5.43509335229077E-15 1.25323461682739E-16
4.83928128872367E-05 3.02863073110285E-05 3.7683768 -3.05539469341767E-08 -5.52685982577117E-09 0.1640164 9.64089852790208E-16 6.05948567908912E-16
4.84560827864715E-05 3.02828748107017E-05 3.9313931 6.32698992347969E-08 -3.43250032683429E-09 0.1630163 4.01486220767507E-15 1.987904003554E-15
4.84202636490901E-05 3.0298821745217E-05 4.0954095 -3.58191373814165E-08 1.59469345153198E-08 0.1640164 1.53731532318469E-15 3.60857702905983E-17
4.84596269404106E-05 3.02830495743615E-05 4.2594259 3.9363291320555E-08 -1.57721708554455E-08 0.1640164 1.79823007708025E-15 2.29143549355736E-15
4.86435643564356E-05 3.02975711633663E-05 4.4234423 1.83937416025032E-07 1.45215890047936E-08 0.1640164 3.40438495611897E-14 5.25747210448898E-14
4.84193268563498E-05 3.02971316215591E-05 4.5864586 -2.24237500085891E-07 -4.39541807232047E-10 0.1630163 5.02826496417704E-14 2.70514427594766E-17
4.84168119551681E-05 3.026600249066E-05 4.750475 -2.51490118163389E-09 -3.11291308990782E-08 0.1640164 9.75347518485329E-16 1.05372955045558E-15
4.84214953271028E-05 3.0298714953271E-05 4.9144914 4.68337193468216E-09 3.2712462611002E-08 0.1640164 1.09203918275477E-15 5.22712762964012E-17
4.84852756892231E-05 3.02736842105263E-05 5.0785078 6.37803621202551E-08 -2.50307427447112E-08 0.1640164 4.69447267454278E-15 5.65035527936425E-15
4.84222767648434E-05 3.02964586255259E-05 5.2425242 -6.29989243796771E-08 2.27744149996312E-08 0.1640164 4.4875384515717E-15 6.76767717626845E-17
4.84936724263811E-05 3.0322280360185E-05 5.4055405 7.13956615377356E-08 2.58217346590115E-08 0.1630163 5.76410246721129E-15 6.87609548754114E-15
4.84281877627277E-05 3.02969990658571E-05 5.5695569 -6.54846636534216E-08 -2.52812943278826E-08 0.1640164 4.92738501669479E-15 1.95458195014178E-16
4.84350107321727E-05 3.03226806582399E-05 5.7335733 6.82296944497551E-09 2.56815923828491E-08 0.1640164 7.0609709936588E-16 1.02129852308852E-15
4.84767456516259E-05 3.03058356440635E-05 5.8975897 4.17349194532406E-08 -1.68450141764005E-08 0.1640164 2.02555800437161E-15 3.95853457054944E-15
4.84893406337372E-05 3.03183247903075E-05 6.0616061 1.25949821112741E-08 1.24891462440253E-08 0.1640164 3.14612348287965E-16 6.0334278203823E-15
4.85598121601582E-05 3.02983811171527E-05 6.2246224 7.04715264209952E-08 -1.99436731548062E-08 0.1630163 5.36398613501076E-15 2.11813718263954E-14
4.84695744151319E-05 3.03087979094077E-05 6.3886388 -9.02377450262719E-08 1.04167922549223E-08 0.1640164 8.25136018830867E-15 3.1670015632221E-15
4.84665103415103E-05 3.03074795574796E-05 6.5526552 -3.06407362156591E-09 -1.31835192810925E-09 0.1640164 1.11265989647254E-17 2.81172846695761E-15
4.83912157573013E-05 3.03095992755264E-05 6.7166716 -7.52945842090043E-08 2.1197180468171E-09 0.1640164 5.67376761580483E-15 6.57904306298365E-16
4.84712765957447E-05 3.03114518147685E-05 6.880688 8.00608384433445E-08 1.85253924208695E-09 0.1640164 6.41316975389479E-15 3.42058447815717E-15
4.83996432212029E-05 3.03734454638124E-05 7.0437043 -7.16333745418325E-08 6.1993649043977E-08 0.163016300000001 8.97455287003824E-15 5.8512361353339E-15
4.84012140094542E-05 3.03733884830254E-05 7.2077207 1.57078825138512E-09 -5.69807870824945E-11 0.1640164 2.47062254078608E-18 5.79918684886249E-15
4.84674372082685E-05 3.03746943765281E-05 7.3717371 6.62231988142707E-08 1.30589350276367E-09 0.1640164 4.38721741903499E-15 8.65260974317244E-15
4.84931656328969E-05 3.03196071674707E-05 7.5357535 2.57284246283476E-08 -5.50872090574082E-08 0.1640164 3.69655243559115E-15 6.67515665893488E-15
4.85008990649724E-05 3.03221050107888E-05 7.6997699 7.73343207557531E-09 2.49784331806779E-09 0.1640164 6.6045192909153E-17 8.06753144733266E-15
4.85199468085106E-05 3.03046421663443E-05 7.8627862 1.90477435382093E-08 -1.74628444444842E-08 0.1630163 6.67767469989645E-16 1.12061650417449E-14
4.84236547085202E-05 3.03267937219731E-05 8.0268026 -9.62920999904568E-08 2.2151555628799E-08 0.1640164 9.76285993734792E-15 8.96229528983004E-16
4.86756550883608E-05 3.03188604509445E-05 8.190819 2.52000379840574E-07 -7.93327102854846E-09 0.1640164 6.35671282290059E-14 6.87401924998644E-14
4.83773692623887E-05 3.03122288193652E-05 8.3548354 -2.9828582597208E-07 -6.63163157939195E-09 0.1640164 8.90184125132508E-14 1.55418004676642E-15
4.84837864395676E-05 3.04217163445791E-05 8.5178517 1.06417177178962E-07 1.0948752521395E-07 0.163016300000001 2.33121337762139E-14 2.00477083661768E-14
4.83977381636956E-05 3.04308031435691E-05 8.6818681 -8.60482758720238E-08 9.08679898999765E-09 0.1640164 7.48687569643253E-15 1.78134738423033E-14
4.8442807424594E-05 3.03622969837587E-05 8.8458845 4.50692608983516E-08 -6.85061598104006E-08 0.164016400000001 6.72433220989184E-15 4.90154471967123E-15
4.86828799526907E-05 3.03102454169131E-05 9.0099009 2.40072528096753E-07 -5.20515668456305E-08 0.1640164 6.03441843578516E-14 7.22903468343461E-14
4.84270680372002E-05 3.02683553597651E-05 9.1739173 -2.55811915490526E-07 -4.18900571480165E-08 0.1640164 6.71945129947959E-14 1.06422650428989E-15
4.8646391427671E-05 3.0293255594075E-05 9.3369336 2.19323390470784E-07 2.49002343099534E-08 0.163016300000001 4.87227712762905E-14 5.39046240117398E-14
4.86499058675871E-05 3.02933009099467E-05 9.50095 3.51443991609557E-09 4.53158716524626E-11 0.1640164 1.23533414520695E-17 5.55480402202787E-14
4.86437400950872E-05 3.02935023771791E-05 9.6649664 -6.16577249991224E-09 2.01467232422203E-10 0.1640164 3.80573395664139E-17 5.26783517025703E-14
4.86611405835544E-05 3.02747015915119E-05 9.8289828 1.74004884672172E-08 -1.88007856671462E-08 0.164016400000001 6.56246540599727E-16 6.15030611045955E-14
4.86408108954289E-05 3.02966499686913E-05 9.9929992 -2.03296881254502E-08 2.19483771793598E-08 0.1640164 8.95027480085515E-16 5.13219280930104E-14
4.86405713393693E-05 3.02940212300968E-05 10.1560155 -2.39556059582924E-10 -2.62873859450963E-09 0.163016299999999 6.96765370394735E-18 5.12293723174375E-14
4.86492805755396E-05 3.02945730372224E-05 10.3200319 8.70923617022612E-09 5.51807125610537E-10 0.164016400000001 7.61552857726495E-17 5.52424893791703E-14
4.86766975308642E-05 3.02340768799102E-05 10.4840483 2.74169553246253E-08 -6.04961573121834E-08 0.1640164 4.41147448881294E-15 7.29990125513383E-14
4.86540317559153E-05 3.0294598381071E-05 10.6480647 -2.26657749488766E-08 6.05215011607711E-08 0.1640164 4.17658945678634E-15 5.74979893301709E-14
4.86465730163631E-05 3.02932232170423E-05 10.8120811 -7.45873955224141E-09 -1.37516402868698E-09 0.164016400000001 5.7523871813965E-17 5.39892886648299E-14
4.86459122474747E-05 3.02948232323232E-05 10.9750974 -6.60768888330665E-10 1.60001528093545E-09 0.163016299999999 2.9966644230127E-18 5.36688416435167E-14
4.86502618607517E-05 3.02964417744917E-05 11.1391138 4.34961327695049E-09 1.61854216845114E-09 0.1640164 2.15388144100785E-17 5.5693991711216E-14
4.86424391015501E-05 3.02989560265739E-05 11.3031302 -7.82275920155229E-09 2.51425208218592E-09 0.164016400000001 6.75170250582472E-17 5.20596879525978E-14
4.85422596754057E-05 3.03010611735331E-05 11.4671466 -1.001794261444E-07 2.10514695921304E-09 0.1640164 1.00403490663413E-14 1.6387619737419E-14
4.86512444160817E-05 3.02953892788768E-05 11.631163 1.08984740675936E-07 -5.67189465624551E-09 0.1640164 1.19098440891926E-14 5.61638541820938E-14
4.84771756021756E-05 3.03204156954157E-05 11.7941793 -1.74068813906082E-07 2.50264165388607E-08 0.163016300000001 3.09262734994468E-14 4.44288136048923E-15
4.86323325954621E-05 3.03810182623132E-05 11.9581957 1.55156993286489E-07 6.06025668975292E-08 0.1640164 2.77463636802732E-14 5.43812482633803E-14
4.86499843112645E-05 3.02938500156887E-05 12.1222121 1.76517158024225E-08 -8.71682466244898E-08 0.1640164 7.90988629035738E-15 5.5579754863394E-14
4.86976725521669E-05 3.03141252006421E-05 12.2862285 4.76882409024242E-08 2.02751849533165E-08 0.164016400000001 2.68525144525883E-15 8.05631748442451E-14
4.86416028097063E-05 3.02944604086845E-05 12.4492448 -5.60697424606786E-08 -1.96647919575064E-08 0.163016299999999 3.53052006233884E-15 5.16936524367407E-14
4.84847817764165E-05 3.03199655436447E-05 12.6132612 -1.56821033289717E-07 2.550513496017E-08 0.164016400000001 2.52433483913909E-14 5.43796685470645E-15
4.86649206824304E-05 3.03164471715055E-05 12.7772776 1.80138906013873E-07 -3.5183721391796E-09 0.1640164 3.24624044023848E-14 6.31507755584617E-14
4.85173447148565E-05 3.03033054849255E-05 12.941294 -1.47575967573893E-07 -1.31416865800027E-08 0.1640164 2.19513701315377E-14 1.06479983262642E-14
4.8324556299098E-05 3.02593104451557E-05 13.1053104 -1.92788415758471E-07 -4.39950397698752E-08 0.1640164 3.91029367750141E-14 9.57446153091824E-15
4.83522913256956E-05 3.02734588106929E-05 13.2683267 2.77350265975329E-08 1.41483655371957E-08 0.163016300000001 9.69407947739964E-16 4.46212976483099E-15
4.8493253968254E-05 3.03202380952381E-05 13.4323431 1.40962642558385E-07 4.67792845452415E-08 0.1640164 2.20587680596077E-14 6.71630578581735E-15
4.83219762731481E-05 3.02595486111111E-05 13.5963595 -1.71277695105822E-07 -6.06894841269856E-08 0.164016400000001 3.30192623243625E-14 1.00255198990532E-14
4.86163434903047E-05 3.02908587257618E-05 13.7603759 2.94367217156562E-07 3.13101146506618E-08 0.1640164 8.76323818159363E-14 4.08884343678802E-14
4.86443283582089E-05 3.0314552238806E-05 13.9243923 2.79848679042445E-08 2.36935130441971E-08 0.1640164 1.34453539199355E-15 5.31870808860031E-14
4.86644345238095E-05 3.03129464285714E-05 14.0874086 2.01061656005734E-08 -1.60581023454043E-09 0.163016300000001 4.06836521667037E-16 6.27929521449651E-14
4.86576898118105E-05 3.02992375081116E-05 14.251425 -6.74471199901205E-09 -1.37089204598126E-08 0.1640164 2.33425640123087E-16 5.92520457891568E-14
4.84919193934557E-05 3.03243216280926E-05 14.4154414 -1.65770418354811E-07 2.50841199809599E-08 0.1640164 2.81090446767481E-14 6.70259717528392E-15
4.82620344342937E-05 3.02218025298665E-05 14.5794578 -2.29884959161957E-07 -1.02519098226097E-07 0.164016400000001 6.33572599499868E-14 2.90385770356272E-14
4.84988619119879E-05 3.02811077389985E-05 14.7434742 2.36827477694113E-07 5.93052091320025E-08 0.1640164 5.96043620211464E-14 7.45291347571081E-15
4.85436507936508E-05 3.03442662779397E-05 14.9064905 4.47888816629316E-08 6.31585389412663E-08 0.163016299999999 5.99504496181155E-15 1.88453581475674E-14
92
0.000109121739130435 1.43166879795396E-05 0 0 0 0 0 0
0.000109121879775853 1.43180081507896E-05 0.1640164 1.40645418511554E-10 1.32017124996509E-09 0.1640164 1.76263326298267E-18 1.76263326298267E-18
0.000109122006554071 1.43191958658936E-05 0.3280328 1.26778217804713E-10 1.18771510401494E-09 0.1640164 1.42673988481496E-18 6.36100936573985E-18
0.000109123398643557 1.43192037176589E-05 0.4920492 1.3920894858046E-09 7.85176525752718E-12 0.1640164 1.93797478670539E-18 9.08292208707626E-18
0.000109121119178768 1.43171006509765E-05 0.6550655 -2.2794647887423E-09 -2.10306668241422E-09 0.1630163 9.61884919379676E-18 5.54637783716524E-19
0.000109125891492613 1.43169893020886E-05 0.8190819 4.77231384519428E-09 -1.11348887825713E-10 0.1640164 2.2787378011853E-17 1.73329069405766E-17
0.000109125479417029 1.43183968294554E-05 0.9830983 -4.12075584449667E-10 1.40752736674266E-09 0.1640164 2.15093957542905E-18 1.69099118407031E-17
0.000109128625064733 1.43179052304505E-05 1.1471147 3.14564770440029E-09 -4.91599004838861E-10 0.1640164 1.01367690617574E-17 4.88977909436722E-17
0.000109129894384338 1.43185213807316E-05 1.3111311 1.26931960467402E-09 6.1615028103823E-10 0.1640164 1.99081342763331E-18 6.98695261562236E-17
0.00010912834906864 1.43194054605767E-05 1.4741474 -1.54531569801009E-09 8.84079845095087E-10 0.1630163 3.16959777901975E-18 5.10759862630394E-17
0.000109127058672156 1.43194158517756E-05 1.6381638 -1.2903964834976E-09 1.03911989270955E-11 0.1640164 1.66523106163812E-18 3.57388110645299E-17
0.000109124270859751 1.43193634288613E-05 1.8021802 -2.78781240500336E-09 -5.24229143312738E-11 0.1640164 7.77464616743763E-18 1.3567682405583E-17
0.000109125992317542 1.43186299615877E-05 1.9661966 1.72145779015409E-09 -7.33467273564159E-10 0.1640164 3.50139116467185E-18 2.18608948408066E-17
0.000109105813953488 1.43236230110159E-05 2.1292129 -2.01783640532511E-08 4.99304942820267E-09 0.1630163 4.32096918458012E-16 3.0170592235133E-16
0.000109108875883931 1.43243721043648E-05 2.2932293 3.06193044238512E-09 7.49093348877849E-10 0.1640164 9.93655887933776E-18 2.24508884951763E-16
0.000109128814852492 1.43205747711088E-05 2.4572457 1.99389685616183E-08 -3.7973332559389E-09 0.1640164 4.11982207157861E-16 6.51729913387714E-17
0.000109116642874138 1.43322031881989E-05 2.6212621 -1.21719783548428E-08 1.16284170900549E-08 0.1640164 2.83377141091044E-16 2.66693527987728E-16
0.000109108225646123 1.4326416500994E-05 2.7852785 -8.4172280142667E-09 -5.78668720486952E-09 0.1640164 1.04335476251157E-16 2.77258387926203E-16
0.000109114306604923 1.4326894954911E-05 2.9492949 6.08095879996995E-09 4.78453917004629E-10 0.1640164 3.7206978077629E-17 1.5942478171212E-16
0.000109115488795863 1.432793646885E-05 3.1123112 1.18219093985772E-09 1.04151393899699E-09 0.1630163 2.48232670340669E-18 1.65595194024123E-16
0.000109111152788197 1.43263940985246E-05 3.2763276 -4.33600766604059E-09 -1.54237032540649E-09 0.1640164 2.11798687006573E-17 2.06279387725094E-16
0.000109128872524124 1.4320467242255E-05 3.440344 1.77197359268746E-08 -5.9268562696797E-09 0.1640164 3.49116666559612E-16 6.51681321956556E-17
0.000109128637059724 1.43203164880041E-05 3.6043604 -2.35464399565899E-10 -1.50754250867635E-10 0.1640164 7.81703276175912E-20 6.07475021605531E-17
0.000109126334519573 1.43198398576512E-05 3.7683768 -2.30254015140474E-09 -4.76630352837404E-10 0.1640164 5.52886764207688E-18 3.10519369616569E-17
0.000109102194606029 1.43305790586991E-05 3.9313931 -2.41399135443885E-08 1.07392010478549E-08 0.1630163 6.98065865076798E-16 5.7495051447945E-16
0.000109125 1.43177860696517E-05 4.0954095 2.28053939714385E-08 -1.27929890473588E-08 0.1640164 6.83746562958368E-16 1.18390722156976E-17
0.000109126107314604 1.43185269552012E-05 4.2594259 1.10731460389957E-09 7.40885549472381E-10 0.1640164 1.77505702942625E-18 2.24628644192394E-17
0.00010912616999747 1.4316721477359E-05 4.4234423 6.26828663712331E-11 -1.80547784224672E-09 0.1640164 3.26367938058037E-18 1.96337047901368E-17
0.000109122641509434 1.43157232704403E-05 4.5864586 -3.52848803630934E-09 -9.98206918715994E-10 0.1630163 1.34466448749506E-17 1.74495150461835E-18
0.000109107346030176 1.43245115013604E-05 4.750475 -1.52954792583557E-08 8.78823092012482E-09 0.1640164 3.11184688448228E-16 2.68368828750024E-16
0.000109124812593703 1.4318215892054E-05 4.9144914 1.74665635275488E-08 -6.29560930640416E-09 0.1640164 3.44715538000782E-16 1.17806931135208E-17
0.000109127619288059 1.43195531431457E-05 5.0785078 2.8066943554137E-09 1.33725109169802E-09 0.1640164 9.66577368695866E-18 4.27854161699543E-17
0.000109130166330645 1.43175403225806E-05 5.2425242 2.54704258659899E-09 -2.0128205650245E-09 0.1640164 1.05388725649344E-17 7.1744192045571E-17
0.000109124936386768 1.43194020356234E-05 5.4055405 -5.22994387671361E-09 1.86171304276428E-09 0.1630163 3.08182884071728E-17 1.75885484890817E-17
0.000109130979498861 1.43194128068843E-05 5.5695569 6.04311209259834E-09 1.07712609231925E-11 0.1640164 3.65193197837701E-17 9.28090927117004E-17
0.000109131642206478 1.43188259109312E-05 5.7335733 6.62707616683633E-10 -5.86895953158972E-10 0.1640164 7.8362824504488E-19 1.02641665747546E-16
0.000109135422027792 1.43203808543489E-05 5.8975897 3.77982131433896E-09 1.55494341777107E-09 0.1640164 1.67048982008007E-17 2.00859004447563E-16
0.000109140495348252 1.43190218757858E-05 6.0616061 5.073320460383E-09 -1.3589785631769E-09 0.1640164 2.75854032289152E-17 3.5724277851201E-16
0.000109137414274829 1.43187706375413E-05 6.2246224 -3.08107342391395E-09 -2.51238244493024E-10 0.1630163 9.55613409904476E-18 2.50047616117242E-16
0.000109139477668433 1.43210951299521E-05 6.3886388 2.06339360445895E-09 2.32449241078037E-09 0.1640164 9.66085813469762E-18 3.34078705072177E-16
0.000109130811713332 1.4319483688672E-05 6.5526552 -8.66595510137813E-09 -1.61144128008139E-09 0.1640164 7.7695520818252E-17 9.01277499727988E-17
0.00010913215661104 1.43192554557125E-05 6.7166716 1.34489770816515E-09 -2.2823295952179E-10 0.1640164 1.86084012923995E-18 1.15115836053791E-16
0.000109220888520971 1.43347130242826E-05 6.880688 8.87319099315107E-08 1.54575685701079E-08 0.1640164 8.11228826619332E-15 1.01555038817485E-14
0.000109127590176516 1.43210539779995E-05 7.0437043 -9.32983444555617E-08 -1.36590462830721E-08 0.163016300000001 8.89115062351175E-15 5.32966827929314E-17
0.000109130076142132 1.43201776649746E-05 7.2077207 2.48596561624481E-09 -8.76313024869901E-10 0.1640164 6.94794956270808E-18 8.16836684744643E-17
0.000109134243964422 1.4321791613723E-05 7.3717371 4.16782228987245E-09 1.61394874838017E-09 0.1640164 1.99755732023555E-17 1.8241795492196E-16
0.000109136535076691 1.43202791048529E-05 7.5357535 2.29111226911982E-09 -1.51250887009446E-09 0.1640164 7.53687851182581E-18 2.31816206631909E-16
0.000109130170007612 1.43192717584369E-05 7.6997699 -6.36506907869716E-09 -1.00734641595857E-09 0.1640164 4.15288511783313E-17 7.77556033722886E-17
0.000109128281927097 1.43184425184808E-05 7.8627862 -1.8880805156698E-09 -8.2923995619133E-10 0.1630163 4.25248693859613E-18 4.58865950539721E-17
0.000109129484588176 1.43185320869126E-05 8.0268026 1.20266107923328E-09 8.95684318269474E-11 0.1640164 1.4544161754825E-18 6.33928476215721E-17
0.000109198835516739 1.4346943231441E-05 8.190819 6.93509285636082E-08 2.84111445284658E-08 0.1640164 5.61674442605207E-15 6.85923304885708E-15
0.000109129861821904 1.43199206755374E-05 8.3548354 -6.89736948356625E-08 -2.70225559036881E-08 0.1640164 5.48758910685104E-15 7.64284401144155E-17
0.00010912876729249 1.43254076086957E-05 8.5178517 -1.09452941366328E-09 5.48693315829318E-09 0.163016300000001 3.13044301209513E-17 1.25426994494585E-16
0.000109134899163797 1.43255656665027E-05 8.6818681 6.13187130721826E-09 1.58057807052359E-10 0.1640164 3.76248279986568E-17 2.51999803918005E-16
0.000109126895854398 1.43185035389282E-05 8.8458845 -8.00330939895844E-09 -7.06212757449443E-09 0.164016400000001 1.13926607213891E-16 2.98880579302723E-17
0.000109132012578616 1.43169182389937E-05 9.0099009 5.11672421797016E-09 -1.58529993449896E-09 0.1640164 2.86940426050848E-17 1.05596756955771E-16
0.000109129121555118 1.43156373031496E-05 9.1739173 -2.89102349825043E-09 -1.28093584410571E-09 0.1640164 9.99881350415099E-18 5.56041150815951E-17
0.000109125667090216 1.43156289707751E-05 9.3369336 -3.45446490209156E-09 -8.33237450947877E-12 0.163016300000001 1.19333971882474E-17 1.65503676063987E-17
0.000109124037267081 1.43164596273292E-05 9.50095 -1.62982313526072E-09 8.30656554096976E-10 0.1640164 3.34631376309535E-18 5.33357677559483E-18
0.00010913091956903 1.43189676772739E-05 9.6649664 6.88230194955963E-09 2.50804994467302E-09 0.1640164 5.36563946498867E-17 8.94774745658257E-17
0.00010913100102145 1.431626659857E-05 9.8289828 8.14524201473432E-11 -2.7010787038968E-09 0.164016400000001 7.30246066139266E-18 8.59601871079915E-17
0.000109126550240445 1.43151100987092E-05 9.9929992 -4.45078100500496E-09 -1.15649986078203E-09 0.1640164 2.11469434825018E-17 2.56364874499635E-17
0.000109127989536622 1.43167040358744E-05 10.1560155 1.43929617637184E-09 1.5939371652518E-09 0.163016299999999 4.61220917008955E-18 3.90678353089983E-17
0.000109071397379913 1.42134279475983E-05 10.3200319 -5.65921567091578E-08 -1.03276088276186E-07 0.164016400000001 1.38686226106244E-14 1.31969260421668E-14
0.000109131650581539 1.43174956693888E-05 10.4840483 6.02532016265513E-08 1.04067721790512E-07 0.1640164 1.44605390249173E-14 9.88892258881488E-17
0.000109107930107527 1.43276209677419E-05 10.6480647 -2.3720474012336E-08 1.01252983531701E-08 0.1640164 6.65182554110617E-16 3.10219344702198E-16
0.00010912468624498 1.432046937751E-05 10.8120811 1.67561374530436E-08 -7.15159023189571E-09 0.164016400000001 3.31913385190237E-16 2.29844547527704E-17
0.00010912998475997 1.43180721361443E-05 10.9750974 5.29851498959033E-09 -2.39724136576847E-09 0.163016299999999 3.38210272606649E-17 6.99062959303373E-17
0.000109124054462935 1.4315683308119E-05 11.1391138 -5.93029703456693E-09 -2.38882802526064E-09 0.1640164 4.0874922252464E-17 6.37012924979651E-18
0.000109127553626149 1.43191394279877E-05 11.3031302 3.49916321418675E-09 3.45611986873173E-09 0.164016400000001 2.418890774656E-17 3.98179599060186E-17
0.000109130423877602 1.43189114622523E-05 11.4671466 2.87025145307496E-09 -2.27965735422941E-10 0.1640164 8.29031178040582E-18 8.03687087358652E-17
0.000109101765536723 1.43141949152542E-05 11.631163 -2.86583408790477E-08 -4.71654699808255E-09 0.1640164 8.4354631752482E-16 4.05159815287695E-16
0.00010913105046344 1.43218975283213E-05 11.7941793 2.92849267165849E-08 7.70261306708164E-09 0.163016300000001 9.16937180856924E-16 1.13840320838174E-16
0.000109132678751259 1.43196752265861E-05 11.9581957 1.62828781905944E-09 -2.22230173521609E-09 0.1640164 7.58994622404179E-18 1.28598948690197E-16
0.000109126940993789 1.43177406832298E-05 12.1222121 -5.73775746998706E-09 -1.93454335629006E-09 0.1640164 3.66643187817583E-17 2.81675674134614E-17
0.000109127772047447 1.43160778751934E-05 12.2862285 8.31053658316705E-10 -1.66280803641428E-09 0.164016400000001 3.45558074896548E-18 3.67683149913559E-17
0.00010909221255776 1.43054498505029E-05 12.4492448 -3.55594896868752E-08 -1.06280246905452E-08 0.163016299999999 1.37743221561382E-15 9.98114038150807E-16
0.000109125972510373 1.43159362033195E-05 12.6132612 3.37599526131811E-08 1.0486352816649E-08 0.164016400000001 1.24969799583948E-15 1.84866731902865E-17
0.000109134004502251 1.43374812406203E-05 12.7772776 8.03199187768655E-09 2.15450373008075E-08 0.1640164 5.28701525816408E-16 5.82799052162236E-16
0.000109124483847462 1.43248117561331E-05 12.941294 -9.5206547893838E-09 -1.26694844872031E-08 0.1640164 2.51158704790096E-16 7.35292176986666E-17
0.000109130839928517 1.43158029103906E-05 13.1053104 6.35608105497454E-09 -9.00884574250149E-09 0.1640164 1.21559067989593E-16 8.36078731269204E-17
0.000109090290037831 1.43000630517024E-05 13.2683267 -4.05498906856963E-08 -1.57398586882085E-08 0.163016300000001 1.89203678614669E-15 1.26543365119291E-15
0.000109126405212059 1.43198773633112E-05 13.4323431 3.61151742282431E-08 1.98143116087941E-08 0.1640164 1.69691275406674E-15 3.19444865686429E-17
0.000109217936288089 1.43312326869806E-05 13.5963595 9.15310760293693E-08 1.13553236694184E-08 0.164016400000001 8.50688125473143E-15 9.46544165522523E-15
0.000109066871852266 1.42824566312255E-05 13.7603759 -1.51064435822263E-07 -4.87760557550914E-08 0.1640164 2.51995673853225E-14 4.18220342101169E-15
0.000109123361895161 1.4314453125E-05 13.9243923 5.64900428949215E-08 3.19964937744821E-08 0.1640164 4.21490056013055E-15 7.62794017099596E-18
0.000109126126690035 1.43149098647972E-05 14.0874086 2.76479487375525E-09 4.56739797195738E-10 0.163016300000001 7.85270193628571E-18 2.24123712832702E-17
0.000109092412968376 1.43012224289131E-05 14.251425 -3.37137216587564E-08 -1.36874358840942E-08 0.1640164 1.32396092916529E-15 1.09920703726241E-15
0.000109110995341996 1.4325631282177E-05 14.4154414 1.85823736192958E-08 2.44088532639033E-08 0.1640164 9.41096726985864E-16 1.95411652089437E-16
0.000109081808538849 1.43010474675152E-05 14.5794578 -2.9186803146473E-08 -2.45838146617565E-08 0.164016400000001 1.45623342123456E-15 1.83907776076589E-15
0.000109114690721649 1.4315206185567E-05 14.7434742 3.2882182800364E-08 1.41587180517622E-08 0.1640164 1.28170724258585E-15 5.18757797819467E-17
0.000109092697305101 1.43228464870067E-05 14.9064905 -2.19934165484261E-08 7.64030143972683E-09 0.163016299999999 5.42084577562476E-16 8.81354832936613E-16
92
0.000111269989432899 1.15845368087355E-05 0 0 0 0 0 0
0.000111271059070255 1.15865955959455E-05 0.1640164 1.06963735623822E-09 2.05878721000374E-09 0.1640164 5.38272884993528E-18 5.38272884993528E-18
0.000111270753400767 1.1587199162888E-05 0.3280328 -3.05669487801197E-10 6.03566942562139E-10 0.1640164 4.57726889926455E-19 7.671776537689E-18
0.000111270572916667 1.15856770833333E-05 0.4920492 -1.8048410068161E-10 -1.52207955470196E-09 0.1640164 2.34930068144057E-18 1.64067946576778E-18
0.000111270862068966 1.15876724137931E-05 0.6550655 2.89152298847739E-10 1.99533045977063E-09 0.1630163 4.0649526956174E-18 1.05935127822E-17
0.000111271233120114 1.15858208955224E-05 0.8190819 3.71051148206902E-10 -1.8515182707155E-09 0.1640164 3.56579886137898E-18 3.19563676462207E-18
0.000111271615875266 1.15856661941885E-05 0.9830983 3.82755152045888E-10 -1.54701333869411E-10 0.1640164 1.70434009118646E-19 3.92082627426408E-18
0.000111273671407186 1.15813061377246E-05 1.1471147 2.05553191986496E-09 -4.36005646396786E-09 0.1640164 2.32353038425717E-17 2.39941698288613E-17
0.00011127201426025 1.15875222816399E-05 1.3111311 -1.65714693608265E-09 6.21614391537761E-09 0.1640164 4.13865811444543E-17 1.30129742631539E-17
0.000111274917248989 1.15833946303788E-05 1.4741474 2.90298873905215E-09 -4.12765126111303E-09 0.1630163 2.54648485524316E-17 2.55879428122196E-17
0.000111273884758364 1.15798327137546E-05 1.6381638 -1.0324906242829E-09 -3.56191662416983E-09 0.1640164 1.37532869267695E-17 3.73020700700607E-17
0.000111273171164773 1.15901988636364E-05 1.8021802 -7.13593591584072E-10 1.03661498817171E-08 0.1640164 1.07966279184174E-16 4.21822834176379E-17
0.000111271766169154 1.15883084577114E-05 1.9661966 -1.40499561850049E-09 -1.89040592491985E-09 0.1640164 5.54764724897764E-18 1.73821277189433E-17
0.00011127212543554 1.15866724738676E-05 2.1292129 3.59266385842716E-10 -1.63598384384755E-09 0.1630163 2.80551547332671E-18 9.12357283964651E-18
0.000111272577283779 1.15895276137548E-05 2.2932293 4.51848239009678E-10 2.85513988717945E-09 0.1640164 8.35599060645922E-18 3.16051069187513E-17
0.000111273214946356 1.15801886792453E-05 2.4572457 6.37662576821185E-10 -9.33893450949164E-09 0.1640164 8.7622311334452E-17 2.93101671246901E-17
0.000111277591973244 1.15833333333333E-05 2.6212621 4.37702688823549E-09 3.1446540880502E-09 0.1640164 2.90472137138273E-17 5.92469727444261E-17
0.000111277641970666 1.15838661150809E-05 2.7852785 4.99974215273369E-11 5.32781747523359E-10 0.1640164 2.86356132653426E-19 5.90111642500153E-17
0.000111276845637584 1.15934298834334E-05 2.9492949 -7.96333081780176E-10 9.56376835255846E-09 0.1640164 9.20998114785362E-17 1.26094320265579E-16
0.000111276501111935 1.15831171237954E-05 3.1123112 -3.44525649126126E-10 -1.03127596380119E-08 0.1630163 1.06471709274314E-16 4.44174691950176E-17
0.000111275430067315 1.1585359012715E-05 3.2763276 -1.07104461987717E-09 2.24188891962918E-09 0.1640164 6.17320250572391E-18 3.02765222323108E-17
0.000111274523641496 1.15920959774171E-05 3.440344 -9.06425818769208E-10 6.73696470204455E-09 0.1640164 4.62083011615256E-17 7.77000787599843E-17
0.000111272630834512 1.15905233380481E-05 3.6043604 -1.89280698408822E-09 -1.57263936898744E-09 0.1640164 6.05591286390237E-18 4.28155356926485E-17
0.000111273717238834 1.15803802141011E-05 3.7683768 1.08640432148377E-09 -1.01431239469463E-08 0.1640164 1.04063237752854E-16 3.11738160401617E-17
0.000111270408163265 1.15866467276566E-05 3.9313931 -3.30907556821103E-09 6.2665135554365E-09 0.1630163 5.02191732566006E-17 4.62709297339893E-18
0.000111271626297578 1.15853806228374E-05 4.0954095 1.21813431255191E-09 -1.26610481921041E-09 0.1640164 3.08687261664415E-18 3.3913482157372E-18
0.000111272987444609 1.15798559822747E-05 4.2594259 1.36114703070689E-09 -5.52464056262814E-09 0.1640164 3.23743745854383E-17 3.08982105666486E-17
0.00011127155022593 1.15855057351408E-05 4.4234423 -1.43721867877389E-09 5.64975286602909E-09 0.1640164 3.39853049778205E-17 3.37489326412129E-18
0.000111272983284884 1.1578488372093E-05 4.5864586 1.43305895393553E-09 -7.01736304774769E-09 0.1630163 5.12970421093496E-17 4.55467355246496E-17
0.000111271683204704 1.15784638000735E-05 4.750475 -1.3000801795755E-09 -2.45720195213295E-11 0.1640164 1.69081225746843E-18 3.97502971365488E-17
0.000111271844660194 1.15881588072122E-05 4.9144914 1.61455490029994E-10 9.69500713870275E-09 0.1640164 9.40192312947581E-17 1.65607412825706E-17
0.000111270178197065 1.15839447938505E-05 5.0785078 -1.66646312918317E-09 -4.21401336175009E-09 0.1640164 2.05350079739353E-17 3.86113534476482E-19
0.000111273334553441 1.15809846266471E-05 5.2425242 3.15635637571177E-09 -2.96016720330883E-09 0.1640164 1.87251754420415E-17 2.38078290277465E-17
0.00011127326659251 1.1580737856878E-05 5.4055405 -6.7960930508093E-11 -2.46769769132627E-10 0.1630163 6.55140070332956E-20 2.51718103331211E-17
0.000111273796886058 1.15919143665959E-05 5.5695569 5.30293547839733E-10 1.11765097178829E-08 0.1640164 1.25195580720811E-16 6.89250595428785E-17
0.000111276650682405 1.15841940243453E-05 5.7335733 2.85379634698302E-09 -7.72034225063578E-09 0.1640164 6.77478380570056E-17 4.44897461208135E-17
0.000111275657894737 1.15826127819549E-05 5.8975897 -9.9278766818145E-10 -1.58124239037249E-09 0.1640164 3.48595485120408E-18 3.58333386604418E-17
0.000111275247175141 1.15881002824859E-05 6.0616061 -4.10719595592468E-10 5.48750053098779E-09 0.1640164 3.02813526637949E-17 4.03421986566695E-17
0.000111274435426958 1.15897141848977E-05 6.2246224 -8.11748182883321E-10 1.61390241179582E-09 0.1630163 3.26361610721474E-18 4.65720871016169E-17
0.000111274823321555 1.15898409893993E-05 6.3886388 3.8789459641464E-10 1.26804501622502E-10 0.1640164 1.66541599559407E-19 5.15008120518028E-17
0.00011127771556551 1.15852930197835E-05 6.5526552 2.89224395474719E-09 -4.54796961579262E-09 0.1640164 2.90491027199446E-17 6.02649802659571E-17
0.000111276527934008 1.15864266966629E-05 6.7166716 -1.18763150128132E-09 1.1336768794159E-09 0.1640164 2.69569184975789E-18 4.63236731350553E-17
0.000111275206922498 1.15837095560572E-05 6.880688 -1.32101151012876E-09 -2.71714060573203E-09 0.1640164 9.12792448121046E-18 2.79065447115297E-17
0.000111274703212291 1.15894727653631E-05 7.0437043 -5.03710207610197E-10 5.76320930594321E-09 0.163016300000001 3.34683054773611E-17 4.65833839827397E-17
0.000111275497054492 1.15834867452135E-05 7.2077207 7.93842201389339E-10 -5.98602014957805E-09 0.1640164 3.64626226718611E-17 3.14365290115587E-17
0.000111273755259467 1.15909887798036E-05 7.3717371 -1.74179502485572E-09 7.50203459009668E-09 0.1640164 5.93143728996193E-17 5.58093804058089E-17
0.000111274278676988 1.159148486981E-05 7.5357535 5.2341752099494E-10 4.9609000634554E-10 0.1640164 5.20071195680406E-19 6.66731675513679E-17
0.000111274016306274 1.15877348457994E-05 7.6997699 -2.62370713656423E-10 -3.75002401063007E-09 0.1640164 1.41315184716866E-17 2.64431502440666E-17
0.000111273615056818 1.15899325284091E-05 7.8627862 -4.01249456189134E-10 2.19768260972941E-09 0.1630163 4.99080997919916E-18 4.22589396003434E-17
0.000111275202354673 1.15823215599706E-05 8.0268026 1.58729785437117E-09 -7.61096843852549E-09 0.1640164 6.04463550507224E-17 3.2081880508578E-17
0.000111274067732116 1.1582096651446E-05 8.190819 -1.1346225568758E-09 -2.24908524598888E-10 0.1640164 1.33795219100862E-18 2.25868920990348E-17
0.000111273671407186 1.15808383233533E-05 8.3548354 -3.96324930051151E-10 -1.25832809267479E-09 0.1640164 1.74046303899462E-18 2.72357287702516E-17
0.00011127480490524 1.15831475287997E-05 8.5178517 1.1334980540596E-09 2.30920544641045E-09 0.163016300000001 6.61724763228856E-18 2.51188726047458E-17
0.000111278005974608 1.15883121732636E-05 8.6818681 3.20106936823095E-09 5.16464446392639E-09 0.1640164 3.6920397538992E-17 7.8518318292807E-17
0.000111274067164179 1.1580223880597E-05 8.8458845 -3.93881042882072E-09 -8.08829266661526E-09 0.164016400000001 8.0934705855009E-17 3.52292415209273E-17
0.000111271287642783 1.15869678089304E-05 9.0099009 -2.77952139613546E-09 6.74392833341209E-09 0.1640164 5.32063085577732E-17 7.59511085093766E-18
0.000111270103092783 1.15823024054983E-05 9.1739173 -1.18454999946493E-09 -4.66540343214383E-09 0.1640164 2.31691478858918E-17 5.00547639571802E-18
0.000111268959435626 1.15834215167548E-05 9.3369336 -1.1436571573995E-09 1.11911125656761E-09 0.163016300000001 2.56036169824744E-18 2.30477058402885E-18
0.000111267361111111 1.158125E-05 9.50095 -1.59832451498687E-09 -2.17151675484928E-09 0.1640164 7.27012627179916E-18 1.77111870837583E-17
0.000111269720767888 1.15830715532286E-05 9.6649664 2.35965677718752E-09 1.82155322861988E-09 0.1640164 8.88603627082251E-18 2.21915458827677E-18
0.000111267673179396 1.15809946714032E-05 9.8289828 -2.04758849220354E-09 -2.07688182542398E-09 0.164016400000001 8.50605675018084E-18 1.79117671699715E-17
0.000111267007983339 1.15764491496008E-05 9.9929992 -6.65196056985451E-10 -4.54552180236334E-09 0.1640164 2.11042542499895E-17 7.42992717556841E-17
0.000111269143752175 1.15846675948486E-05 10.1560155 2.13576883631106E-09 8.21844524775628E-09 0.163016299999999 7.21043508125252E-17 7.3228089346158E-19
0.000111270115952214 1.15828355586788E-05 10.3200319 9.72200038205528E-10 -1.83203616974126E-09 0.164016400000001 4.30152944152705E-18 2.91025889215117E-18
0.000111270674079222 1.1582956914524E-05 10.4840483 5.58127008048359E-10 1.21355845125848E-10 0.1640164 3.26232998259222E-19 2.964806306796E-18
0.00011127104226361 1.15830945558739E-05 10.6480647 3.68184388634063E-10 1.37641349951423E-10 0.1640164 1.54504885250289E-19 3.1885458235023E-18
0.000111270301015051 1.15822541127056E-05 10.8120811 -7.41248559563701E-10 -8.40443168289795E-10 0.164016400000001 1.25579414618025E-18 5.30778460196326E-18
0.000111271932952924 1.15873751783167E-05 10.9750974 1.6319378736398E-09 5.12106561105519E-09 0.163016299999999 2.8888534216152E-17 1.18336119690348E-17
0.000111271842105263 1.15827192982456E-05 11.1391138 -9.08476612266895E-11 -4.65588007107698E-09 0.1640164 2.16854725338021E-17 6.73573926999447E-18
0.000111270848246242 1.15849141016464E-05 11.3031302 -9.938590212073E-10 2.19480340077105E-09 0.164016400000001 5.8049177220713E-18 8.79910298816732E-19
0.000111271274717514 1.15843043785311E-05 11.4671466 4.26471272163553E-10 -6.09723115312377E-10 0.1640164 5.5364002332703E-19 1.70598034200425E-18
0.000111271794406102 1.15847257537232E-05 11.631163 5.19688588312306E-10 4.21375192138029E-10 0.1640164 4.47633281371399E-19 3.29362847381578E-18
0.000111269499105546 1.15868515205724E-05 11.7941793 -2.29530055680982E-09 2.1257668492396E-09 0.163016300000001 9.78728934341752E-18 5.59831180164292E-18
0.000111269876325088 1.15835689045936E-05 11.9581957 3.77219542713192E-10 -3.28261597881152E-09 0.1640164 1.09178622477535E-17 9.4963180458697E-19
0.00011127045370026 1.15767013759762E-05 12.1222121 5.7737517198575E-10 -6.86752861743933E-09 0.1640164 4.74963114005738E-17 6.16095507079144E-17
0.000111269478198713 1.15826483202287E-05 12.2862285 -9.75501546946589E-10 5.9469442525355E-09 0.164016400000001 3.63177492108602E-17 3.82774923253188E-18
0.000111270682803468 1.15850794797688E-05 12.4492448 1.20460475483242E-09 2.43115954005191E-09 0.163016299999999 7.36160932455027E-18 7.75254596765195E-19
0.000111270619501466 1.15786290322581E-05 12.6132612 -6.33020019336072E-11 -6.45044751072277E-09 0.164016400000001 4.16122802320384E-17 3.52988093065629E-17
0.000111271229739253 1.15857998590557E-05 12.7772776 6.1023778673075E-10 7.1708267976085E-09 0.1640164 5.17931471176542E-17 3.13365596336456E-18
0.000111269549981557 1.15780154924382E-05 12.941294 -1.67975769637962E-09 -7.78436661745729E-09 0.1640164 6.34179495535301E-17 4.27206837310745E-17
0.000111268587691213 1.15837780149413E-05 13.1053104 -9.6229034353712E-10 5.76252250308684E-09 0.1640164 3.4132668303847E-17 2.54064777584721E-18
0.000111267627118644 1.15817796610169E-05 13.2683267 -9.60572569013607E-10 -1.99835392435332E-09 0.163016300000001 4.91611806731973E-18 1.31823921803594E-17
0.000111267039106145 1.15730912476723E-05 13.4323431 -5.88012498823787E-10 -8.68841334469472E-09 0.1640164 7.58342851470423E-17 1.39705296005174E-16
0.000111269694819021 1.15857877927608E-05 13.5963595 2.65571287533817E-09 1.26965450885699E-08 0.164016400000001 1.68255068062325E-16 1.65175836899296E-18
0.000111269454545455 1.15816363636364E-05 13.7603759 -2.40273566035398E-10 -4.15142912446065E-09 0.1640164 1.72920951619555E-17 8.69868635106389E-18
0.000111268826619965 1.15832749562172E-05 13.9243923 -6.27925489581571E-10 1.63859258080024E-09 0.1640164 3.07927606631983E-18 2.94440569729688E-18
0.000111268290474466 1.15729808040565E-05 14.0874086 -5.36145499197005E-10 -1.02941521606628E-08 0.163016300000001 1.06257020703187E-16 1.36427703897883E-16
0.000111267637767638 1.15817830817831E-05 14.251425 -6.52706828006444E-10 8.8022777265806E-09 0.1640164 7.79061193791831E-17 1.31133416287851E-17
0.000111268939393939 1.1575480413895E-05 14.4154414 1.30162630162545E-09 -6.30266788803269E-09 0.1640164 4.14178535359216E-17 8.31208693221123E-17
0.000111268624907339 1.1573109710897E-05 14.5794578 -3.14486600615282E-10 -2.37070299808728E-09 0.164016400000001 5.71913452710658E-18 1.32440495015101E-16
0.000111266713091922 1.15825208913649E-05 14.7434742 -1.91181541677565E-09 9.41118046794109E-09 0.1640164 9.2225355987977E-17 1.47983330419361E-17
0.00011126874366768 1.15824045930429E-05 14.9064905 2.03057575784271E-09 -1.16298322010877E-10 0.163016299999999 4.13676320804105E-18 6.09827474071463E-18
