x y time dx dy dt dr^2 TotalDisplacementSquared
11
9.90672178289001E-06 1.44212796549245E-06 0 0 0 0 0 0
9.87143826322931E-06 1.421302578019E-06 0.1640164 -3.52835196607E-08 -2.08253874734556E-08 0.1640164 1.67862352306657E-15 1.67862352306657E-15
9.90934897804693E-06 1.44246782740348E-06 0.3280328 3.79107148176256E-08 2.11652493844863E-08 0.1640164 1.88519007949084E-15 7.01766051114307E-18
9.85687414500684E-06 1.41672366621067E-06 0.4910491 -5.24748330400939E-08 -2.57441611928118E-08 0.1630163 3.41636993810721E-15 3.13016542452978E-15
9.8360630407911E-06 1.38751545117429E-06 0.6550655 -2.08111042157402E-08 -2.9208215036381E-08 0.1640164 1.28622188428987E-15 7.97518455515152E-15
9.91379310344828E-06 1.44533699059561E-06 0.8190819 7.77300626571762E-08 5.7821539421322E-08 0.1640164 9.38529306174003E-15 6.03014165504899E-17
9.9107858861267E-06 1.43744987971131E-06 1.1471147 -3.0072173215725E-09 -7.88711088430416E-09 0.3280328 7.12498741204748E-17 3.8401421694262E-17
9.94202646239554E-06 1.43610724233983E-06 1.310131 3.12405762688393E-08 -1.34263737147422E-09 0.1630163 9.77776280720441E-16 1.28266950226899E-15
9.92795637198622E-06 1.09988518943743E-06 1.4741474 -1.40700904093194E-08 -3.36222052902405E-07 0.1640164 1.13243236302034E-13 1.17581025535934E-13
9.90261194029851E-06 1.07126865671642E-06 1.6381638 -2.53444316877154E-08 -2.86165327210104E-08 0.1640164 1.46124616254593E-15 1.37553517711964E-13
9.93636738056013E-06 1.45696046128501E-06 1.8021802 3.37554402616238E-08 3.8569180456859E-07 0.1640164 1.49897597858632E-13 1.09886439265505E-15
13
7.26230425055928E-05 1.66361856823266E-05 0 0 0 0 0 0
7.26319082377477E-05 1.66282586027112E-05 0.1630163 8.8657321548169E-09 -7.92707961546668E-09 0.1630163 1.41439797870902E-16 1.41439797870902E-16
7.26318510858325E-05 1.66277145811789E-05 0.3270327 -5.71519151861821E-11 -5.4402153225297E-10 0.1640164 2.99225768964317E-19 1.4935064049291E-16
7.26226096737908E-05 1.66380764904387E-05 0.4910491 -9.24141204168904E-09 1.03619092597924E-08 0.1640164 1.92772860032447E-16 3.76249868555322E-18
7.26373589913736E-05 1.6420703384207E-05 0.6550655 1.47493175828117E-08 -2.17373106231662E-07 0.1640164 4.746860968196E-14 4.663758256801E-14
7.26415036674816E-05 1.63947127139364E-05 0.8190819 4.14467610806923E-09 -2.59906702706019E-08 0.1640164 6.92693281155948E-16 5.86500089614555E-14
7.26421690490988E-05 1.63903045369795E-05 0.9820982 6.65381617167782E-10 -4.40817695694307E-09 0.1630163 1.98747567801886E-17 6.08233623037051E-14
7.26482558139535E-05 1.63859819121447E-05 1.1461146 6.08676485465764E-09 -4.32262483478496E-09 0.1640164 5.57337918581952E-17 6.32376375317357E-14
7.26500347705146E-05 1.63765646731572E-05 1.310131 1.77895656112526E-09 -9.41723898754176E-09 0.1640164 9.18490765948472E-17 6.81316507677765E-14
7.26791164658635E-05 1.63963855421687E-05 1.4741474 2.90816953488502E-08 1.98208690115109E-08 0.1640164 1.23861185273481E-15 6.06483962402039E-14
7.26530100334448E-05 1.63951505016722E-05 1.6381638 -2.61064324186435E-08 -1.2350404964323E-09 0.1640164 6.83071138657029E-16 5.89960110386499E-14
7.26371578334304E-05 1.63759464181712E-05 1.8011801 -1.58522000144075E-08 -1.92040835010125E-08 0.1630163 6.20089068410642E-16 6.79237170881035E-14
7.26449136276392E-05 1.63875559820857E-05 1.9651965 7.75579420874806E-09 1.16095639145044E-08 0.1640164 1.94934318093413E-16 6.229507382144E-14
13
6.17573529411765E-05 2.91684782608696E-05 0 0 0 0 0 0
6.17881873727088E-05 2.91494399185336E-05 0.1630163 3.08344315322842E-08 -1.90383423359606E-08 0.1630163 1.31322064682035E-15 1.31322064682035E-15
6.17680759803922E-05 2.89734987745098E-05 0.3270327 -2.01113923166005E-08 -1.75941144023803E-07 0.1640164 3.13597542613167E-14 3.81319836711382E-14
6.18529710512951E-05 2.89508633824276E-05 0.4910491 8.48950709029168E-08 -2.26353920821758E-08 0.1640164 7.7195340383251E-15 5.64990583019527E-14
6.19448529411765E-05 2.89240196078431E-05 0.6550655 9.18818898813996E-08 -2.68437745844885E-08 0.1640164 9.16286992212047E-15 9.49162830394952E-14
6.19594307561597E-05 2.91297790994053E-05 0.8190819 1.45778149832552E-08 2.0575949156213E-07 0.1640164 4.25494810575923E-14 4.23330684064465E-14
6.17930672268908E-05 2.91481092436975E-05 0.9820982 -1.6636352926897E-07 1.83301442922108E-08 0.1630163 2.80128180606009E-14 1.69040706463831E-15
6.18391276864728E-05 2.91286346396966E-05 1.1461146 4.60604595820655E-08 -1.94746040008944E-08 0.1640164 2.50082613790274E-15 8.27462311645896E-15
6.19097145993414E-05 2.91020856201976E-05 1.4741474 7.05869128685634E-08 -2.65490194990008E-08 0.3280328 5.68736270467249E-15 2.76220576141609E-14
6.19147350993377E-05 2.90938189845475E-05 1.6381638 5.02049999636256E-09 -8.26663565012353E-09 0.1640164 9.35426851853698E-17 3.03431512484414E-14
6.19211448598131E-05 2.91325934579439E-05 1.8011801 6.4097604753357E-09 3.87744733964652E-08 0.1630163 1.54454481652437E-15 2.81155116916745E-14
6.19835945151812E-05 2.91057786483839E-05 1.9651965 6.24496553681126E-08 -2.68148095599905E-08 0.1640164 4.6189934673346E-15 5.51164912139835E-14
6.19730158730159E-05 2.9110582010582E-05 2.1292129 -1.05786421653207E-08 4.80336219807498E-09 0.1640164 1.34979958467796E-16 4.98624759669266E-14
17
7.66276109660574E-05 7.63283289817232E-06 0 0 0 0 0 0
7.65639117043121E-05 7.6088295687885E-06 0.1640164 -6.36992617453274E-08 -2.40033293838229E-08 0.1640164 4.63375576840802E-15 4.63375576840802E-15
7.64631294964029E-05 7.79646282973621E-06 0.3280328 -1.00782207909248E-07 1.8763326094771E-07 0.1640164 4.53632940449345E-14 5.38289083633315E-14
7.64518038331454E-05 7.79763246899662E-06 0.4910491 -1.13256632574377E-08 1.16963926040636E-09 0.1630163 1.29638704220358E-16 5.80670465266136E-14
7.64371974179666E-05 7.79128563743948E-06 0.6550655 -1.46064151787897E-08 -6.346831557134E-09 0.1640164 2.5362963518981E-16 6.13645898777949E-14
7.64077344701583E-05 7.81105359317905E-06 0.8190819 -2.94629478082982E-08 1.97679557395665E-08 0.1640164 1.25883736767596E-15 8.01082895775478E-14
7.64544215626893E-05 7.79239854633555E-06 0.9830983 4.66870925309308E-08 -1.86550468434961E-08 0.1640164 2.52769538172473E-15 5.54557655127745E-14
7.64871710526316E-05 7.82072368421053E-06 1.1471147 3.27494899423044E-08 2.83251378749725E-08 0.1640164 1.8748425271173E-15 5.50263167611183E-14
7.64407894736842E-05 7.79470693779904E-06 1.310131 -4.63815789473756E-08 -2.60167464114831E-08 0.1630163 2.82812195949105E-15 6.11054747176378E-14
7.64504703115814E-05 7.79938271604938E-06 1.4741474 9.68083789722129E-09 4.67577825033949E-09 0.1640164 1.15581524638624E-16 5.91176533030742E-14
7.63991935483871E-05 7.81808312655087E-06 1.6381638 -5.12767631943234E-08 1.87004105014852E-08 0.1640164 2.97901179661078E-15 8.64921638094908E-14
7.63953562340967E-05 7.80216284987277E-06 1.8021802 -3.83731429040779E-09 -1.59202766780941E-08 0.1640164 2.68180190470436E-16 8.26148930610371E-14
7.64003926701571E-05 7.56204188481675E-06 1.9661966 5.0364360603794E-09 -2.4012096505602E-07 0.1640164 5.76834435476247E-14 5.66395215637772E-14
7.63943001443001E-05 7.75180375180375E-06 2.1292129 -6.09252585692843E-09 1.89761866986998E-07 0.1630163 3.60466850337083E-14 6.85880035628572E-14
7.64462556488057E-05 7.78034215622983E-06 2.2932293 5.19555045055284E-08 2.85384044260741E-08 0.1640164 3.51381497561015E-15 5.46487323081654E-14
7.64200421940928E-05 7.76392405063291E-06 2.4572457 -2.62134547128454E-08 -1.64181055969141E-08 0.1640164 9.56699399373821E-16 6.02696853483442E-14
7.65925313945803E-05 7.38483146067416E-06 2.6212621 1.72489200487476E-07 -3.79092589958754E-07 0.1640164 1.73463716046445E-13 6.27352893361766E-14
14
9.03735294117647E-05 2.86155882352941E-05 0 0 0 0 0 0
9.03752753303965E-05 2.86236233480176E-05 0.1640164 1.74591863176943E-09 8.03511272350121E-09 0.1640164 6.76112683481307E-17 6.76112683481307E-17
9.03763982102908E-05 2.86303131991051E-05 0.3280328 1.12287989435345E-09 6.68985108752551E-09 0.1640164 4.60149668304095E-17 2.25054564219531E-16
9.03687200956938E-05 2.86300837320574E-05 0.4920492 -7.6781145970557E-09 -2.29467047731191E-10 0.1640164 5.90060988915142E-17 2.33248947484844E-16
9.03703917050691E-05 2.86215437788018E-05 0.6560656 1.67160937535016E-09 -8.53995325557122E-09 0.1640164 7.57250795111E-17 4.53137017799015E-17
9.03878504672897E-05 2.86138184245661E-05 0.8190819 1.74587622205991E-08 -7.72535423575604E-09 0.1630163 3.64489476343331E-16 2.08224861363659E-16
9.05105973025048E-05 2.86245183044316E-05 0.9830983 1.22746835215096E-07 1.06998798655127E-08 0.1640164 1.51812729844584E-14 1.88673528067437E-14
9.06274509803921E-05 2.86244553376906E-05 1.1471147 1.16853677887335E-07 -6.29667409697276E-11 0.1640164 1.36547860006074E-14 6.45547885191337E-14
9.08551864801865E-05 2.86247086247086E-05 1.4751475 2.27735499794321E-07 2.53287017994097E-10 0.3280328 5.18635220208825E-14 2.32076713063724E-13
9.091523118767E-05 2.86359927470535E-05 1.6381638 6.00447074835131E-08 1.12841223448648E-08 0.1630163 3.73269831387453E-15 2.93857158119074E-13
9.09232902033272E-05 2.86347042513863E-05 1.8021802 8.05901565718159E-09 -1.28849566716838E-09 0.1640164 6.66079544470097E-17 3.02602350010623E-13
9.08570627802691E-05 2.86135089686099E-05 1.9661966 -6.6227423058109E-08 -2.1195282776457E-08 0.1640164 4.83531157689173E-15 2.33808841807111E-13
9.08405660377359E-05 2.86213836477987E-05 2.130213 -1.64967425332065E-08 7.87467918887685E-09 0.1640164 3.34153086534636E-16 2.18156796804612E-13
9.08444099378882E-05 2.86232919254658E-05 2.2932293 3.84390015234715E-09 1.90827766709845E-09 0.1630163 1.84170920359611E-17 2.21787816724601E-13
12
3.01281152647975E-05 5.21133177570093E-05 0 0 0 0 0 0
3.01216323296355E-05 5.21129160063391E-05 0.3280328 -6.48293516200837E-09 -4.01750670206979E-10 0.3280328 4.21898519158163E-17 4.21898519158163E-17
3.01232928679818E-05 5.21202579666161E-05 0.4910491 1.66053834628954E-09 7.34196027694622E-09 0.1630163 5.66617683077543E-17 7.14220204337308E-17
3.01322852760736E-05 5.21280674846626E-05 0.6550655 8.99240809183155E-09 7.80951804649277E-09 0.1640164 1.41851975408534E-16 2.34943459887424E-16
3.01320450885668E-05 5.21256038647343E-05 0.8190819 -2.40187506793887E-10 -2.46361992827815E-09 0.1640164 6.1271131894291E-18 1.66391957887074E-16
3.01217532467532E-05 5.21213474025974E-05 0.9830983 -1.02918418135793E-08 -4.25646213690101E-09 0.1640164 1.24039477838612E-16 1.04950481865233E-16
2.98838582677165E-05 5.21275590551181E-05 1.1471147 -2.3789497903671E-07 6.21165252071165E-09 0.1640164 5.66326056779148E-14 5.9864295194836E-14
2.98687683284457E-05 5.2125366568915E-05 1.310131 -1.50899392707906E-08 -2.19248620315682E-09 0.1630163 2.32513262947182E-16 6.74060072633813E-14
2.98440789473684E-05 5.2122697368421E-05 1.4741474 -2.46893810773265E-08 -2.66920049390507E-09 0.1640164 6.16690169258113E-16 8.07646067289121E-14
2.98421400264201E-05 5.21205416116248E-05 1.6381638 -1.93892094834069E-09 -2.15575679621338E-09 0.1640164 8.40670180833456E-18 8.18340210405328E-14
2.98449720670391E-05 5.21288407821229E-05 2.1292129 2.83204061902609E-09 8.29917049806994E-09 0.4910491 7.68966850238481E-17 8.041103474553E-14
2.98566009104704E-05 5.21346737481032E-05 2.4572457 1.16288434313034E-08 5.83296598028227E-09 0.3280328 1.69253491676899E-16 7.41761229612617E-14
16
8.475E-05 4.6859756097561E-05 0 0 0 0 0 0
8.475E-05 4.6859756097561E-05 0.1630163 0 0 0.1630163 0 0
8.475E-05 4.68601286173633E-05 0.3270327 0 3.72519802368743E-10 0.1640164 1.38771003156847E-19 1.38771003156847E-19
8.475E-05 4.68591205211726E-05 0.4910491 0 -1.00809619070219E-09 0.1640164 1.01625792970827E-18 4.03957345406989E-19
8.475E-05 4.68595779220779E-05 0.6550655 0 4.57400905283123E-10 0.1640164 2.0921558815382E-19 3.17465027602165E-20
8.475E-05 4.6860162601626E-05 0.8190819 0 5.84679548090605E-10 0.1640164 3.41850173955434E-19 1.65245554894273E-19
8.475E-05 4.68598993288591E-05 0.9820982 0 -2.63272766957812E-10 0.1630163 6.93125498216222E-20 2.05152047503891E-20
8.475E-05 4.68598949211909E-05 1.310131 0 -4.4076681646743E-12 0.3280328 1.94275386498834E-23 1.92720002235528E-20
8.4665420023015E-05 4.68598964326812E-05 1.4741474 -8.45799769850402E-08 1.51149034621767E-12 0.1640164 7.15377250907453E-15 7.1537922007359E-15
8.46535412262157E-05 4.68617864693446E-05 1.6381638 -1.18787967993086E-08 1.89003666336873E-09 0.1640164 1.44678051988142E-16 9.30841744955994E-15
8.46445273631841E-05 4.68562189054726E-05 1.8011801 -9.01386303156926E-09 -5.56756387197055E-09 0.1630163 1.12247494220363E-16 1.11369888447723E-14
8.46236193712829E-05 4.68549277824979E-05 1.9651965 -2.09079919011543E-08 -1.29112297476297E-09 0.1640164 4.38811123874696E-16 1.59953759412711E-14
8.46222030981067E-05 4.6882099827883E-05 2.1292129 -1.4162731762184E-09 2.71720453850861E-08 0.1640164 7.40325880118855E-16 1.6831290418225E-14
8.46217504332756E-05 4.6882582322357E-05 2.2932293 -4.52664831144034E-10 4.82494474056239E-10 0.1640164 4.37706366849463E-19 1.69689879034447E-14
8.45717846460618E-05 4.68038384845464E-05 2.7842784 -4.99657872137504E-08 -7.87438378106557E-08 0.4910491 8.69717188504064E-15 3.48874918245648E-14
8.45727365208545E-05 4.68031536113937E-05 2.9482948 9.51874792718854E-10 -6.84873152671628E-10 0.1640164 1.37511685626394E-18 3.4626182479073E-14
12
7.94403125E-05 2.46359375E-05 0 0 0 0 0 0
7.9440781049936E-05 2.46366837387964E-05 0.1630163 4.68549935973783E-10 7.46238796413223E-10 0.1630163 7.76411383773293E-19 7.76411383773293E-19
7.94371727748691E-05 2.46449607329843E-05 0.3270327 -3.6082750668669E-09 8.27699418788086E-09 0.1640164 8.15282817443868E-17 9.12766073864145E-17
7.94354219948849E-05 2.46416240409207E-05 0.4910491 -1.75077998420647E-09 -3.33669206357712E-09 0.1640164 1.41987444802365E-17 5.62537879238038E-17
7.94267189384801E-05 2.46480699638118E-05 0.6550655 -8.70305640481206E-09 6.44592289110335E-09 0.1640164 1.1729311270339E-16 3.31981592940752E-16
7.94283980582524E-05 2.46459344660194E-05 0.8190819 1.67911977233359E-09 -2.13549779240196E-09 0.1640164 7.37979403119528E-18 2.41893251749836E-16
7.94341614906832E-05 2.46437888198758E-05 0.9820982 5.76343243079691E-09 -2.14564614364221E-09 0.1630163 3.78209507580883E-17 9.94781394068859E-17
7.94266138855055E-05 2.46455542021924E-05 1.1461146 -7.54760517774855E-09 1.76538231666967E-09 0.1640164 6.00829186431867E-17 2.80133000127931E-16
7.9157662835249E-05 2.45921455938697E-05 1.310131 -2.68951050256433E-07 -5.34086083227159E-08 0.1640164 7.51871468770077E-14 8.18085640263541E-14
7.9335534591195E-05 2.46437106918239E-05 1.4741474 1.7787175594593E-07 5.15650979541675E-08 0.1640164 3.42973208903112E-14 1.1038832684687E-14
7.88461345381526E-05 2.45441767068273E-05 1.9651965 -4.8940005304236E-07 -9.95339849965902E-08 0.4910491 2.49419426087166E-13 3.61467493508804E-13
7.93337612323492E-05 2.46456996148909E-05 2.1292129 4.8762669419655E-07 1.01522908063579E-07 0.1640164 2.48086693754741E-13 1.14484715251445E-14
20
6.55267389678384E-05 4.51898840688108E-05 0 0 0 0 0 0
6.55245695839311E-05 4.51580882352941E-05 0.1640164 -2.16938390730093E-09 -3.17958335166537E-08 0.1640164 1.01568125555602E-15 1.01568125555602E-15
6.55213772228528E-05 4.51203178206583E-05 0.3280328 -3.19236107831955E-09 -3.77704146357729E-08 0.1640164 1.43679539101258E-15 4.86821119129583E-15
6.55600370885489E-05 4.51170607324988E-05 0.4910491 3.86598656960899E-08 -3.25708815950065E-09 0.1630163 1.50519383891847E-15 6.41200315444906E-15
6.56148055207026E-05 4.5357590966123E-05 0.6550655 5.47684321537218E-08 2.40530233624121E-07 0.1640164 6.08543744478509E-14 3.5881321139464E-14
6.56337082728592E-05 4.53474238026125E-05 0.8190819 1.89027521565777E-08 -1.01671635104807E-08 0.1640164 4.60685252941853E-16 3.62611999429408E-14
6.57116868798236E-05 4.53197353914002E-05 0.9830983 7.79786069643791E-08 -2.76884112122602E-08 0.1640164 6.84731125956432E-15 5.10670961258961E-14
6.57107104413348E-05 4.53423035522067E-05 1.1471147 -9.76438488820008E-10 2.25681608064505E-08 0.1640164 5.10275314308258E-16 5.70772019790841E-14
6.56052542372881E-05 4.5305593220339E-05 1.310131 -1.05456204046632E-07 -3.67103318676882E-08 0.1630163 1.24686594377607E-14 1.95532552841377E-14
6.55383448873484E-05 4.51198006932409E-05 1.4741474 -6.69093499397775E-08 -1.8579252709808E-07 0.1640164 3.89957242348544E-14 5.0463768989375E-15
6.56357837181045E-05 4.51181652490887E-05 1.6381638 9.74388307561327E-08 -1.63544415220684E-09 0.1640164 9.49700041669726E-15 1.70343466629125E-14
6.56765639165911E-05 4.52767452402539E-05 1.8021802 4.07801984866296E-08 1.58579991165155E-07 0.1640164 2.68106381865495E-14 2.9992378373208E-14
6.56856029532404E-05 4.53035274815422E-05 1.9661966 9.03903664924144E-09 2.67822412883945E-08 0.1640164 7.98992631976111E-16 3.8152591115039E-14
6.56837301587302E-05 4.53065476190476E-05 2.1292129 -1.87279451020572E-09 3.02013750537355E-09 0.1630163 1.26285898288207E-17 3.82566179714655E-14
6.56744769874477E-05 4.52859832635983E-05 2.2932293 -9.2531712824524E-09 -2.05643554492951E-08 0.1640164 5.08513893827356E-16 3.10615776768838E-14
6.56572222222222E-05 4.53501851851852E-05 2.4572457 -1.72547652254877E-08 6.42019215868572E-08 0.1640164 4.41961365843166E-15 4.27223275854643E-14
6.56751043841336E-05 4.52575678496868E-05 2.6212621 1.78821619114018E-08 -9.2617335498332E-08 0.1640164 8.89774254943617E-15 2.65933909461228E-14
6.56418604651163E-05 4.50286046511628E-05 2.9482948 -3.32439190173375E-08 -2.28963198524063E-07 0.3270327 5.35293044300009E-14 3.92640096923642E-14
6.56346628289474E-05 4.52584292763158E-05 3.1123112 -7.197636168911E-09 2.29824625153E-07 0.1640164 5.28711642931371E-14 1.63460052685655E-14
6.526221001221E-05 4.575E-05 3.440344 -3.72452816737351E-07 4.91570723684212E-07 0.3280328 3.80362877079007E-13 3.83705424737842E-13
13
8.90602923264312E-05 3.63626674786845E-05 0 0 0 0 0 0
8.906375E-05 3.6656875E-05 0.1630163 3.45767356881765E-09 2.94207521315471E-07 0.1630163 8.65700211051018E-14 8.65700211051018E-14
8.91008008356546E-05 3.64082520891365E-05 0.3270327 3.70508356545969E-08 -2.4862291086351E-07 0.1640164 6.31861162289488E-14 3.71889602956048E-15
8.90783358320839E-05 3.66990254872564E-05 0.4910491 -2.24650035706446E-08 2.90773398119882E-07 0.1640164 8.50538454396123E-14 1.13462278026657E-13
8.90792682926829E-05 3.66941056910569E-05 0.6550655 9.32460598974671E-10 -4.91979619945937E-09 0.1640164 2.50738774128551E-17 1.10211375915788E-13
8.90833333333333E-05 3.66559233449477E-05 0.8180818 4.06504065040281E-09 -3.81823461091741E-08 0.1630163 1.47441610989019E-15 8.65298910968499E-14
8.90762383900929E-05 3.66900154798762E-05 0.9820982 -7.09494324044613E-09 3.40921349284216E-08 0.1640164 1.21261188356285E-15 1.07410990830459E-13
8.90853571428572E-05 3.66832142857143E-05 1.1461146 9.11875276426599E-09 -6.80119416187352E-09 0.1640164 1.29407894003311E-16 1.0337850051944E-13
8.90649889380531E-05 3.66512721238938E-05 1.310131 -2.03682048040577E-08 -3.19421618204814E-08 0.1640164 1.43516546870586E-15 8.33146993970989E-14
8.90861774744027E-05 3.66564277588168E-05 1.4741474 2.11885363496407E-08 5.15563492303528E-09 0.1640164 4.75534644099666E-16 8.69651430689228E-14
8.91563315926893E-05 3.66292428198433E-05 1.8011801 7.01541182865668E-08 -2.71849389734982E-08 0.3270327 5.66062121955843E-15 8.02859531773349E-14
8.89958628841608E-05 3.65626477541371E-05 1.9651965 -1.60468708528541E-07 -6.6595065706224E-08 0.1640164 3.0185109193234E-14 4.41432636013711E-14
8.90147928994083E-05 3.69533201840894E-05 2.1292129 1.89300152475198E-08 3.90672429952296E-07 0.1640164 1.52983293002103E-13 3.50940816261523E-13
12
3.5E-05 4.78740601503759E-05 0 0 0 0 0 0
3.5E-05 4.7875E-05 0.1640164 0 9.39849624060685E-10 0.1640164 8.8331731584701E-19 8.8331731584701E-19
3.5E-05 4.78702346041056E-05 0.3280328 0 -4.76539589443092E-09 0.1640164 2.27089980306591E-17 1.46348042667436E-17
3.5E-05 4.78725490196078E-05 0.4910491 0 2.31441550227629E-09 0.1630163 5.35651911717681E-18 2.28351619828021E-18
3.50618297587131E-05 4.82593833780161E-05 0.6550655 6.1829758713138E-08 3.86834358408244E-07 0.1640164 1.53463739907643E-13 1.52296908821548E-13
3.50641775636614E-05 4.82417412250516E-05 0.8190819 2.3478049482506E-09 -1.76421529644699E-08 0.1640164 3.16757749296785E-16 1.39308132352175E-13
3.49592004381161E-05 4.79408543263965E-05 0.9830983 -1.0497712554529E-07 -3.00886898655122E-07 0.1640164 1.01553122670049E-13 6.12606620018354E-15
3.49302380952381E-05 4.79061904761905E-05 1.1461146 -2.89623428780033E-08 -3.4663850206023E-08 0.1630163 2.04039981608863E-15 5.89908119295717E-15
3.50629032258064E-05 4.82663082437276E-05 1.310131 1.32665130568355E-07 3.60117767537126E-07 0.1640164 1.47284843364642E-13 1.57815382554871E-13
3.52531897926635E-05 4.86818181818182E-05 1.6381638 1.90286566857026E-07 4.1550993809058E-07 0.3280328 2.08857486178271E-13 7.16578108468418E-13
3.53734042553191E-05 4.86078014184397E-05 1.9651965 1.20214462655674E-07 -7.40167633784665E-08 0.3270327 1.99299982926165E-14 6.77806986350285E-13
3.53690476190476E-05 4.86112351190476E-05 2.1292129 -4.35663627153104E-09 3.43370060790704E-09 0.1640164 3.07705794671611E-17 6.79623079560812E-13
14
4.64352750809062E-05 1.41949838187702E-05 0 0 0 0 0 0
4.6434347826087E-05 1.41882608695652E-05 0.1640164 -9.27254819195866E-10 -6.7229492050096E-09 0.1640164 4.60578475128611E-17 4.60578475128611E-17
4.64444444444444E-05 1.41944444444444E-05 0.3280328 1.00966183574869E-08 6.18357487922694E-09 0.1640164 1.40178300543747E-16 8.43681523606541E-17
4.64973150357995E-05 1.41613961813842E-05 0.4920492 5.28705913550809E-08 -3.30482630601967E-08 0.1640164 3.88748712153191E-15 4.97708538834366E-15
4.65672883064516E-05 1.41678427419355E-05 0.6550655 6.99732706520919E-08 6.44656055123605E-09 0.1630163 4.93781674869166E-15 1.81641297706669E-14
4.65929772502473E-05 1.41730959446093E-05 0.8190819 2.56889437956644E-08 5.25320267381346E-09 0.1640164 6.87517971668968E-16 2.53490532501826E-14
4.65796277145812E-05 1.41729576008273E-05 0.9830983 -1.33495356661015E-08 -1.38343781996397E-10 0.1640164 1.78229241502534E-16 2.13228371257857E-14
4.6577685088634E-05 1.4177267987487E-05 1.1471147 -1.94262594718708E-09 4.31038665966454E-09 0.1640164 2.23532287264986E-17 2.05944609791003E-14
4.65792201382034E-05 1.41651036525173E-05 1.3111311 1.53504956936246E-09 -1.21643349696896E-08 0.1640164 1.50327422435213E-16 2.16130038555988E-14
4.64943609022556E-05 1.4155701754386E-05 1.4741474 -8.4859235947718E-08 -9.4018981313102E-09 0.1630163 7.28948561410202E-15 5.03421486683241E-15
4.66268412438625E-05 1.425E-05 1.6381638 1.32480341606886E-07 9.42982456140342E-08 0.1640164 2.64432000381619E-14 3.97243749869337E-14
4.65824115044248E-05 1.41769911504425E-05 1.8021802 -4.44297394377457E-08 -7.30088495575227E-08 0.1640164 7.30429386021897E-15 2.19728632394044E-14
4.65769650655022E-05 1.41722161572052E-05 1.9661966 -5.44643892258989E-09 -4.77499323723762E-09 0.1640164 5.24642573531672E-17 2.05944181479623E-14
4.65536193029491E-05 1.42067694369973E-05 2.130213 -2.33457625531273E-08 3.455327979208E-08 0.1640164 1.73895377357676E-15 1.41442556879357E-14
16
6.60862701908957E-05 5.40591042584435E-05 0 0 0 0 0 0
6.60862193362193E-05 5.40591630591631E-05 0.1640164 -5.0854676416634E-11 5.88007195929663E-11 0.1640164 6.0437227380912E-21 6.0437227380912E-21
6.6087676056338E-05 5.40584507042253E-05 0.3270327 1.45672011869635E-09 -7.12354937711268E-10 0.1630163 2.62948306149634E-18 2.40359075781658E-18
6.60910344827586E-05 5.40634482758621E-05 0.4910491 3.35842642058992E-09 4.99757163672143E-09 0.1640164 3.6254750286679E-17 4.15689642877333E-17
6.60877192982456E-05 5.40592105263158E-05 0.6550655 -3.31518451299928E-09 -4.23774954628442E-09 0.1640164 2.89489695722641E-17 2.11120497213544E-18
6.6087899543379E-05 5.40639269406393E-05 0.8190819 1.80245133378776E-10 4.71641432348235E-09 0.1640164 2.22770523788562E-17 2.59130530763667E-17
6.60365030674847E-05 5.40972392638037E-05 0.9820982 -5.13964758943359E-08 3.33123231644095E-08 0.1630163 3.75130860896711E-15 3.93104520643763E-15
6.60220417633411E-05 5.41049883990719E-05 1.1461146 -1.44613041435946E-08 7.74913526824861E-09 0.1640164 2.6917841493916E-16 6.23064526735917E-15
6.60290437890974E-05 5.41262287756926E-05 1.310131 7.00202575634989E-09 2.12403766206535E-08 0.1640164 5.0018196367979E-16 7.7805618787105E-15
6.60404515522107E-05 5.41178269049859E-05 1.4741474 1.14077631133114E-08 -8.40187070669174E-09 0.1640164 2.00728490621392E-16 5.54769686789452E-15
6.60818561001043E-05 5.41066214807091E-05 1.6381638 4.14045478935492E-08 -1.12054242768167E-08 0.1640164 1.83989811949268E-15 2.27737060935418E-15
6.60253751103266E-05 5.41317299205649E-05 1.8011801 -5.6480989777711E-08 2.51084398557992E-08 0.1630163 3.82053595826218E-15 8.98269763609941E-15
6.60181902985075E-05 5.41315298507463E-05 1.9651965 -7.18481181910136E-09 -2.00069818603765E-10 0.1640164 5.16615488082147E-17 9.88033816801158E-15
6.60508898776418E-05 5.41643492769744E-05 2.1292129 3.26995791343592E-08 3.28194262281443E-08 0.1640164 2.14637721350882E-15 1.23282804915245E-14
6.60408163265306E-05 5.41671668667467E-05 2.2932293 -1.00735511112049E-08 2.81758977228463E-09 0.1640164 1.0941524411494E-16 1.37435810990205E-14
6.59520833333333E-05 5.42952380952381E-05 2.4572457 -8.87329931972829E-08 1.280712284914E-07 0.1640164 2.42757836490455E-14 7.37653016218274E-14
37
6.61432038834952E-05 5.5125173370319E-05 0 0 0 0 0 0
6.61352339181286E-05 5.51381578947368E-05 0.1640164 -7.96996536649885E-09 1.29845244178384E-08 0.1640164 2.32118222300632E-16 2.32118222300632E-16
6.61406882591093E-05 5.51309041835358E-05 0.3280328 5.45434098066266E-09 -7.25371120108065E-09 0.1640164 8.2366161722019E-17 3.91705861759787E-17
6.61438014101058E-05 5.48324030552291E-05 0.4910491 3.11315099644105E-09 -2.98501128306619E-07 0.1630163 8.9112615309451E-14 8.57148144358668E-14
6.61702064896755E-05 5.48411504424779E-05 0.6550655 2.64050795697699E-08 8.74738724873225E-09 0.1640164 7.73745010765163E-16 8.13981642799794E-14
6.62587915601023E-05 5.48881074168798E-05 0.8190819 8.85850704267739E-08 4.69569744019225E-08 0.1640164 1.00522721474993E-14 6.95607772634786E-14
6.62390562819784E-05 5.48817509948835E-05 0.9830983 -1.97352781239033E-08 -6.3564219963439E-09 0.1640164 4.29885303223421E-16 6.84421351576767E-14
6.62782552083333E-05 5.4933203125E-05 1.1471147 3.91989263549419E-08 5.14521301165445E-08 0.1640164 4.18387752090998E-15 5.50914354283887E-14
6.63402740462117E-05 5.49472058033315E-05 1.310131 6.20188378783837E-08 1.40026783315434E-08 0.1630163 4.04241125224192E-15 7.05091039325726E-14
6.63483606557377E-05 5.49592440801457E-05 1.4741474 8.08660952598927E-09 1.20382768141809E-08 0.1640164 2.10313362280666E-16 6.96218305343947E-14
6.63840840272521E-05 5.49194738834216E-05 1.6381638 3.57233715143792E-08 -3.97701967240707E-08 0.1640164 2.85782781982564E-15 1.00335522566198E-13
6.64864079925651E-05 5.49114776951673E-05 1.8021802 1.02323965312976E-07 -7.9961882543671E-09 0.1640164 1.05341329039705E-14 1.63454902061024E-13
6.64345383986928E-05 5.49023692810457E-05 1.9661966 -5.18695938722544E-08 -9.10841412153473E-09 0.1640164 2.77341797628199E-15 1.3451746194234E-13
6.64182952182952E-05 5.4887422037422E-05 2.1292129 -1.62431803975949E-08 -1.49472436237161E-08 0.1630163 4.87261001375533E-16 1.32200938776368E-13
6.64509671179884E-05 5.48323984526112E-05 2.2932293 3.26718996931845E-08 -5.50235848108187E-08 0.1640164 4.09504791499487E-15 1.8043536094455E-13
6.64472681067344E-05 5.48132147395172E-05 2.4572457 -3.699011253957E-09 -1.91837130940584E-08 0.1640164 3.81697532332049E-16 1.89773239185878E-13
6.64141604010025E-05 5.4831328320802E-05 2.6212621 -3.31077057319362E-08 1.8113581284851E-08 0.1640164 1.42422200579539E-15 1.59762347505361E-13
6.64136644364385E-05 5.48363355635615E-05 2.7842784 -4.9596456400991E-10 5.00724275949693E-09 0.1630163 2.5318460901288E-17 1.56576189310904E-13
6.64477735670298E-05 5.48352676456656E-05 2.9482948 3.41091305913466E-08 -1.06791789594496E-09 0.1640164 1.16457323833001E-15 1.76808021315262E-13
6.64431923791822E-05 5.48926579925651E-05 3.1123112 -4.58118784769113E-09 5.73903468994956E-08 0.1640164 3.31463919934028E-15 1.44056498436613E-13
6.64339772727273E-05 5.48969318181818E-05 3.2763276 -9.21510645487444E-09 4.27382561676382E-09 0.1640164 1.03183772377175E-16 1.3664337000753E-13
6.64112205670351E-05 5.48903171552138E-05 3.440344 -2.27567056922027E-08 -6.61466296798352E-09 0.1640164 5.61621420141542E-16 1.26990384429266E-13
6.63940173253925E-05 5.48715484569572E-05 3.6043604 -1.7203241642548E-08 -1.87686982566078E-08 0.1640164 6.48215557259491E-16 1.27232979314178E-13
6.6375E-05 5.48957925636008E-05 3.7673767 -1.90173253925252E-08 2.42441066435575E-08 0.1630163 9.49435372029372E-16 1.06344994117432E-13
6.6496887966805E-05 5.48656639004149E-05 3.9313931 1.21887966804977E-07 -3.01286631858488E-08 0.1640164 1.57644127972174E-14 1.92437595756604E-13
6.64988461538462E-05 5.48192307692308E-05 4.0954095 1.95818704118267E-09 -4.64331311841661E-08 0.1640164 2.15987016805424E-15 2.20082299621056E-13
6.64568965517241E-05 5.48261494252873E-05 4.2594259 -4.19496021220169E-08 6.91865605658393E-09 0.1640164 1.80763691982483E-15 1.87818409802917E-13
6.65016953573292E-05 5.48703703703704E-05 4.4224422 4.47988056050121E-08 4.42209450830191E-08 0.1630163 3.96242496767106E-15 1.93440705594501E-13
6.64416352877891E-05 5.48731845077999E-05 4.5864586 -6.00600695400146E-08 2.81413742951742E-09 0.1640164 3.61513132262361E-15 1.52559689902561E-13
6.63949942462601E-05 5.49295166858458E-05 4.750475 -4.6641041529071E-08 5.63321780459063E-08 0.1640164 5.34870103831221E-15 1.01679924960339E-13
6.64083830351226E-05 5.4914844267727E-05 4.9144914 1.33887888625281E-08 -1.46724181188276E-08 0.1640164 3.94539520659058E-16 1.14558313855025E-13
6.63222748815166E-05 5.51460308056872E-05 5.0785078 -8.61081536060055E-08 2.31186537960234E-07 0.1640164 6.08618294514741E-14 3.25014549425348E-14
6.63814655172414E-05 5.51188936781609E-05 5.2415241 5.91906357247893E-08 -2.71371275262808E-08 0.1630163 4.23995504788234E-15 5.68080406490247E-14
6.6377245508982E-05 5.51205089820359E-05 5.4055405 -4.22000825933821E-09 1.61530387500619E-09 0.1640164 2.04176763174928E-17 5.47972389786036E-14
6.63909465020576E-05 5.51265432098765E-05 5.5695569 1.37009930755738E-08 6.03422784061536E-09 0.1640164 2.24129116889379E-16 6.13782815126026E-14
6.63168789808917E-05 5.51445859872611E-05 5.7335733 -7.4067521165901E-08 1.80427773846006E-08 0.1640164 5.81153950741144E-15 3.05398891522498E-14
6.63027704485488E-05 5.51490765171504E-05 5.8975897 -1.41085323429024E-08 4.49052988925303E-09 0.1640164 2.19215543556999E-16 2.6032849111469E-14
21
7.710407239819E-05 5.26278280542986E-05 0 0 0 0 0 0
7.71153576437588E-05 5.2632889200561E-05 0.1630163 1.12852455687289E-08 5.06114626237064E-09 0.1630163 1.52971969035623E-16 1.52971969035623E-16
7.71230769230769E-05 5.26416083916084E-05 0.3270327 7.71927931815242E-09 8.71919104738339E-09 0.1640164 1.35611565712426E-16 5.5106966254669E-16
7.71379654255319E-05 5.26429521276596E-05 0.4910491 1.48885024549941E-08 1.34373605118299E-09 0.1640164 2.23473131927613E-16 1.37747489742412E-15
7.7184940855323E-05 5.24087807097361E-05 0.6550655 4.69754297911038E-08 -2.34171417923456E-07 0.1640164 5.70429439763407E-14 5.45214465189593E-14
7.71468705547653E-05 5.26479374110953E-05 0.9830983 -3.80703005577345E-08 2.39156701359185E-07 0.3280328 5.86452755895628E-14 2.2360684370148E-15
7.72872608257805E-05 5.2456696878147E-05 1.4741474 1.40390271015178E-07 -1.91240532948278E-07 0.4910491 5.62823696380566E-14 6.28438794540855E-14
7.72824675324675E-05 5.24368131868132E-05 1.6381638 -4.79329331292888E-09 -1.98836913338383E-08 0.1640164 4.18336841843124E-16 6.83115035343691E-14
7.7284375E-05 5.24252403846154E-05 1.8011801 1.90746753246174E-09 -1.15728021978043E-08 0.1630163 1.375681830969E-16 7.35507921271307E-14
7.73114718614719E-05 5.23670995670996E-05 1.9651965 2.70968614718612E-08 -5.81408175158202E-08 0.1640164 4.11459456303314E-15 1.10993881406704E-13
7.7321615720524E-05 5.23689956331878E-05 2.1292129 1.01438590521639E-08 1.89606608820725E-09 0.1640164 1.06492943081016E-16 1.1431931931022E-13
7.73183576956148E-05 5.23703783319003E-05 2.2932293 -3.25802490922911E-09 1.38269871248298E-09 0.1640164 1.25265820386594E-17 1.12198548255419E-13
7.7346568236233E-05 5.24078212290503E-05 2.4572457 2.82105406182467E-08 3.74428971500222E-08 0.1640164 2.19780514896089E-15 1.07207234624039E-13
7.73923205342237E-05 5.23608096828047E-05 2.620262 4.57522979906599E-08 -4.70115462456064E-08 0.1630163 4.30335825182894E-15 1.54385798642169E-13
7.73563968668407E-05 5.21073759791123E-05 2.7842784 -3.59236673829741E-08 -2.53433703692401E-07 0.1640164 6.55191520454905E-14 3.34538000045649E-13
7.73634510869565E-05 5.2101902173913E-05 2.9482948 7.0542201157906E-09 -5.47380519922314E-09 0.1640164 7.9724564801067E-17 3.43875335845577E-13
7.73693661971831E-05 5.21031690140845E-05 3.1123112 5.91511022658153E-09 1.26684017146061E-09 0.1640164 3.65934130126358E-17 3.45647908262583E-13
7.75421122994652E-05 5.2329991087344E-05 3.2763276 1.72746102282147E-07 2.2682207325952E-07 0.1640164 8.1289468771421E-14 2.80585813993913E-13
7.75878586065574E-05 5.23798668032787E-05 3.6033603 4.57463070921307E-08 4.9875715934661E-08 0.3270327 4.58031165256252E-15 2.95533877413821E-13
7.76384560906516E-05 5.2649433427762E-05 3.9313931 5.05974840941832E-08 2.69566624483353E-07 0.3280328 7.52262704320103E-14 2.86032722931299E-13
7.76401137980085E-05 5.26433143669986E-05 4.0944094 1.65770735696924E-09 -6.11906076346003E-09 0.1630163 4.01908983082659E-17 2.87580208200403E-13
46
7.94983498349835E-05 2.46200495049505E-05 0 0 0 0 0 0
7.94958745874587E-05 2.4618399339934E-05 0.1630163 -2.4752475247567E-09 -1.65016501649973E-09 0.1630163 8.8498948904937E-18 8.8498948904937E-18
7.94537648612946E-05 2.46433289299868E-05 0.3270327 -4.21097261641563E-08 2.49295900527962E-08 0.1640164 2.3947134978207E-15 2.52975150886161E-15
7.94476439790576E-05 2.46413612565445E-05 0.4910491 -6.12088223699914E-09 -1.96767344228732E-09 0.1640164 4.13369381346944E-17 3.02527458118411E-15
7.86635928961749E-05 2.51782786885246E-05 0.6550655 -7.84051082882726E-07 5.36917431980086E-07 0.1640164 9.03016429333666E-13 1.00843896828297E-12
7.86579310344827E-05 2.51758620689655E-05 0.8190819 -5.66186169210425E-09 -2.41661955907091E-09 0.1640164 3.78967279138017E-17 1.01523136655206E-12
7.86470788043478E-05 2.51766304347826E-05 0.9820982 -1.08522301349296E-08 7.68365817091166E-10 0.1630163 1.18361284930349E-16 1.0344446990523E-12
7.86452476572959E-05 2.51793842034806E-05 1.1461146 -1.8311470519734E-09 2.75376869797839E-09 0.1640164 1.09363415679165E-17 1.04063863055515E-12
7.85837129840547E-05 2.51520501138952E-05 1.310131 -6.15346732411837E-08 -2.733408958537E-08 0.1640164 4.53366846436028E-15 1.11958521699456E-12
7.86049349240781E-05 2.51941431670282E-05 1.4741474 2.12219400234233E-08 4.20930531329802E-08 0.1640164 2.22219586041367E-15 1.1277737358659E-12
7.85434485896269E-05 2.51615104640582E-05 1.6381638 -6.14863344511605E-08 -3.26327029699627E-08 0.1640164 4.84546262736577E-15 1.2050163586214E-12
7.8542204797048E-05 2.51625922509225E-05 1.8011801 -1.24379257896123E-09 1.08178686427252E-09 0.1630163 2.7172827991916E-18 1.20856596477559E-12
7.85423509075194E-05 2.51659464131374E-05 1.9651965 1.46110471476391E-10 3.35416221491514E-09 0.1640164 1.12717524338395E-17 1.21193738368047E-12
7.8477411308204E-05 2.53140243902439E-05 2.1292129 -6.49395993154513E-08 1.48077977106478E-07 0.1640164 2.6144238863198E-14 1.5239166168807E-12
7.84807583474816E-05 2.53075834748161E-05 2.2932293 3.34703927761382E-09 -6.44091542782732E-09 0.1640164 5.26880634743136E-17 1.50819539515543E-12
7.84888392857143E-05 2.52988095238095E-05 2.4562456 8.08093823268052E-09 -8.77395100654965E-09 0.1630163 1.42283778985731E-16 1.47982671228733E-12
7.85143510815308E-05 2.51620216306156E-05 2.620262 2.55117958164846E-08 -1.36787893193883E-07 0.1640164 1.93617794502032E-14 1.26198733179451E-12
7.84762456546929E-05 2.53056199304751E-05 2.7842784 -3.81054268378449E-08 1.43598299859445E-07 0.1640164 2.20724952770174E-14 1.51470376372143E-12
7.85032493907392E-05 2.51602355808286E-05 2.9482948 2.70037360463107E-08 -1.45384349646491E-07 0.1640164 2.1865810882592E-14 1.2820258907077E-12
7.84662278191185E-05 2.53198340011448E-05 3.1123112 -3.70215716207554E-08 1.59598420316225E-07 0.1640164 2.68422525327052E-14 1.55497419674721E-12
7.8499185004075E-05 2.51617766911165E-05 3.2763276 3.29571849564871E-08 -1.58057310028276E-07 0.1640164 2.60682892936307E-14 1.29179870355585E-12
7.84960016835017E-05 2.51618265993266E-05 3.4393439 -3.18332057328519E-09 4.99082100553494E-11 0.1630163 1.01360207017317E-17 1.29822423676962E-12
7.84967672413793E-05 2.51622844827586E-05 3.6033603 7.65557877627998E-10 4.57883432023465E-10 0.1640164 7.95736101319872E-19 1.29718646296946E-12
7.84970161977835E-05 2.51624040920716E-05 3.7673767 2.48956404149681E-10 1.19609312989155E-10 0.1640164 7.62856789208767E-20 1.29681755115957E-12
7.84967919340055E-05 2.51535288725939E-05 3.9313931 -2.24263777965916E-10 -8.87521947766245E-09 0.1640164 7.88198150187866E-17 1.28771846471272E-12
7.84327956989247E-05 2.51384408602151E-05 4.0944094 -6.3996235080765E-08 -1.50880123788966E-08 0.1630163 4.32316622205827E-15 1.40413521408497E-12
7.83678836633663E-05 2.51237623762376E-05 4.2584258 -6.49120355583932E-08 -1.4678483977427E-08 0.1640164 4.42903025220968E-15 1.53168042187108E-12
7.836467324291E-05 2.51270036991369E-05 4.4224422 -3.21042045635522E-09 3.2413228992425E-09 0.1640164 2.08129736437379E-17 1.54222517041857E-12
7.83470930232558E-05 2.5343992248062E-05 4.5864586 -1.75802196541781E-08 2.16988548925148E-07 0.1640164 4.73930944877304E-14 1.84948534185324E-12
7.83431061806656E-05 2.53476624405705E-05 4.750475 -3.98684259019433E-09 3.67019250850831E-09 0.1640164 2.93652268884979E-17 1.86400848492334E-12
7.83431336742148E-05 2.53471512052593E-05 4.9134913 2.74935491404449E-11 -5.11235311211777E-10 0.1630163 2.62117438674141E-19 1.86320126069325E-12
7.83405511811024E-05 2.53469935576235E-05 5.0775077 -2.58249311239922E-09 -1.57647635834479E-10 0.1640164 6.69412345267361E-18 1.86894537864561E-12
7.83394679300292E-05 2.5348943148688E-05 5.2415241 -1.08325107319729E-09 1.94959106456949E-09 0.1640164 4.97433820663227E-18 1.87429321351161E-12
7.83431748466258E-05 2.53425996932515E-05 5.4055405 3.70691659661304E-09 -6.34345543651449E-09 0.1640164 5.39806575292904E-17 1.85650802834115E-12
7.83424124513619E-05 2.53439688715953E-05 5.5695569 -7.62395263905091E-10 1.36917834379702E-09 0.1640164 2.45589587554766E-18 1.86025048425749E-12
7.83411787974684E-05 2.53457278481013E-05 5.7325732 -1.23365389350738E-09 1.75897650593626E-09 0.163016300000001 4.61590027740165E-18 1.86565386778192E-12
7.83402448657188E-05 2.53477488151659E-05 5.8965896 -9.3393174955736E-10 2.02096706460964E-09 0.1640164 4.95653638906816E-18 1.87075340592353E-12
7.83396078431373E-05 2.53486274509804E-05 6.060606 -6.37022581543079E-10 8.7863581451586E-10 0.1640164 1.17779866394576E-18 1.87350882710894E-12
7.83439569536424E-05 2.5341059602649E-05 6.2246224 4.34911050513165E-09 -7.56784833138369E-09 0.1640164 7.61870905526733E-17 1.85247848547425E-12
7.83267926356589E-05 2.52880329457364E-05 6.3876387 -1.71643179834717E-08 -5.3026656912575E-08 0.163016300000001 3.10644015516167E-15 1.81874814845348E-12
7.83599167822469E-05 2.51321081830791E-05 6.5516551 3.31241465879657E-08 -1.55924762657374E-07 0.1640164 2.54097406969395E-14 1.55823390540998E-12
7.83701700154559E-05 2.512171561051E-05 6.7156715 1.02532332090703E-08 -1.03925725690104E-08 0.1640164 2.1313435584173E-16 1.5244585866565E-12
7.83647660818713E-05 2.51275584795322E-05 6.8796879 -5.40393358460278E-09 5.84286902211417E-09 0.1640164 6.33416165963793E-17 1.54257748460076E-12
7.83597733711048E-05 2.51320821529745E-05 7.0437043 -4.99271076652974E-09 4.52367344234261E-09 0.1640164 4.53907822111779E-17 1.55853379674096E-12
7.83663141993958E-05 2.51257552870091E-05 7.2067206 6.54082829095159E-09 -6.32686596544119E-09 0.1630163 8.28116676763708E-17 1.53724301824798E-12
7.83689547581903E-05 2.51228549141966E-05 7.370737 2.64055879455327E-09 -2.90037281249411E-09 0.1640164 1.53847131989476E-17 1.52834651905177E-12
14
5.725E-05 2.53937422552664E-05 0 0 0 0 0 0
5.725E-05 2.53721212121212E-05 0.1640164 0 -2.16210431452062E-08 0.1640164 4.67469506686867E-16 4.67469506686867E-16
5.725E-05 2.53553837342497E-05 0.3280328 0 -1.67374778714979E-08 0.1640164 2.80143165498883E-16 1.47137613458893E-15
5.73360899067006E-05 2.53301526717557E-05 0.4910491 8.60899067005931E-08 -2.52310624939867E-08 0.1630163 8.04807855029229E-15 1.14551071667799E-14
5.73535386631717E-05 2.51133682830931E-05 0.6550655 1.74487564710972E-08 -2.16784388662674E-07 0.1640164 4.7299930270237E-14 8.93298190436515E-14
5.72873931623932E-05 2.53004807692308E-05 0.9830983 -6.6145500778525E-08 1.87112486137718E-07 0.3280328 3.93863097418794E-14 1.00959533713389E-14
5.725E-05 2.53697916666667E-05 1.1471147 -3.73931623931654E-08 6.93108974358978E-08 0.1640164 6.20224909713118E-15 5.73630694274452E-16
5.725E-05 2.53510773130545E-05 1.310131 0 -1.87143536121681E-08 0.1630163 3.5022703112127E-16 1.82029729394627E-15
5.725E-05 2.53434099153567E-05 1.4741474 0 -7.66739769778724E-09 0.1640164 5.8788987456033E-17 2.53334444078607E-15
5.725E-05 2.53565270935961E-05 1.8021802 0 1.3117178239348E-08 0.3280328 1.72060364962824E-16 1.3849682581508E-15
5.725E-05 2.53495276653171E-05 1.9661966 0 -6.99942827892031E-09 0.1640164 4.89919962317493E-17 1.95492996438272E-15
5.725E-05 2.53552631578947E-05 2.1292129 0 5.73549257759609E-09 0.1630163 3.28958751076598E-17 1.48064093453931E-15
5.7141796875E-05 2.5114453125E-05 2.4572457 -1.08203125000003E-07 -2.40810032894736E-07 0.3280328 6.96973882025299E-14 8.97103345447377E-14
5.71462609970674E-05 2.51231671554252E-05 2.7852785 4.4641220674535E-09 8.7140304252209E-09 0.3280328 9.58627120848008E-17 8.39726653835125E-14
37
6.52039224952741E-05 4.52181789540013E-05 0 0 0 0 0 0
6.51178149205055E-05 4.49669792091317E-05 0.1640164 -8.61075747685902E-08 -2.51199744869588E-07 0.1640164 7.05158262550744E-14 7.05158262550744E-14
6.51628016295832E-05 4.51964901284864E-05 0.3280328 4.49867090776905E-08 2.29510919354695E-07 0.1640164 5.4699066096678E-14 2.16133074738449E-15
6.52036875E-05 4.51911875E-05 0.4910491 4.08858704168011E-08 -5.30262848636909E-09 0.1630163 1.69977226860391E-15 7.28593811881098E-16
6.5209186189889E-05 4.50597410604192E-05 0.6550655 5.49868988902347E-09 -1.31446439580763E-07 0.1640164 1.73084020689549E-14 2.51302726037084E-14
6.52674746335964E-05 4.50279735062007E-05 0.8190819 5.82884437073687E-08 -3.17675542185611E-08 0.1640164 4.40672017085632E-15 4.02169866583576E-14
6.53704069537732E-05 4.48963848281312E-05 0.9830983 1.02932320176819E-07 -1.31588678069498E-07 0.1640164 2.79106427330613E-14 1.31268534366235E-13
6.56340977068794E-05 4.48545613160518E-05 1.1461146 2.63690753106147E-07 -4.18235120793327E-08 0.1630163 7.12820194363369E-14 3.17268499307544E-13
6.57696601941748E-05 4.48799757281553E-05 1.310131 1.35562487295402E-07 2.5414412103494E-08 0.1640164 1.90230803042824E-14 4.34440565930005E-13
6.58831389698737E-05 4.49201895043732E-05 1.4741474 1.13478775698908E-07 4.02137762178398E-08 0.1640164 1.44945803318217E-14 5.50132731457117E-13
6.57828142380423E-05 4.48560901001112E-05 1.6381638 -1.00324731831407E-07 -6.40994042619454E-08 0.1640164 1.417378544378E-14 4.66223987956557E-13
6.58337811431363E-05 4.48848314606742E-05 1.8021802 5.09669050940289E-08 2.87413605629254E-08 0.1640164 3.42369122187183E-15 5.07842467594253E-13
6.59364467982667E-05 4.49044294655753E-05 1.9651965 1.02665655130437E-07 1.95980049011908E-08 0.1630163 1.09243185394689E-14 6.3503059596236E-13
6.58340743734842E-05 4.46868431689572E-05 2.1292129 -1.02372424782487E-07 -2.17586296618194E-07 0.1640164 5.78239098318667E-14 6.79409106080207E-13
6.56915823367065E-05 4.45982060717571E-05 2.2932293 -1.42492036777711E-07 -8.86370972000208E-08 0.1640164 2.81605155451063E-14 6.22178495663995E-13
6.56175442974794E-05 4.4615485400549E-05 2.4572457 -7.40380392271192E-08 1.72793287919077E-08 0.1640164 5.78020645609529E-15 5.34322514632434E-13
6.5449703760948E-05 4.47007985574446E-05 2.6212621 -1.67840536531443E-07 8.53131568955732E-08 0.1640164 3.54487804426514E-14 3.28090905297362E-13
6.54331706736491E-05 4.47158414663175E-05 2.7842784 -1.65330872988392E-08 1.50429088729283E-08 0.1630163 4.99632082990261E-16 3.04897678820659E-13
6.54653495814869E-05 4.47210733628754E-05 2.9482948 3.21789078378174E-08 5.23189655788769E-09 0.1640164 1.06285485122718E-15 3.15458090134301E-13
6.54971623155505E-05 4.48610244040863E-05 3.1123112 3.18127340635641E-08 1.39951041210836E-07 0.1640164 2.0598343984596E-14 2.13548964720725E-13
6.54817285382831E-05 4.48667343387471E-05 3.2763276 -1.54337772674467E-08 5.70993466083536E-09 0.1640164 2.70804834572162E-16 2.00689515123443E-13
6.54953860350661E-05 4.48737311596432E-05 3.4393439 1.36574967830683E-08 6.99682089608444E-09 0.1630163 2.35482721031404E-16 2.03595278066245E-13
6.55888400702988E-05 4.48615992970123E-05 3.6033603 9.34540352326394E-08 -1.21318626308806E-08 0.1640164 8.88083879215796E-15 2.75310591341236E-13
6.56752941176471E-05 4.48873109243697E-05 3.7673767 8.64540473482833E-08 2.57116273574454E-08 0.1640164 8.13539008426735E-15 3.31664859410751E-13
6.56381205673759E-05 4.48761524822695E-05 3.9313931 -3.7173550271163E-08 -1.11584421002462E-08 0.1640164 1.50638366986723E-15 3.05510073182188E-13
6.56483881688269E-05 4.49268029245596E-05 4.0954095 1.02676014509626E-08 5.06504422901486E-08 0.1640164 2.67089094374348E-15 2.82449725499862E-13
6.56120890069744E-05 4.49192959149784E-05 4.2584258 -3.62991618524262E-08 -7.50700958123929E-09 0.1630163 1.37398434404145E-15 2.55930972289148E-13
6.56426666666667E-05 4.51533333333333E-05 4.4224422 3.05776596922414E-08 2.34037418354923E-07 0.1640164 5.57085064624918E-14 1.96701402450762E-13
6.57075E-05 4.51405769230769E-05 4.5864586 6.48333333333255E-08 -1.27564102564151E-08 0.1640164 4.36608711374007E-15 2.59612378469542E-13
6.56232446415373E-05 4.51470805617147E-05 4.750475 -8.425535846267E-08 6.50363863778836E-09 0.1640164 7.14126274520394E-15 1.80886043732531E-13
6.55597633136095E-05 4.51479289940828E-05 4.9144914 -6.34813279278603E-08 8.48432368130148E-10 0.1640164 4.03059883296783E-15 1.31557744862123E-13
6.546875E-05 4.51645E-05 5.0775077 -9.10133136094657E-08 1.65710059171573E-08 0.1630163 8.55802149128142E-15 7.30150373620166E-14
6.5511862396204E-05 4.54036180308422E-05 5.2415241 4.31123962040374E-08 2.39118030842235E-07 0.1640164 5.90361113803219E-14 1.29214633804372E-13
6.55640189685833E-05 4.54047125074096E-05 5.4055405 5.21565723792463E-08 1.09447656737416E-09 0.1640164 2.72150592130809E-15 1.64464236636856E-13
6.55155781905333E-05 4.54032354703415E-05 5.5695569 -4.84407780500362E-08 -1.477037068085E-09 0.1640164 2.34869061659337E-15 1.31375186627456E-13
6.55593480934809E-05 4.51479089790898E-05 5.7335733 4.37699029476875E-08 -2.55326491251729E-07 0.1640164 6.71074215389693E-14 1.31265225234745E-13
6.52007042253521E-05 4.45903755868545E-05 5.8965896 -3.58643868128823E-07 -5.57533392235328E-07 0.1630163 4.39468907603837E-13 3.94147425062146E-13
14
8.9714364640884E-05 3.6782320441989E-05 0 0 0 0 0 0
8.97117117117117E-05 3.67733671171171E-05 0.1640164 -2.65292917225679E-09 -8.95332487183253E-09 0.1640164 8.72000594535862E-17 8.72000594535862E-17
8.96253955696202E-05 3.65043512658228E-05 0.3280328 -8.63161420914622E-08 -2.69015851294334E-07 0.1640164 7.98200046331688E-14 8.51823585400261E-14
8.96071972581873E-05 3.64838156892612E-05 0.4910491 -1.81983114328972E-08 -2.05355765615494E-08 0.1630163 7.52888443723972E-16 1.00589935315078E-13
8.95404530744337E-05 3.66124595469256E-05 0.8190819 -6.67441837536984E-08 1.28643857664329E-07 0.3280328 2.10040281797076E-14 5.90979566169371E-14
8.94637539184953E-05 3.66140282131661E-05 0.9830983 -7.6699155938357E-08 1.56866624057983E-09 0.1640164 5.88522123543073E-15 9.11280084583198E-14
8.94694214876033E-05 3.66055785123967E-05 1.1471147 5.66756910799882E-09 -8.44970076944662E-09 0.1640164 1.03518782687129E-16 9.12348580150723E-14
8.9502169197397E-05 3.67002892263196E-05 1.310131 3.27477097936679E-08 9.47107139229004E-08 0.1630163 1.00425318285158E-14 5.17560265808386E-14
8.93821585903084E-05 3.6621328928047E-05 1.4741474 -1.20010607088602E-07 -7.89602982726052E-08 0.1640164 2.06372745170736E-14 1.36279127600367E-13
8.93792296616271E-05 3.66207703383729E-05 1.6381638 -2.92892868129968E-09 -5.58589674064081E-10 0.1640164 8.8906456441109E-18 1.38413890299875E-13
8.92190376569038E-05 3.63353556485356E-05 1.8021802 -1.60192004723299E-07 -2.8541468983736E-07 0.1640164 1.07123023552226E-13 4.45126347645752E-13
8.92119260918253E-05 3.63026315789474E-05 2.1292129 -7.11156507846056E-09 -3.27240695881983E-08 0.3270327 1.12143908827842E-15 4.82545900906303E-13
8.94871134020618E-05 3.66340206185567E-05 2.4572457 2.75187310236547E-07 3.31389039609334E-07 0.3280328 1.85546751288422E-13 7.36359631762238E-14
8.94930889423077E-05 3.661328125E-05 2.6212621 5.97554024584213E-09 -2.07393685567041E-08 0.1640164 4.65828489360486E-16 7.75371832086972E-14
26
6.61302271553949E-05 5.46431337119257E-05 0 0 0 0 0 0
6.60261663597299E-05 5.4219766728054E-05 0.1640164 -1.04060795665035E-07 -4.23366983871638E-07 0.1640164 1.90068252227008E-13 1.90068252227008E-13
6.60306748466258E-05 5.42475898334794E-05 0.3280328 4.50848689587247E-09 2.78231054253837E-08 0.1640164 7.94451649602269E-16 1.66365621957576E-13
6.60068272095333E-05 5.45444389275075E-05 0.4920492 -2.38476370925014E-08 2.96849094028047E-07 0.1640164 8.86880944201682E-14 2.49682071100179E-14
6.60074742268041E-05 5.45475515463917E-05 0.6550655 6.4701727085037E-10 3.11261888430181E-09 0.1630163 1.01070276676909E-17 2.42042318457721E-14
6.60656418312388E-05 5.46094030520646E-05 0.8190819 5.8167604434658E-08 6.18515056728768E-08 0.1640164 7.20907895966875E-15 5.30902151101605E-15
6.61016617790811E-05 5.43621700879765E-05 0.9830983 3.60199478423624E-08 -2.47232964088091E-07 0.1640164 6.242157517435E-14 7.9756538706571E-14
6.62400492797574E-05 5.46050985595148E-05 1.1471147 1.38387500676245E-07 2.42928471538249E-07 0.1640164 7.81653426273278E-14 1.35075718184001E-14
6.63216441761364E-05 5.46098188920455E-05 1.3111311 8.15948963789736E-08 4.72033253066684E-09 0.1640164 6.68000865429552E-15 3.77503530531739E-14
6.63109179885251E-05 5.45739115761053E-05 1.4741474 -1.07261876112119E-08 -3.59073159401575E-08 0.1630163 1.4043864386972E-15 3.74408812648233E-14
6.6291958041958E-05 5.44826146076146E-05 1.6381638 -1.8959946567108E-08 -9.12969684906883E-08 0.1640164 8.69461602941733E-15 5.19232625173098E-14
6.60737320837927E-05 5.45782800441014E-05 1.8021802 -2.1822595816532E-07 9.56654364868257E-08 0.1640164 5.67744445553868E-14 7.39769134559403E-15
6.61940650023552E-05 5.45075365049458E-05 1.9661966 1.2033291856244E-07 -7.07435391556004E-08 0.1640164 1.94846596220147E-14 2.24618732452465E-14
6.61613593155893E-05 5.44890684410646E-05 2.130213 -3.27056867658086E-08 -1.8468063881194E-08 0.1640164 1.41073133034305E-15 2.47053190838497E-14
6.60817652329749E-05 5.41167114695341E-05 2.2932293 -7.95940826144346E-08 -3.72356971530586E-07 0.1630163 1.44984932234663E-13 2.79468935209248E-13
6.60988308366825E-05 5.40713372305444E-05 2.4572457 1.70656037075787E-08 -4.5374238989659E-08 0.1640164 2.35005639379481E-15 3.27936944948686E-13
6.61635140405616E-05 5.40973088923557E-05 2.6212621 6.46832038791274E-08 2.59716618112975E-08 0.1640164 4.85844408130917E-15 2.99032750382686E-13
6.62061824729892E-05 5.43389855942377E-05 2.7852785 4.26684324275755E-08 2.41676701882007E-07 0.1640164 6.02282233583909E-14 9.82752877639738E-14
6.6178671655753E-05 5.43776894293732E-05 2.9492949 -2.75108172361627E-08 3.870383513555E-08 0.1640164 2.25483191920138E-15 7.2807536754709E-14
6.61336459554513E-05 5.4503223915592E-05 3.1123112 -4.50257003016929E-08 1.25534486218783E-07 0.1630163 1.77862209178716E-14 1.95864393039424E-14
6.62805676855895E-05 5.44495997088792E-05 3.2763276 1.46921730138175E-07 -5.3624206712847E-08 0.1640164 2.44615503323768E-14 6.00576853543806E-14
6.62652268489745E-05 5.44097265382225E-05 3.440344 -1.53408366149961E-08 -3.98731706566835E-08 0.1640164 1.82521100626501E-15 7.27038260026779E-14
6.62664057796508E-05 5.44030704394943E-05 3.6043604 1.17893067628927E-09 -6.65609872822159E-09 0.1640164 4.5693527819329E-17 7.61749924746852E-14
6.61644178874325E-05 5.43014649190439E-05 3.7683768 -1.01987892218276E-07 -1.01605520450335E-07 0.1640164 2.07252119451099E-14 1.17906570186514E-13
6.61579166666667E-05 5.43414583333333E-05 3.9313931 -6.50122076586968E-09 3.99934142893912E-08 0.1630163 1.64173905796945E-15 9.17747430832878E-14
6.61947393822394E-05 5.45036196911197E-05 4.0954095 3.68227155727112E-08 1.62161357786353E-07 0.1640164 2.76522183412623E-14 2.36259894138771E-14
15
3.38597645429363E-05 5.36402354570637E-05 0 0 0 0 0 0
3.38656609195402E-05 5.36415229885057E-05 0.1640164 5.8963766039426E-09 1.28753144203841E-09 0.1640164 3.64249942697592E-17 3.64249942697592E-17
3.38689458689459E-05 5.36399572649573E-05 0.3270327 3.28494940563928E-09 -1.56572354848095E-09 0.1630163 1.32423828278776E-17 8.43741381423117E-17
3.38582036775106E-05 5.36410891089109E-05 0.4910491 -1.07421914352628E-08 1.13184395362254E-09 0.1640164 1.16675747567185E-16 3.16502235327986E-18
3.39640663390663E-05 5.36557125307125E-05 0.8190819 1.05862661555733E-07 1.46234218016374E-08 0.3280328 1.14207475768523E-14 1.11184044846859E-14
3.41236263736264E-05 5.36456043956044E-05 0.9830983 1.5956003456003E-07 -1.01081351081334E-08 0.1640164 2.55615790241623E-14 6.96518911961753E-14
3.41325806451613E-05 5.36432258064516E-05 1.1461146 8.95427153491823E-09 -2.37858915278366E-09 0.1630163 8.58366650787871E-17 7.44375678227037E-14
3.41426302414231E-05 5.36426302414231E-05 1.310131 1.00495962618368E-08 -5.95565028483236E-10 0.1640164 1.01349082729076E-16 8.00187383725745E-14
3.41245123537061E-05 5.36391417425228E-05 1.4741474 -1.81178877170183E-08 -3.48849890036718E-09 0.1640164 3.40427479904345E-16 7.0092599518909E-14
3.41503856041131E-05 5.36323907455013E-05 1.6381638 2.58732504070025E-08 -6.75099702147719E-09 0.1640164 7.15001047407449E-16 8.45221406990396E-14
3.41475095785441E-05 5.36382503192848E-05 1.8011801 -2.87602556905142E-09 5.85957378351765E-09 0.1630163 4.26061279983249E-17 8.28011462889182E-14
3.41359819121447E-05 5.36379198966408E-05 1.9651965 -1.15276663993598E-08 -3.30422643976647E-10 0.1640164 1.32996271738581E-16 7.63013968724874E-14
3.412E-05 5.36385714285714E-05 2.1292129 -1.59819121447029E-08 6.51531930607518E-10 0.1640164 2.55846009657603E-16 6.77252621039799E-14
3.41301859799714E-05 5.36398426323319E-05 2.2932293 1.01859799713893E-08 1.27120376047429E-09 0.1640164 1.05370146978187E-16 7.31279079193967E-14
3.41496097137901E-05 5.33963573287077E-05 2.4572457 1.94237338187264E-08 -2.43485303624183E-07 0.1640164 5.96623745164215E-14 1.43486764557702E-13
23
6.97977243994943E-06 2.5706384323641E-05 0 0 0 0 0 0
7.0677599009901E-06 2.54679764851485E-05 0.1640164 8.79874610406679E-08 -2.38407838492446E-07 0.1640164 6.45800907550232E-14 6.45800907550232E-14
7.07064247471743E-06 2.5469512195122E-05 0.3280328 2.88257372733103E-09 1.53570997343522E-09 0.1640164 1.06676364160075E-17 6.4365768487864E-14
7.09649122807018E-06 2.54561403508772E-05 0.4920492 2.58487533527454E-08 -1.33718442447588E-08 0.1640164 8.46964268397155E-16 7.62453214049693E-14
7.09198701947079E-06 2.54574388417374E-05 0.6550655 -4.50420859938205E-09 1.29849086020073E-09 0.1630163 2.19739736207721E-17 7.45659648173561E-14
7.10461956521739E-06 2.54519515810277E-05 0.8190819 1.26325457465981E-08 -5.4872607097245E-09 0.1640164 1.8969124213638E-16 8.0322825201396E-14
7.08770853778214E-06 2.54575564278705E-05 0.9830983 -1.69110274352526E-08 5.60484684279317E-09 0.1640164 3.17397157047036E-16 7.35655229289266E-14
7.09478155339806E-06 2.54540048543689E-05 1.1471147 7.07301561591933E-09 -3.55157350152879E-09 0.1640164 6.26412242398002E-17 7.692249268627E-14
7.08678102926337E-06 2.54588799192735E-05 1.3111311 -8.00052413468766E-09 4.87506490452816E-09 0.1640164 8.77746442530819E-17 7.27092683682706E-14
7.05656836461126E-06 2.54731903485255E-05 1.4741474 -3.02126646521108E-08 1.431042925201E-08 0.1630163 1.11759349075769E-15 6.02770440748293E-14
7.08648036253776E-06 2.54583333333333E-05 1.6381638 2.99119979265043E-08 -1.48570151921383E-08 0.1640164 1.11545852037463E-15 7.29158745357131E-14
7.08798391151332E-06 2.54578934137758E-05 1.8021802 1.50354897555882E-09 -4.39919557564394E-10 0.1640164 2.45418873903163E-18 7.34574548636546E-14
7.10477557411273E-06 2.54545929018789E-05 1.9661966 1.67916625994122E-08 -3.30051189685321E-09 0.1640164 2.92853311633769E-16 7.90247036236018E-14
7.09179786693753E-06 2.54574657186389E-05 2.130213 -1.29777071752031E-08 2.8728167599894E-09 0.1640164 1.76673959661794E-16 7.45101682080365E-14
7.05613333333333E-06 2.54736E-05 2.2932293 -3.56645336041987E-08 1.61342813610972E-08 0.1630163 1.53227399224407E-15 6.00195273713668E-14
7.05615260612574E-06 2.54736700698549E-05 2.4572457 1.92727924055447E-11 7.00698549138679E-11 0.1640164 5.28122509475771E-21 5.99898537003166E-14
7.05636856368564E-06 2.54739837398374E-05 2.6212621 2.15957559897895E-10 3.13669982482168E-10 0.1640164 1.45026525587416E-19 5.98769975236494E-14
7.10299527062533E-06 2.54545454545455E-05 2.7852785 4.66267069396915E-08 -1.94382852919439E-08 0.1640164 2.55189673513088E-15 7.86066819870851E-14
7.06607551487414E-06 2.54732551487414E-05 2.9482948 -3.69197557511862E-08 1.87096941959659E-08 0.1630163 1.71312102163381E-15 6.17974329308015E-14
7.2598452883263E-06 2.53948663853727E-05 3.1123112 1.93769773452159E-07 -7.83887633687037E-08 0.1640164 4.36915233261756E-14 1.75484226260832E-13
7.3752052545156E-06 2.51288998357964E-05 3.2763276 1.15359966189298E-07 -2.65966549576326E-07 0.1640164 8.40461272927325E-14 4.89855444536829E-13
7.26827242524917E-06 2.51312292358804E-05 3.440344 -1.06932829266429E-07 2.32940008400817E-09 0.1640164 1.14400560796747E-14 4.14035616494811E-13
7.13925822253324E-06 2.54398180545836E-05 3.6043604 -1.2901420271593E-07 3.08588818703228E-07 0.1640164 1.11871723531081E-13 9.64932906455177E-14
36
1.01505267423015E-05 1.3419773095624E-06 0 0 0 0 0 0
1.01303571428571E-05 1.3625E-06 0.1630163 -2.01695994443156E-08 2.05226904376012E-08 0.1630163 8.27993564541747E-16 8.27993564541747E-16
1.01344103930713E-05 1.35376415722851E-06 0.3270327 4.05325021414349E-09 -8.73584277148565E-09 0.1640164 9.27437862265723E-17 3.98666490413085E-16
1.01326315789474E-05 1.35456140350877E-06 0.4910491 -1.77881412391834E-09 7.97246280257458E-10 0.1640164 3.79978131883572E-18 4.78596291920726E-16
1.01483580922596E-05 1.33092259577795E-06 0.6550655 1.57265133122095E-08 -2.36388077308203E-08 0.1640164 8.06116451893792E-16 1.26909739860198E-16
1.01481751824818E-05 1.3242700729927E-06 0.8190819 -1.82909777825202E-10 -6.65252278525075E-09 0.1640164 4.42895153951044E-17 3.19076060520905E-16
1.01394173602854E-05 1.12098692033294E-06 0.9820982 -8.75782219637777E-09 -2.03283152659764E-07 0.1630163 4.14007396049162E-14 4.89601705005683E-14
1.02023026315789E-05 1.10663377192982E-06 1.1461146 6.28852712935721E-08 -1.43531484031125E-08 0.1640164 4.16057021474794E-15 5.80673234158896E-14
1.02511584800741E-05 1.12650602409639E-06 1.310131 4.88558484951955E-08 1.98722521665611E-08 0.1640164 2.78180033835689E-15 5.65546215075264E-14
1.02567375886525E-05 1.24184397163121E-06 1.4741474 5.5791085783401E-09 1.1533794753482E-07 0.1640164 1.33339685940738E-14 2.13074292478433E-14
1.0249660556687E-05 1.24660556687033E-06 1.6381638 -7.07703196544962E-09 4.76159523912689E-09 0.1640164 7.27571706612716E-17 1.89232824587552E-14
1.02344339622641E-05 1.13325471698113E-06 1.8011801 -1.52265944228827E-08 -1.13350849889201E-07 0.1630163 1.30802643483231E-14 5.0605542215713E-14
1.0292458432304E-05 1.14964370546318E-06 1.9651965 5.80244700398875E-08 1.63889884820509E-08 0.1640164 3.6354380668746E-15 5.71368198927821E-14
1.03531167108753E-05 1.13395225464191E-06 2.1292129 6.06582785712941E-08 -1.56914508212731E-08 0.1640164 3.92564838810915E-15 8.43171188414354E-14
1.03103917301415E-05 1.15152339499456E-06 2.2932293 -4.27249807338743E-08 1.75711403526495E-08 0.1640164 2.13416895200244E-15 6.18295079112969E-14
1.0423017507724E-05 1.14984552008239E-06 2.4572457 1.12625777582538E-07 -1.67787491216997E-09 0.1640164 1.26873810402923E-14 1.11165841769351E-13
1.04848754448399E-05 1.13411921708185E-06 2.620262 6.18579371158621E-08 -1.57263030005388E-08 0.1630163 4.0737209902947E-15 1.54994041498763E-13
1.05284380305603E-05 1.1286078098472E-06 2.7842784 4.35625857204141E-08 -5.51140723465204E-09 0.1640164 1.9280744843546E-15 1.88343485202151E-13
1.05668449197861E-05 1.11176470588235E-06 2.9482948 3.84068892258238E-08 -1.68431039648456E-08 0.1640164 1.7587792911753E-15 2.26318667797276E-13
1.06374680306905E-05 1.13299232736573E-06 3.1123112 7.06231109044406E-08 2.1227621483376E-08 0.1640164 5.4382357076624E-15 2.80786541121757E-13
1.05684793554884E-05 1.11027190332326E-06 3.2763276 -6.89886752021174E-08 -2.27204240424661E-08 0.1640164 5.27565497481272E-15 2.28371782150252E-13
1.04770091135046E-05 1.13338856669428E-06 3.4393439 -9.14702419838616E-08 2.31166633710205E-08 0.1630163 8.90118529399527E-15 1.50100002357699E-13
1.04647212543554E-05 1.13022648083624E-06 3.6033603 -1.2287859149156E-08 -3.16208585804634E-09 0.1640164 1.60990269443153E-16 1.43556604871032E-13
1.0366049382716E-05 1.13364197530864E-06 3.7673767 -9.86718716393522E-08 3.41549447240497E-09 0.1640164 9.74780385530383E-15 8.98536200299015E-14
1.03667512690355E-05 1.13293147208122E-06 3.9313931 7.0188631948298E-10 -7.1050322742372E-10 0.1640164 9.97459241656887E-19 9.04532081295823E-14
1.03302816901408E-05 1.27816901408451E-06 4.0944094 -3.64695788946872E-08 1.45237542003289E-07 0.1630163 2.24239737919129E-14 3.63833398445345E-14
1.03584942084942E-05 9.25096525096525E-07 4.2584258 2.82125183533637E-08 -3.53072488987982E-07 0.1640164 1.25456128672008E-13 2.17040055451515E-13
1.03729813664596E-05 1.13478260869565E-06 4.4224422 1.44871579654193E-08 2.09686083599127E-07 0.1640164 4.41781314010552E-14 9.2415703876613E-14
1.04285714285714E-05 1.11922268907563E-06 4.5864586 5.55900621118006E-08 -1.5559919620022E-08 0.1640164 3.3323661041754E-15 1.2692846851117E-13
1.04729357798165E-05 1.13623853211009E-06 4.750475 4.43643512450844E-08 1.70158430344616E-08 0.1640164 2.25773457557066E-15 1.46276032018954E-13
1.04825021872266E-05 1.12904636920385E-06 4.9134913 9.56640741008385E-09 -7.19216290624236E-09 0.1630163 1.43243358005636E-16 1.5554728139522E-13
1.04436288901938E-05 9.52730475631239E-07 5.0775077 -3.8873297032822E-08 -1.7631589357261E-07 0.1640164 3.25984275485101E-14 2.37421966824521E-13
1.03638059701493E-05 9.07276119402985E-07 5.2415241 -7.98229200445206E-08 -4.5454356228254E-08 0.1640164 8.43779706455894E-15 2.34453153757363E-13
1.03626292466765E-05 8.98449039881832E-07 5.4055405 -1.17672347274045E-09 -8.82707952115347E-09 0.1640164 7.93020110040653E-17 2.41704798368008E-13
1.04337739761534E-05 9.08242612752722E-07 5.5695569 7.11447294769343E-08 9.79357287089011E-09 0.1640164 5.1574866019236E-15 2.68354782701386E-13
1.04026937877955E-05 8.88262781748213E-07 5.7325732 -3.10801883579561E-08 -1.99798310045084E-08 0.163016300000001 1.36517175533475E-15 2.69445091582839E-13
22
6.26356232294618E-05 2.96363314447592E-05 0 0 0 0 0 0
6.26275641025641E-05 2.96211538461538E-05 0.1640164 -8.0591268976562E-09 -1.51775986053622E-08 0.1640164 2.95309025778017E-16 2.95309025778017E-16
6.25444510739857E-05 2.96372315035799E-05 0.3280328 -8.31130285784241E-08 1.60776574261057E-08 0.1640164 7.16626658778915E-15 8.31317204003535E-15
6.25132953466287E-05 2.96201329534663E-05 0.8190819 -3.1155727356996E-08 -1.70985501136656E-08 0.4910491 1.263039763133E-15 1.52265020385897E-14
6.2558690744921E-05 2.96396726862302E-05 0.9830983 4.53953982923139E-08 1.95397327639633E-08 0.1640164 2.44254334260491E-15 5.92977107218245E-15
6.26284570596798E-05 2.96259097525473E-05 1.1471147 6.97663147587733E-08 -1.37629336829406E-08 0.1640164 5.05675701858124E-15 1.59965657903858E-16
6.26729208924949E-05 2.93597870182556E-05 1.4741474 4.44638328151612E-08 -2.66122734291731E-07 0.3270327 7.27983421355217E-14 7.78679354979577E-14
6.24635974304069E-05 2.91488222698073E-05 1.8021802 -2.09323462088079E-07 -2.10964748448298E-07 0.3280328 8.83224368683931E-14 2.67258071202789E-13
6.23525954946131E-05 2.92815866797258E-05 1.9661966 -1.11001935793723E-07 1.32764409918479E-07 0.1640164 2.99478182909559E-14 2.05948547012183E-13
6.23786848072562E-05 2.93072562358277E-05 2.130213 2.60893126431085E-08 2.56695561019065E-08 0.1640164 1.33957834465879E-15 1.74307845938801E-13
6.23247453565009E-05 2.96138406231276E-05 2.2932293 -5.39394507553368E-08 3.06584387299957E-07 0.1630163 9.69034508838771E-14 9.71508889543316E-14
6.23851309226933E-05 2.99265897755611E-05 2.4572457 6.0385566192366E-08 3.12749152433476E-07 0.1640164 1.0145844895223E-13 1.469962943501E-13
6.23748306233062E-05 2.99761178861789E-05 2.6212621 -1.03002993870334E-08 4.95281106177643E-08 0.1640164 2.55912990882802E-15 1.83467609198024E-13
6.23644736842105E-05 2.99817669172932E-05 2.7852785 -1.03569390957077E-08 5.64903111436976E-09 0.1640164 1.39177739963316E-16 1.92847741574756E-13
6.225E-05 2.99159192825112E-05 2.9482948 -1.14473684210523E-07 -6.58476347820205E-08 0.1630163 1.74401353831169E-14 2.26874634119356E-13
6.22443931398417E-05 3.01220316622691E-05 3.440344 -5.60686015830925E-09 2.06112379757919E-07 0.4920492 4.25137499703073E-14 3.88965684313311E-13
6.21416666666667E-05 3.01221153846154E-05 3.6043604 -1.02726473175025E-07 8.37223462539782E-11 0.1640164 1.05527353004104E-14 4.7997912215053E-13
6.21414780292943E-05 3.01128495339547E-05 3.7673767 -1.88637372389167E-10 -9.26585066065755E-09 0.1630163 8.58915725238698E-17 4.71248968179108E-13
6.21343441466855E-05 3.01029619181946E-05 3.9313931 -7.13388260880521E-09 -9.88761576008557E-09 0.1640164 1.48657226495306E-16 4.69024717567611E-13
6.21482334869432E-05 3.01129032258065E-05 4.0954095 1.38893402576912E-08 9.94130761181111E-09 0.1640164 2.91743369826574E-16 4.64669423602885E-13
6.21289398280802E-05 3.01196275071633E-05 4.4234423 -1.92936588629351E-08 6.72428135687042E-09 0.3280328 4.17461232085669E-16 4.90303153170878E-13
6.21266983695652E-05 3.01199048913043E-05 4.5864586 -2.24145851500879E-09 2.77384141025294E-10 0.1630163 5.10107823619774E-18 4.92847791224257E-13
30
6.38347457627119E-05 2.75474576271186E-05 0 0 0 0 0 0
6.39362887596899E-05 2.75397286821705E-05 0.1640164 1.01542996978061E-07 -7.72894494809862E-09 0.1640164 1.03707168252973E-14 1.03707168252973E-14
6.41082474226804E-05 2.78727295041728E-05 0.3280328 1.71958662990484E-07 3.33000822002258E-07 0.1640164 1.40459329231655E-13 1.80604952007886E-13
6.4136925795053E-05 2.81656360424028E-05 0.4920492 2.86783723725961E-08 2.92906538230024E-07 0.1640164 8.66166891798381E-14 4.73457325068959E-13
6.41673121611154E-05 2.81396204492641E-05 0.6560656 3.0386366062416E-08 -2.60155931386912E-08 0.1640164 1.60014232883706E-15 4.61257217278428E-13
6.41587732919255E-05 2.81354813664596E-05 0.8190819 -8.53886918994817E-09 -4.13908280451025E-09 0.1630163 9.00442935056386E-17 4.50765757716828E-13
6.40191455696203E-05 2.83416139240506E-05 0.9830983 -1.39627722305221E-07 2.06132557591008E-07 0.1640164 6.19865321351542E-14 6.64687512744584E-13
6.40241682360326E-05 2.83458882611425E-05 1.1471147 5.02266641238691E-09 4.27433709186431E-09 0.1640164 4.34971354650067E-17 6.73372350746695E-13
6.40770582329317E-05 2.81398092369478E-05 1.3111311 5.2889996899097E-08 -2.06079024194707E-07 0.1640164 4.52659159850293E-14 4.09595762891239E-13
6.40775686673449E-05 2.81391149542218E-05 1.4751475 5.10434413129701E-10 -6.94282726019679E-10 0.1640164 7.4257179375638E-19 4.09021355729226E-13
6.4072545340838E-05 2.79310506566604E-05 1.6381638 -5.02332650684423E-09 -2.08064297561357E-07 0.1630163 4.33159857288953E-14 2.03692251670013E-13
6.41316680779001E-05 2.81555884843353E-05 1.8021802 5.91227370620686E-08 2.24537827674894E-07 0.1640164 5.39127340946708E-14 4.57986000755812E-13
6.41228298611111E-05 2.81493055555556E-05 1.9661966 -8.83821678897334E-09 -6.28292877975056E-09 0.1640164 1.17589270060308E-16 4.45213376714315E-13
6.41260144274121E-05 2.81553201082056E-05 2.130213 3.1845663009733E-09 6.01455265003281E-09 0.1640164 4.63163061053115E-17 4.54334230949432E-13
6.41254537205082E-05 2.815222323049E-05 2.2942294 -5.60706903925734E-10 -3.09687771557066E-09 0.1640164 9.90504381730811E-18 4.50252551747241E-13
6.41446850393701E-05 2.81624015748031E-05 2.4572457 1.92313188619124E-08 1.01783443131289E-08 0.1630163 4.73442318125152E-16 4.7421841400922E-13
6.41721183800623E-05 2.81411604361371E-05 2.6212621 2.74333406922267E-08 -2.12411386660776E-08 0.1640164 1.20377415336732E-15 4.66303308374258E-13
6.4112471395881E-05 2.83933638443936E-05 2.7852785 -5.9646984181299E-08 2.52203408256523E-07 0.1640164 6.71643218581308E-14 7.92688855743617E-13
6.42336592897581E-05 2.83145908389089E-05 2.9492949 1.21187893877106E-07 -7.87730054846918E-08 0.1640164 2.08916920154601E-14 7.47625366692116E-13
6.41909131602507E-05 2.83748880931065E-05 3.1123112 -4.27461295074352E-08 6.02972541976321E-08 0.1630163 5.46299045164028E-15 8.11496391114509E-13
6.41860841423948E-05 2.8373786407767E-05 3.2763276 -4.82901785585455E-09 -1.10168533954536E-09 0.1640164 2.45331240395312E-17 8.06257910766028E-13
6.42385371179039E-05 2.84088427947598E-05 3.440344 5.24529755091123E-08 3.50563869928351E-08 0.1640164 3.98026490875095E-15 9.05031865560074E-13
6.41498998998999E-05 2.83480980980981E-05 3.6043604 -8.86372180040382E-08 -6.07446966617253E-08 0.1640164 1.15464745880204E-14 7.40347293956937E-13
6.41757115291847E-05 2.83803666184274E-05 3.7683768 2.58116292848598E-08 3.22685203292998E-08 0.1640164 1.70749761058147E-15 8.09995041709415E-13
6.43050955414013E-05 2.83434713375796E-05 3.9313931 1.29384012216519E-07 -3.689528084778E-08 0.1630163 1.8101484366081E-14 8.54866741555027E-13
6.42037533512064E-05 2.84143766756032E-05 4.0954095 -1.01342190194842E-07 7.09053380236E-08 0.1640164 1.52978064737285E-14 8.87715236991979E-13
6.41877748460862E-05 2.83944591029024E-05 4.2594259 -1.59785051202448E-08 -1.99175727008445E-08 0.1640164 6.52022328171115E-16 8.42041033687934E-13
6.42125884732053E-05 2.84560161779575E-05 4.4234423 2.48136271190731E-08 6.15570750551591E-08 0.1640164 4.40498958015089E-15 9.68243754175461E-13
6.4184113865932E-05 2.8458448117539E-05 4.5874587 -2.84746072732105E-08 2.4319395814949E-09 0.1640164 8.16717589491614E-16 9.51961745184045E-13
6.425E-05 2.84061004784689E-05 4.750475 6.58861340679522E-08 -5.23476390701276E-08 0.1630163 7.08125797863652E-15 9.09703627760654E-13
43
7.11517595307918E-05 4.81242668621701E-05 0 0 0 0 0 0
7.11301128349788E-05 4.81177715091678E-05 0.1640164 -2.16466958129473E-08 -6.49535300224358E-09 0.1640164 5.10769050242025E-16 5.10769050242025E-16
7.11244680851064E-05 4.81187943262411E-05 0.3270327 -5.64474987245944E-09 1.02281707329155E-09 0.1630163 3.29093558880476E-17 7.74771657093178E-16
7.08743188010899E-05 4.81123978201635E-05 0.4910491 -2.50149284016473E-07 -6.39650607764963E-09 0.1640164 6.26155795839555E-14 7.7114232655666E-14
7.08211820534944E-05 4.83552631578947E-05 0.6550655 -5.31367475955165E-08 2.42865337731253E-07 0.1640164 6.18070862163451E-14 1.62640757134821E-13
7.075E-05 4.83719052744887E-05 0.8190819 -7.11820534943968E-08 1.66421165939568E-08 0.1640164 5.34384478440601E-15 2.22735503837722E-13
7.075E-05 4.83760845986985E-05 0.9830983 0 4.17932420978673E-09 0.1640164 1.74667508505095E-17 2.24822893012326E-13
7.075E-05 4.83810706401766E-05 1.1461146 0 4.98604147811932E-09 0.1630163 2.48606096215263E-17 2.27358900980461E-13
7.06677310293013E-05 4.83657024793388E-05 1.310131 -8.22689706987205E-08 -1.53681608377596E-08 0.1640164 7.00436390736218E-15 2.92574747492809E-13
7.06582850940666E-05 4.83563675832127E-05 1.4741474 -9.44593523470871E-09 -9.33489612610572E-09 0.1640164 1.76365978143495E-16 2.97387764409793E-13
7.06613970588235E-05 4.83847426470588E-05 1.6381638 3.11196475695397E-09 2.83750638460845E-08 0.1640164 8.14828572917893E-16 3.08302988428232E-13
7.06898814563929E-05 4.83844199830652E-05 1.8011801 2.84843975693576E-08 -3.22663993621575E-10 0.1630163 8.11465016942006E-16 2.81011001921912E-13
7.065625E-05 4.86343427835052E-05 1.9651965 -3.36314563928823E-08 2.49922800439954E-07 0.1640164 6.35924810388555E-14 5.05707140631319E-13
7.07174429657795E-05 4.83305608365019E-05 2.1292129 6.1192965779469E-08 -3.03781947003252E-07 0.1640164 9.60280503859737E-14 2.31188082489719E-13
7.0718105986261E-05 4.83302257114818E-05 2.2932293 6.63020481567855E-10 -3.35125020058058E-10 0.1640164 5.51904938047385E-19 2.30474444293911E-13
7.075E-05 4.83745819397993E-05 2.4572457 3.18940137389632E-08 4.43562283174899E-08 0.1640164 2.98470310293446E-15 2.24068358670577E-13
7.07179849340866E-05 4.83229755178908E-05 2.620262 -3.20150659133702E-08 -5.16064219085592E-08 0.1630163 3.68818722764166E-15 2.27645530605049E-13
7.06919368974584E-05 4.83111305872042E-05 2.7842784 -2.60480366282536E-08 -1.18449306865713E-08 0.1640164 8.18802595156521E-16 2.46354905859303E-13
7.07113124387855E-05 4.83109696376102E-05 2.9482948 1.93755413271219E-08 -1.60949594018689E-10 0.1640164 3.75437506490825E-16 2.28851567213837E-13
7.06771378708551E-05 4.83728184991274E-05 3.1123112 -3.417456793035E-08 6.18488615172126E-08 0.1640164 4.99318276420145E-15 2.87043636315174E-13
7.05733104238259E-05 4.86577892325315E-05 3.2763276 -1.03827447029261E-07 2.84970733404101E-07 0.1640164 9.19884576534853E-14 6.19249489025712E-13
7.0640180878553E-05 4.86369509043928E-05 3.4393439 6.68704547270806E-08 -2.0838328138737E-08 0.1630163 4.90589363502422E-15 5.24557644576273E-13
7.06409825033647E-05 4.86399730820996E-05 3.7673767 8.01624811771262E-10 3.022177706832E-09 0.3280328 9.77616043051962E-18 5.26846077021196E-13
7.05535924617197E-05 4.8656949352179E-05 3.9313931 -8.73900416450653E-08 1.69762700794394E-08 0.1640164 7.92521312453631E-15 6.41554477684459E-13
7.03740183246073E-05 4.86328534031414E-05 4.0954095 -1.7957413711234E-07 -2.40959490376724E-08 0.1640164 3.28274854796675E-14 8.6354165345438E-13
7.03852242744063E-05 4.86141160949868E-05 4.2584258 1.12059497989918E-08 -1.87373081545559E-08 0.1630163 4.76660027776311E-16 8.27528570173059E-13
7.03764150943396E-05 4.86135220125786E-05 4.4224422 -8.80918006670583E-09 -5.94082408191809E-10 0.1640164 7.79545873553704E-17 8.40529597338605E-13
7.04443462897526E-05 4.85971731448763E-05 4.5864586 6.79311954130242E-08 -1.63488677022912E-08 0.1640164 4.88193278538949E-15 7.24073845820541E-13
7.04557625145518E-05 4.86036088474971E-05 4.750475 1.14162247991629E-08 6.4357026207702E-09 0.1640164 1.71748456888011E-16 7.14180585512196E-13
7.04994954591322E-05 4.86213420787084E-05 4.9144914 4.3732944580384E-08 1.7733231211281E-08 0.1640164 2.22703793086369E-15 6.72532190074545E-13
7.05118811881188E-05 4.86254950495049E-05 5.0775077 1.23857289866152E-08 4.15297079657506E-09 0.1630163 1.70653448967084E-16 6.60673989200917E-13
7.06468462549277E-05 4.86310775295664E-05 5.2415241 1.34965066808917E-07 5.58248006141326E-09 0.1640164 1.82467333423715E-14 5.11794468730442E-13
7.06583994708995E-05 4.86273148148148E-05 5.4055405 1.15532159717446E-08 -3.7627147515451E-09 0.1640164 1.4763482159127E-16 4.96461391357011E-13
7.06440735694823E-05 4.86215940054496E-05 5.7325732 -1.43259014171804E-08 -5.72080936522212E-09 0.3270327 2.37959111207984E-16 5.05079322753311E-13
7.06309523809524E-05 4.86320028011204E-05 5.8965896 -1.31211885299081E-08 1.04087956708554E-08 0.1640164 2.80508615755009E-16 5.29035871025658E-13
7.06324200913242E-05 4.86248097412481E-05 6.060606 1.46771037182702E-09 -7.19305987234975E-09 0.1640164 5.38942840627768E-17 5.20256627182212E-13
7.04904390934844E-05 4.86207507082153E-05 6.2246224 -1.41980997839781E-07 -4.05903303280297E-09 0.1640164 2.01750794967412E-14 6.8384093018425E-13
7.03838555858311E-05 4.86110354223433E-05 6.3886388 -1.06583507653369E-07 -9.71528587196957E-09 0.1640164 1.14544308832698E-14 8.26620099859389E-13
7.06146142433234E-05 4.86127596439169E-05 6.7156715 2.30758657492387E-07 1.72422157358909E-09 0.3270327 5.32525309477238E-14 5.27150257668209E-13
7.06169724770642E-05 4.8618119266055E-05 6.8796879 2.35823374077881E-09 5.35962213812979E-09 0.1640164 3.42868158396786E-17 5.29887389657566E-13
7.06342182890856E-05 4.86231563421829E-05 7.0437043 1.72458120213292E-08 5.03707612784154E-09 0.1640164 3.22790168192695E-16 5.16739650134278E-13
7.06198738170347E-05 4.86281545741325E-05 7.2077207 -1.43444720508512E-08 4.99823194960669E-09 0.1640164 2.30746201039721E-16 5.36805238765599E-13
7.06328E-05 4.86404E-05 7.370737 1.29261829653018E-08 1.22454258675049E-08 0.163016300000001 3.17036660729016E-16 5.35712410565785E-13
48
7.29934693877551E-05 1.63897959183673E-05 0 0 0 0 0 0
7.29667959835691E-05 1.63874942948425E-05 0.1640164 -2.66734041859564E-08 -2.30162352481145E-09 0.1640164 7.16767961717363E-16 7.16767961717363E-16
7.29753968253968E-05 1.66291666666667E-05 0.3270327 8.60084182768617E-09 2.4167237182413E-07 0.1630163 5.84795097832454E-14 5.76249726515693E-14
7.29974150664697E-05 1.66275849335303E-05 0.4910491 2.20182410728853E-08 -1.58173313638699E-09 0.1640164 4.87304819658438E-16 5.65591841126759E-14
7.30705735660848E-05 1.68074812967581E-05 0.6550655 7.31584996150758E-08 1.79896363227826E-07 0.1640164 3.77148675685269E-14 1.80406129637327E-13
7.3060245490982E-05 1.68019789579158E-05 0.8190819 -1.03280751028194E-08 -5.50233884227325E-09 0.1640164 1.36944868064667E-16 1.74353906053593E-13
7.30538850452368E-05 1.67951037786056E-05 0.9830983 -6.36044574514472E-09 -6.87517931019244E-09 0.1640164 8.77233606242277E-17 1.67924513239892E-13
7.30327586206897E-05 1.66295019157088E-05 1.1461146 -2.11264245471767E-08 -1.65601862896828E-07 0.1630163 2.78703028090475E-14 5.9002608986051E-14
7.31427261613692E-05 1.68378667481663E-05 1.310131 1.09967540679548E-07 2.08364832457448E-07 0.1640164 5.55087634081286E-14 2.23045052986376E-13
7.31478996499417E-05 1.68509334889148E-05 1.4741474 5.17348857246702E-09 1.30667407485596E-08 0.1640164 1.97504697799515E-16 2.36496564849435E-13
7.31135749053542E-05 1.68472147106544E-05 1.6381638 -3.43247445874226E-08 -3.71877826041E-09 0.1640164 1.1920174027419E-15 2.23657286895112E-13
7.31520556227328E-05 1.68499093107618E-05 1.8021802 3.84807173785333E-08 2.69460010737887E-09 0.1640164 1.48802647970524E-15 2.36853927785115E-13
7.31816517493897E-05 1.68783563873068E-05 1.9651965 2.95961266569691E-08 2.8447076544964E-08 0.1630163 1.6851668770504E-15 2.74103933040683E-13
7.31923932384342E-05 1.69050266903915E-05 2.1292129 1.07414890444204E-08 2.66703030847069E-08 0.1640164 8.26684653521528E-16 3.05033446809549E-13
7.32821878025169E-05 1.69501452081317E-05 2.2932293 8.979456408278E-08 4.5118517740196E-08 0.1640164 1.00987443818889E-14 3.97349649561957E-13
7.31847649918963E-05 1.68936385737439E-05 2.4572457 -9.74228106206709E-08 -5.65066343877341E-08 0.1640164 1.26842037590602E-14 2.90451429540653E-13
7.32504537205082E-05 1.69171960072595E-05 2.7842784 6.56887286118888E-08 2.35574335156059E-08 0.3270327 4.86996174048857E-15 3.44191801044016E-13
7.32848895582329E-05 1.69535642570281E-05 2.9482948 3.44358377247715E-08 3.63682497685858E-08 0.1640164 2.50847651103704E-15 4.02760455437649E-13
7.32934885931559E-05 1.69662547528517E-05 3.1123112 8.5990349229661E-09 1.26904958235983E-08 0.1640164 2.34992085855156E-16 4.22316311464398E-13
7.33219453376206E-05 1.69692524115756E-05 3.2763276 2.84567444646768E-08 2.99765872385294E-09 0.1640164 8.18772263352607E-16 4.43666277161191E-13
7.33394073569482E-05 1.69158719346049E-05 3.4393439 1.74620193276525E-08 -5.33804769706592E-08 0.1630163 3.15439744061438E-15 3.96429053389845E-13
7.34170017231476E-05 1.69277713957496E-05 3.6033603 7.75943661993921E-08 1.18994611446652E-08 0.1640164 6.16248284141876E-15 4.68797253387674E-13
7.34324602707475E-05 1.69418775750441E-05 3.7673767 1.54585475998772E-08 1.4106179294572E-08 0.1640164 4.37950988188282E-16 4.9750715098944E-13
7.34446078431372E-05 1.69491830065359E-05 3.9313931 1.21475723897504E-08 7.30543149180463E-09 0.1640164 2.00932844245677E-16 5.16439820334336E-13
7.35329964328181E-05 1.71578478002378E-05 4.0954095 8.83885896808323E-08 2.08664793701864E-07 0.1640164 5.1353538916408E-14 8.80993125599153E-13
7.33502313030069E-05 1.68806861989206E-05 4.2584258 -1.82765129811145E-07 -2.77161601317225E-07 0.1630163 1.10221645919613E-13 3.68252331715796E-13
7.33284023668639E-05 1.68658072696534E-05 4.4224422 -2.18289361430237E-08 -1.48789292671623E-08 0.1640164 6.97884989273426E-16 3.38766907047901E-13
7.33114754098361E-05 1.68848144952545E-05 4.5864586 -1.69269570278487E-08 1.90072256011078E-08 0.1640164 6.47796499274045E-16 3.46171221543171E-13
7.32495531724754E-05 1.68958891867739E-05 4.750475 -6.19222373606334E-08 1.10746915193758E-08 0.1640164 3.95701227199596E-15 3.21709301123123E-13
7.32251529051988E-05 1.68635321100917E-05 4.9144914 -2.4400267276647E-08 -3.23570766821639E-08 0.1640164 1.64235345458725E-15 2.78103231604611E-13
7.31608013937282E-05 1.68608013937282E-05 5.0775077 -6.43515114705622E-08 -2.73071636351929E-09 0.1630163 4.14857384040389E-15 2.49846158042914E-13
7.32722148541114E-05 1.68353779840849E-05 5.2415241 1.1141346038319E-07 -2.54234096433414E-08 0.1640164 1.30593089124498E-14 2.76242412303303E-13
7.33023868567886E-05 1.68558586484811E-05 5.4055405 3.01720026771761E-08 2.04806643962101E-08 0.1640164 1.32980735966171E-15 3.12644471075133E-13
7.3312303829253E-05 1.68568738229755E-05 5.5695569 9.91697246439571E-09 1.01517449442667E-09 0.1640164 9.93769221137172E-17 3.19817170058428E-13
7.33137165450122E-05 1.68573600973236E-05 5.7335733 1.41271575918722E-09 4.86274348080684E-10 0.1640164 2.23222855785722E-18 3.21174503174269E-13
7.33101684717208E-05 1.68598074608905E-05 5.8965896 -3.54807329135554E-09 2.44736356689401E-09 0.1630163 1.85784125093907E-17 3.21209159889711E-13
7.33929073033708E-05 1.69366221910112E-05 6.060606 8.27388316499764E-08 7.68147301207414E-08 0.1640164 1.27462170263255E-14 4.58569620885016E-13
7.34426762491444E-05 1.69414784394251E-05 6.2246224 4.97689457736357E-08 4.85624841381593E-09 0.1640164 2.50053111207578E-15 5.06140408359834E-13
7.36306532663317E-05 1.71425879396985E-05 6.3886388 1.87977017187237E-07 2.01109500273443E-07 0.1640164 7.57803900908446E-14 9.72699122497707E-13
7.35498812351544E-05 1.71499406175772E-05 6.5516551 -8.07720311772755E-08 7.35267787870342E-09 0.1630163 6.57818289249074E-15 8.87414107663122E-13
7.36699089403973E-05 1.69004552980132E-05 7.0437043 1.20027705242961E-07 -2.49485319563952E-07 0.4920492 7.66495747038185E-14 7.18343470399181E-13
7.36861179361179E-05 1.68681408681409E-05 7.2077207 1.62089957205893E-08 -3.23144298723754E-08 0.1640164 1.30695392024675E-15 7.08575902522982E-13
7.3690466613033E-05 1.68081255028158E-05 7.370737 4.34867691504337E-09 -6.00153653250999E-08 0.163016300000001 3.62075506601663E-15 6.60804773269858E-13
7.37227793696275E-05 1.6852435530086E-05 7.5347534 3.23127565945214E-08 4.43100272701891E-08 0.1640164 3.00749275542168E-15 7.45928459989874E-13
7.37511589403973E-05 1.68301324503311E-05 7.6987698 2.83795707698431E-08 -2.23030797548347E-08 0.1640164 1.30282740363105E-15 7.67989719565095E-13
7.37551813471503E-05 1.68301489637306E-05 7.8627862 4.02240675290955E-09 1.65133994443067E-11 0.1640164 1.61800287782135E-17 7.74115913646272E-13
7.37451157742402E-05 1.68212735166425E-05 8.0268026 -1.00655729100225E-08 -8.87544708802324E-09 0.1640164 1.80089319019279E-16 7.51145208129493E-13
7.36611365369947E-05 1.68703279938978E-05 8.1898189 -8.39792372455719E-08 4.90544772552433E-08 0.163016299999999 9.45885402713323E-15 6.76690497787278E-13
31
7.62083333333333E-05 7.89981617647059E-06 0 0 0 0 0 0
7.625E-05 7.88039215686274E-06 0.1640164 4.16666666666714E-08 -1.94240196078423E-08 0.1640164 2.11340364883735E-15 2.11340364883735E-15
7.6210033076075E-05 7.93605292171996E-06 0.3280328 -3.99669239250215E-08 5.56607648572101E-08 0.1640164 4.69547575251809E-15 1.31599083165536E-15
7.61841103710752E-05 7.8732159847764E-06 0.4920492 -2.59227049998145E-08 -6.2836936943552E-08 0.1640164 4.62046727895534E-15 1.29432209872782E-15
7.61774973147154E-05 7.8469387755102E-06 0.6550655 -6.6130563598108E-09 -2.62772092661994E-08 0.1630163 7.34224241237668E-16 3.74687957653331E-15
7.6177559912854E-05 7.85920479302832E-06 0.8190819 6.25981386832564E-11 1.2266017518118E-08 0.1640164 1.50459104281743E-16 2.59628787309005E-15
7.625E-05 7.86342229199372E-06 0.9830983 7.24400871459636E-08 4.21749896539847E-09 0.1640164 5.26535352323794E-15 3.06062593842706E-15
7.625E-05 7.37604748603352E-06 1.1471147 0 -4.87374805960201E-07 0.1640164 2.37534201484743E-13 2.76069752193273E-13
7.63201388888889E-05 7.34722222222222E-06 1.3111311 7.01388888888914E-08 -2.88252638112976E-08 0.1640164 5.75035956835916E-15 3.17860560524933E-13
7.62850204498977E-05 7.39544989775051E-06 1.6381638 -3.51184389911339E-08 4.82276755282891E-08 0.3270327 3.55921344403593E-15 2.60266256956904E-13
7.62078025477707E-05 7.41958598726115E-06 1.8021802 -7.72179021270602E-08 2.41360895106348E-08 0.1640164 6.54515522576963E-15 2.3062131636145E-13
7.61449019607843E-05 7.39823529411765E-06 1.9661966 -6.29005869863875E-08 -2.1350693143499E-08 0.1640164 4.41233594093995E-15 2.55606920565407E-13
7.61124686716792E-05 7.62092731829574E-06 2.130213 -3.24332891051142E-08 2.22692024178092E-07 0.1640164 5.06436558747118E-14 8.69690285681323E-14
7.6103616532721E-05 7.6239954075775E-06 2.2932293 -8.85213895818993E-09 3.06808928175784E-09 0.1630163 8.77735359759411E-17 8.70427048832569E-14
7.59548938679245E-05 7.78434551886792E-06 2.4572457 -1.4872266479648E-07 1.60350111290428E-07 0.1640164 4.78305892150188E-14 7.75650353938914E-14
7.59427881885292E-05 7.78421351504827E-06 2.6212621 -1.21056793952761E-08 -1.3200381965639E-10 0.1640164 1.46564898629615E-16 8.38781992569429E-14
7.59280139935414E-05 7.79251883745963E-06 2.7852785 -1.47741949878082E-08 8.30532241136606E-09 0.1640164 2.87255217894516E-16 9.00916512201912E-14
7.58606340819022E-05 7.80696829590489E-06 2.9492949 -6.73799116391933E-08 1.44494584452532E-08 0.1640164 4.7488393418666E-15 1.29515498371277E-13
7.58666666666667E-05 7.80677083333333E-06 3.1123112 6.03258476441226E-09 -1.97462571554397E-10 0.1630163 3.64310704069838E-17 1.25393546990642E-13
7.58845046082949E-05 7.63162442396313E-06 3.2763276 1.78379416282723E-08 -1.751464093702E-07 0.1640164 3.09944568768073E-14 1.76791859273013E-13
7.58878763866878E-05 7.6216323296355E-06 3.440344 3.37177839286085E-09 -9.99209432763415E-09 0.1640164 1.11210838582902E-16 1.80078907293348E-13
7.60079250720461E-05 7.61887608069164E-06 3.9313931 1.20048685358313E-07 -2.7562489438564E-09 0.4910491 1.44192837644997E-14 1.1909080860845E-13
7.5955626450116E-05 7.59773781902552E-06 4.0954095 -5.22986219300918E-08 -2.11382616661204E-08 0.1640164 3.18197196205206E-15 1.55112102862118E-13
7.58865199449794E-05 7.60729023383769E-06 4.2594259 -6.91065051366451E-08 9.55241481216706E-09 0.1640164 4.86695768094486E-15 1.89135284037122E-13
7.59743022464261E-05 7.82828454731109E-06 4.4234423 8.77823014467651E-08 2.20994313473406E-07 0.1640164 5.6544219034873E-14 5.98873236091737E-14
7.5863603988604E-05 7.84009971509971E-06 4.5864586 -1.1069825782215E-07 1.18151677886189E-08 0.1630163 1.23937024747325E-14 1.22404376876182E-13
7.58552538787024E-05 7.8441466854725E-06 4.750475 -8.3501099015848E-09 4.0469703727819E-09 0.1640164 8.6102304566719E-17 1.27764193510461E-13
7.58538804945055E-05 7.84151785714286E-06 4.9144914 -1.37338419690991E-09 -2.62882832964006E-09 0.1640164 8.79692253904005E-18 1.29035508989552E-13
7.58546918767507E-05 7.85731792717087E-06 5.0785078 8.11382245217374E-10 1.58000700280114E-08 0.1640164 2.50300554037919E-16 1.2686838100742E-13
7.58936629064366E-05 7.89034505640345E-06 5.2425242 3.89710296859249E-08 3.30271292325825E-08 0.1640164 2.60953242012695E-15 9.91071796786757E-14
7.58524766690596E-05 7.86037329504666E-06 5.4055405 -4.11862373770475E-08 -2.99717613567889E-08 0.1630163 2.59461262810681E-15 1.28189706403058E-13
13
7.825E-05 1.28339552238806E-05 0 0 0 0 0 0
7.825E-05 1.28504366812227E-05 0.3280328 0 1.64814573421097E-08 0.3280328 2.71638436119782E-16 2.71638436119782E-16
7.83528037383178E-05 1.26181575433912E-05 0.4910491 1.0280373831776E-07 -2.32279137831519E-07 0.1630163 6.45222064838603E-14 5.71372475167156E-14
7.83467679127726E-05 1.28086059190031E-05 0.6550655 -6.0358255451689E-09 1.90448375611927E-07 0.1640164 3.63070149632335E-14 1.00066162001354E-14
7.83567990373045E-05 1.26128158844765E-05 0.8190819 1.00311245318636E-08 -1.95790034526581E-07 0.1640164 3.84343610792936E-14 6.03086418012238E-14
7.83687096774194E-05 1.2628064516129E-05 1.310131 1.19106401149054E-08 1.52486316524989E-08 0.4910491 3.74384115220385E-16 5.64829710514486E-14
7.84950066577896E-05 1.26830892143808E-05 1.6381638 1.26296980370256E-07 5.50246982517919E-08 0.3280328 1.89786446683456E-14 8.27888151836237E-14
7.83823529411765E-05 1.26333556149733E-05 1.8021802 -1.12653716613153E-07 -4.97335994075634E-08 0.1640164 1.51642907767885E-14 5.77575041318365E-14
7.83692628650904E-05 1.26296940194715E-05 1.9651965 -1.30900760860584E-08 -3.66159550177336E-09 0.1630163 1.84757373557405E-16 5.59462706162321E-14
7.83625557206538E-05 1.26329866270431E-05 2.1292129 -6.7071444366178E-09 3.29260757160199E-09 0.1640164 5.58270511142238E-17 5.30571671667299E-14
7.83743036211699E-05 1.26291782729805E-05 2.2932293 1.17479005161272E-08 -3.80835406258839E-09 0.1640164 1.52516727202855E-16 5.73849898558938E-14
7.83851963746223E-05 1.26283987915408E-05 2.4572457 1.08927534524383E-08 -7.79481439716179E-10 0.1640164 1.19259669090469E-16 6.05315065872992E-14
7.84927921092564E-05 1.2682473444613E-05 2.7842784 1.07595734634103E-07 5.40746530722647E-08 0.3270327 1.4500910216338E-14 8.18947377672607E-14
