x y time dx dy dt dr^2 TotalDisplacementSquared
11
6.94955470737913E-05 1.9359096692112E-05 0 0 0 0 0 0
6.95020107238606E-05 1.93569034852547E-05 0.1630163 6.46365006925009E-09 -2.19320685726743E-09 0.1630163 4.65889285364816E-17 4.65889285364816E-17
6.94906040268456E-05 1.93523489932886E-05 0.4910491 -1.14066970149622E-08 -4.55449196610047E-09 0.3280328 1.50856133860422E-16 6.99651525183945E-17
6.94976510067114E-05 1.93604026845638E-05 0.6550655 7.04697986577685E-09 8.05369127516897E-09 0.1640164 1.14521868384397E-16 6.13215001629345E-18
6.94934456928839E-05 1.93583021223471E-05 0.9830983 -4.20531382751221E-09 -2.10056221669319E-09 0.3280328 2.20970260140644E-17 5.04714282946556E-18
6.94820512820513E-05 1.93589743589744E-05 1.310131 -1.13944108326081E-08 6.72236627291767E-10 0.3270327 1.30284500305328E-16 1.82151360087507E-16
6.9490494296578E-05 1.93593155893536E-05 1.4741474 8.4430145266623E-09 3.41230379255819E-10 0.1640164 7.14009324691576E-17 2.55784735705905E-17
6.9481684981685E-05 1.93623321123321E-05 1.6381638 -8.80931489297154E-09 3.01652297849841E-09 0.1640164 8.67034397633392E-17 2.02625541566322E-16
6.94909090909091E-05 1.93545454545455E-05 1.8011801 9.22410922410677E-09 -7.78665778665655E-09 0.1630163 1.45716230464751E-16 4.22246486028636E-17
6.9497691292876E-05 1.93588390501319E-05 2.1292129 6.78220196689949E-09 4.29359558647135E-09 0.3280328 6.44332265799816E-17 4.66405487281513E-18
6.94852752880922E-05 1.93581946222791E-05 2.2932293 -1.24160047838018E-08 -6.44427852797946E-10 0.1640164 1.5457246204885E-16 1.06323311432775E-16
74
2.60223000368596E-05 5.71480372281607E-05 0 0 0 0 0 0
2.60218820435763E-05 5.71422332832457E-05 0.1630163 -4.17993283306828E-10 -5.80394491503E-09 0.1630163 3.38604949615922E-17 3.38604949615922E-17
2.60341450502912E-05 5.71623875066173E-05 0.3270327 1.22630067148997E-08 2.0154223371577E-08 0.1640164 5.56574053401095E-16 3.46234834975052E-16
2.5995282216933E-05 5.71556018361102E-05 0.4910491 -3.88628333581416E-08 -6.78567050709233E-09 0.1640164 1.5563651408535E-15 7.87185887012366E-16
2.59239934264585E-05 5.70860209531635E-05 0.6550655 -7.12887904745116E-08 -6.95808829466458E-08 0.1640164 9.92359091895364E-15 1.35102080130731E-14
2.60154504504504E-05 5.71400900900901E-05 0.8190819 9.14570239919463E-08 5.40691369265716E-08 0.1640164 1.12878588054478E-14 1.1007383748941E-16
2.60194771012458E-05 5.71815230742235E-05 0.9830983 4.02665079538167E-09 4.14329841334578E-08 0.1640164 1.73290609083131E-15 1.12927085202338E-15
2.6019053527118E-05 5.71662974122652E-05 1.1461146 -4.2357412779026E-10 -1.52256619583966E-08 0.1630163 2.32000197113098E-16 3.43974149029904E-16
2.60021535222052E-05 5.71391653905054E-05 1.310131 -1.69000049128378E-08 -2.71320217597903E-08 0.1640164 1.02175677082768E-15 4.84591556101224E-16
2.60288770505665E-05 5.71858616607475E-05 1.4741474 2.67235283613445E-08 4.66962702421441E-08 0.1640164 2.89468862260693E-15 1.47394480981488E-15
2.59920687927868E-05 5.71534062447821E-05 1.6381638 -3.6808257779775E-08 -3.24554159654085E-08 0.1640164 2.40820186627006E-15 9.42754457669389E-16
2.60338042381433E-05 5.71818449377733E-05 1.8011801 4.17354453565153E-08 2.84386929911946E-08 0.1630163 2.5506066581541E-15 1.27530787642508E-15
2.5995873336702E-05 5.71608556510022E-05 1.9651965 -3.79309014412534E-08 -2.09892867711048E-08 0.1640164 1.87930344330576E-15 8.62682445358842E-16
2.59120956399437E-05 5.7107544705646E-05 2.1292129 -8.37776967582968E-08 -5.33109453562162E-08 0.1640164 9.8607593688986E-15 1.37846534791876E-14
2.60198748457606E-05 5.71587784241142E-05 2.2932293 1.07779205816882E-07 5.12337184682536E-08 0.1640164 1.42412511146022E-14 1.21254842378184E-16
2.59146870481306E-05 5.70978103697583E-05 2.4572457 -1.05187797630069E-07 -6.09680543559108E-08 0.1640164 1.47815764222097E-14 1.41032926481651E-14
2.59245584988962E-05 5.70536975717439E-05 2.620262 9.87145076569362E-09 -4.41127980143818E-08 0.1630163 2.04338448887716E-15 1.84533790162708E-14
2.59092751273738E-05 5.7052570634553E-05 2.7842784 -1.5283371522461E-08 -1.12693719089663E-09 0.1640164 2.34851432525796E-16 2.18885006593218E-14
2.60115348837209E-05 5.71700930232558E-05 2.9482948 1.02259756347145E-07 1.17522388702781E-07 0.1640164 2.42685696145851E-14 6.02346619375576E-16
2.59927648343648E-05 5.71714142701128E-05 3.1123112 -1.87700493561671E-08 1.32124685703161E-09 0.1640164 3.54060446090165E-16 1.41881427684099E-15
2.59303557542768E-05 5.70912227838258E-05 3.2763276 -6.24090800879351E-08 -8.01914862870348E-08 0.1640164 1.0325567750346E-14 1.16816321847374E-14
2.60365588593288E-05 5.71820987654321E-05 3.4393439 1.06203105051986E-07 9.08759816062883E-08 0.1630163 1.95375435555895E-14 1.36350233949991E-15
2.6012304526749E-05 5.7151646090535E-05 3.6033603 -2.42543325798437E-08 -3.04526748971199E-08 0.1640164 1.51563805728334E-15 1.12934110007449E-16
2.59796497486622E-05 5.71497892005838E-05 3.7673767 -3.26547780867372E-08 -1.85688995122746E-09 0.1640164 1.06978257218502E-15 1.82211649068665E-15
2.59186360905267E-05 5.70915782094933E-05 3.9313931 -6.10136581354972E-08 -5.8210991090462E-08 0.1640164 7.11118596280917E-15 1.39338345581837E-14
2.5992141453831E-05 5.71111805679586E-05 4.0944094 7.35053633043066E-08 1.96023584652707E-08 0.1630163 5.78729089189907E-15 2.26795353154489E-15
2.59755662426311E-05 5.71286456717344E-05 4.2584258 -1.65752111999531E-08 1.7465103775848E-08 0.1640164 5.7976747622419E-16 2.56007998362393E-15
2.60165366199681E-05 5.71662085476148E-05 4.4224422 4.09703773369898E-08 3.75628758804112E-08 0.1640164 3.08954146354251E-15 3.63413824968454E-16
2.59221018196688E-05 5.70790226947455E-05 4.5864586 -9.44348002993003E-08 -8.71858528693679E-08 0.1640164 1.65193044481278E-14 1.48026885507376E-14
2.59092998239781E-05 5.7069235282613E-05 4.750475 -1.28019956906833E-08 -9.78741213250345E-09 0.1640164 2.59684529915749E-16 1.89787947333697E-14
2.59100690215185E-05 5.70875964271214E-05 4.9134913 7.69197540378741E-10 1.83611445084466E-08 0.1630163 3.37723292516184E-16 1.62488912347661E-14
2.5913245592852E-05 5.72099130644772E-05 5.0775077 3.17657133349414E-09 1.2231663735578E-07 0.1640164 1.49714503794622E-14 1.57214908776684E-14
2.59143371017472E-05 5.71102261048304E-05 5.2415241 1.09150889520393E-09 -9.96869596467533E-08 0.1640164 9.93868131528174E-15 1.3085676405581E-14
2.58841688925416E-05 5.70803883295665E-05 5.4055405 -3.01682092055664E-08 -2.98377752639567E-08 0.1640164 1.80041367937321E-15 2.36565865116032E-14
2.58981279930344E-05 5.7084131475838E-05 5.5695569 1.39591004927873E-08 3.74314627158157E-09 0.1640164 2.08867630578188E-16 1.95026416476459E-14
2.59070317116407E-05 5.70880441205436E-05 5.7325732 8.90371860634076E-09 3.91264470557928E-09 0.163016300000001 9.45849936129962E-17 1.68859597603091E-14
2.5934545937334E-05 5.71953664365374E-05 5.8965896 2.75142256933059E-08 1.07322315993812E-07 0.1640164 1.22751121257779E-14 9.94083594910389E-15
2.59148709596592E-05 5.71718241042345E-05 6.060606 -1.96749776748071E-08 -2.35423323029096E-08 0.1640164 9.41346156764777E-16 1.21068221014664E-14
2.58995975428935E-05 5.71058038551154E-05 6.2246224 -1.52734167657762E-08 -6.60202491190915E-08 0.1640164 4.591950553448E-15 1.68395598242841E-14
2.58807023895728E-05 5.70618664011586E-05 6.3886388 -1.88951533206847E-08 -4.39374539568576E-08 0.1640164 2.28752667922316E-15 2.7475305143386E-14
2.58941348655681E-05 5.71241869037294E-05 6.5516551 1.34324759953124E-08 6.23205025708202E-08 0.1630163 4.06427645204425E-15 1.69951491076534E-14
2.59214470284238E-05 5.72220930232558E-05 6.7156715 2.731216285569E-08 9.79061195264137E-08 0.1640164 1.03315624805761E-14 1.56555900977181E-14
2.5915201424438E-05 5.70933674604941E-05 6.8796879 -6.24560398576079E-09 -1.28725562761716E-07 0.1640164 1.66092780774673E-14 1.4458896279343E-14
2.58650213284583E-05 5.70442311598619E-05 7.0437043 -5.01800959797549E-08 -4.91363006322274E-08 0.1640164 4.93241807235805E-15 3.55122919320463E-14
2.5906634746922E-05 5.72153442772458E-05 7.2077207 4.16134184637649E-08 1.71113117383911E-07 0.1640164 3.10113755370804E-14 1.79086981528762E-14
2.58978664559463E-05 5.7121691031213E-05 7.370737 -8.76829097575538E-09 -9.36532460328223E-08 0.163016300000001 8.84781341911986E-15 1.61778381525158E-14
2.59082178458546E-05 5.71881230245563E-05 7.5347534 1.03513899083403E-08 6.64319933433219E-08 0.1640164 4.52036101260166E-15 1.46216173771589E-14
2.59023446391987E-05 5.72102208058274E-05 7.6987698 -5.87320665588464E-09 2.20977812711709E-08 0.1640164 5.22806493531239E-16 1.82560947594067E-14
2.59550238447624E-05 5.71800690675876E-05 7.8627862 5.26792055636527E-08 -3.0151738239887E-08 0.1640164 3.68422601770424E-15 5.55212476016587E-15
2.59998007571229E-05 5.72409344490934E-05 8.0268026 4.47769123605575E-08 6.08653815058773E-08 0.1640164 5.70956654640103E-15 9.13611124569243E-15
2.59053542765421E-05 5.72098715890851E-05 8.1898189 -9.44464805808565E-08 -3.10628600083689E-08 0.163016299999999 9.88503896600962E-15 1.74997990471601E-14
2.58962375073486E-05 5.7130658436214E-05 8.3538353 -9.11676919345794E-09 -7.9213152871084E-08 0.164016400000001 6.35783906830451E-15 1.61937837562256E-14
2.58735122049627E-05 5.71336998184386E-05 8.5178517 -2.27253023859397E-08 3.0413822245805E-09 0.1640164 5.25689374368392E-16 2.23433802381165E-14
2.58537685774947E-05 5.72337048832272E-05 8.6818681 -1.97436274679887E-08 1.00005064788604E-07 0.1640164 1.03908238089676E-14 3.57417999202414E-14
2.59270646319569E-05 5.72083707360862E-05 8.8448844 7.32960544622223E-08 -2.53341471410025E-08 0.163016300000001 6.01413061109102E-15 1.27099145255641E-14
2.59271504139834E-05 5.72261959521619E-05 9.0089008 8.57820265274256E-11 1.78252160757424E-08 0.1640164 3.1774568670298E-16 1.51622368709655E-14
2.59035626535627E-05 5.72326334599062E-05 9.1729172 -2.35877604207886E-08 6.43750774427332E-09 0.1640164 5.97823947626099E-16 2.1255088617733E-14
2.59500149880096E-05 5.71931954436451E-05 9.3369336 4.64523344469399E-08 -3.94380162611085E-08 0.164016400000001 3.71317650218182E-15 7.26439271297594E-15
2.59511070110701E-05 5.72619349630996E-05 9.50095 1.0920230605187E-09 6.8739519454553E-08 0.1640164 4.72631404920758E-15 1.80411409452753E-14
2.59011758118701E-05 5.72284434490481E-05 9.6639663 -4.99311992000102E-08 -3.34915140514838E-08 0.163016300000001 3.61480616701184E-15 2.11362382366984E-14
2.59164734523533E-05 5.72335961047994E-05 9.8279827 1.52976404832508E-08 5.15265575129575E-09 0.1640164 2.60567665646154E-16 1.85195873599333E-14
2.60375577003777E-05 5.73162505245489E-05 9.9919991 1.21084248024324E-07 8.26544197494385E-08 0.1640164 2.14931482237325E-14 2.85285093778076E-14
2.59074507966261E-05 5.72220009372071E-05 10.1560155 -1.30106903751621E-07 -9.42495873417641E-08 0.1640164 2.58107911179263E-14 1.86609782381167E-14
2.59440428380187E-05 5.71933734939759E-05 10.3200319 3.65920413926872E-08 -2.86274432312155E-08 0.164016400000001 2.1585079992406E-15 8.17956616847818E-15
2.59537986132047E-05 5.71992764546277E-05 10.4830482 9.75577518596182E-09 5.90296065177398E-09 0.163016299999999 1.3002009393542E-16 7.31790337167615E-15
2.59186247035999E-05 5.71499245527053E-05 10.6470646 -3.51739096047901E-08 -4.93519019223569E-08 0.164016400000001 3.67281414023988E-15 1.07521367204366E-14
2.60402270962733E-05 5.7272224378882E-05 10.811081 1.21602392673378E-07 1.22299826176665E-07 0.1640164 2.97443893867327E-14 1.57438278634923E-14
2.59474582701062E-05 5.72127592311583E-05 10.9750974 -9.27688261670703E-08 -5.94651477236638E-08 0.1640164 1.21421589022133E-14 9.79022772278499E-15
2.59930906389302E-05 5.71682763744428E-05 11.1391138 4.56323688239415E-08 -4.44828567155326E-08 0.1640164 4.06103762605884E-15 1.26281196962564E-15
2.59034078807242E-05 5.71283280085197E-05 11.3021301 -8.96827582059885E-08 -3.99483659230881E-08 0.163016300000001 9.63886905935875E-15 1.45237981293798E-14
2.60671606118547E-05 5.73123804971319E-05 11.4661465 1.63752731130511E-07 1.84052488612231E-07 0.1640164 6.0690275517057E-14 2.90211812450404E-14
2.59069665759813E-05 5.70853575592693E-05 11.6301629 -1.60194035873342E-07 -2.270229378626E-07 0.164016400000001 7.72015434451555E-14 1.72305480904811E-14
2.60203894516242E-05 5.73101205029689E-05 11.7941793 1.13422875642826E-07 2.24762943699581E-07 0.1640164 6.33831295795888E-14 2.62746383084934E-14
2.60082413054228E-05 5.71881077962749E-05 11.9581957 -1.21481462013904E-08 -1.22012706693987E-07 0.1640164 1.50346780509232E-14 1.80329835860781E-15
74
3.21309216192937E-05 5.36914298018949E-05 0 0 0 0 0 0
3.21249470563321E-05 5.36850910631088E-05 0.1630163 -5.97456296165433E-09 -6.33873878607005E-09 0.1630163 7.58750119808006E-17 7.58750119808006E-17
3.21315789473684E-05 5.3686136071887E-05 0.3270327 6.63189103635631E-09 1.04500877818481E-09 0.1640164 4.50740220645865E-17 2.84556575941761E-17
3.21232624693377E-05 5.36860179885527E-05 0.4910491 -8.31647803072144E-09 -1.18083334292862E-10 0.1640164 6.91777505093101E-17 8.79503016993699E-17
3.21260270662156E-05 5.37318753020783E-05 0.6550655 2.76459687786712E-09 4.58573135255591E-08 0.1640164 2.11053619967854E-15 1.65979513491872E-15
3.21503401360544E-05 5.36992063492063E-05 0.8190819 2.43130698388612E-08 -3.26689528719513E-08 0.1640164 1.65838584673911E-15 4.37553481272835E-16
3.21235306465155E-05 5.3688811922754E-05 0.9830983 -2.68094895388913E-08 -1.03944264523577E-08 0.1640164 8.26792830609394E-16 6.14797698043397E-17
3.21238947368421E-05 5.36878947368421E-05 1.1461146 3.64090326570476E-10 -9.17185911887941E-10 0.1630163 9.7379176286791E-19 6.18737619164125E-17
3.20950526797984E-05 5.37207970682547E-05 1.310131 -2.88420570436614E-08 3.29023314125934E-08 0.1640164 1.91442766689394E-15 2.1490171539617E-15
3.20998659517426E-05 5.37179401251117E-05 1.4741474 4.81327194418668E-09 -2.85694314298723E-09 0.1640164 3.13297109309564E-17 1.66725172410231E-15
3.20747327302632E-05 5.36896587171053E-05 1.6381638 -2.51332214794715E-08 -2.82814080064497E-08 0.1640164 1.43151686076345E-15 3.16032799182054E-15
3.21162645590682E-05 5.36849001663894E-05 1.8011801 4.15318288050628E-08 -4.75855071590559E-09 0.1630163 1.74753660880889E-15 2.57465554289335E-16
3.21184426229508E-05 5.3684631147541E-05 1.9651965 2.17806388259589E-09 -2.69018848371161E-10 0.1640164 4.81633341744764E-18 2.01947050750395E-16
3.21142529215359E-05 5.36857262103506E-05 2.1292129 -4.18970141492281E-09 1.09506280960403E-09 0.1640164 1.87527605031841E-17 3.10376441446208E-16
3.20946215139442E-05 5.37133687472333E-05 2.2932293 -1.96314075916675E-08 2.7642536882702E-08 0.1640164 1.14950200934172E-15 1.79901497094404E-15
3.21191414805081E-05 5.36865965834428E-05 2.4572457 2.45199665638793E-08 -2.67721637904543E-08 0.1640164 1.31797751431667E-15 1.62131670413814E-16
3.20908551068884E-05 5.37237529691211E-05 2.620262 -2.82863736197427E-08 3.71563856783084E-08 0.1630163 2.18071592923088E-15 2.65011255586275E-15
3.21131565396498E-05 5.3745236869207E-05 2.7842784 2.23014327614806E-08 2.14839000858618E-08 0.1640164 9.58911866114129E-16 3.21079854748045E-15
3.21235760277365E-05 5.3737122337791E-05 2.9482948 1.04194880866615E-08 -8.11453141601959E-09 0.1640164 1.7441135208965E-16 2.14176555193866E-15
3.20698941469489E-05 5.38631693648817E-05 3.1123112 -5.36818807875647E-08 1.26047027090706E-07 0.1640164 1.87695973632956E-14 3.321882987568E-14
3.20937707090789E-05 5.38954605699139E-05 3.2763276 2.38765621299208E-08 3.22912050321591E-08 0.1640164 1.61281214157291E-15 4.30087444281873E-14
3.20999072786277E-05 5.37256606397775E-05 3.4393439 6.13656954886466E-09 -1.69799930136385E-07 0.1630163 2.88696737601493E-14 2.13363958908728E-15
3.20876940133038E-05 5.37186252771619E-05 3.6033603 -1.22132653239575E-08 -7.03536261560345E-09 0.1640164 1.98660177006413E-16 2.60821979461709E-15
3.21196207925011E-05 5.36875798892203E-05 3.7673767 3.1926779197299E-08 -3.10453879415817E-08 0.1640164 1.98313534235639E-15 1.42530513799795E-16
3.2118410041841E-05 5.36902719665272E-05 3.9313931 -1.21075066006426E-09 2.69207730691789E-09 0.1640164 8.71319738726836E-18 1.57880153093985E-16
3.20882484361037E-05 5.37109025915996E-05 4.0944094 -3.01616057373408E-08 2.06306250724424E-08 0.1630163 1.33534515153448E-15 2.20019010245621E-15
3.20872418244406E-05 5.37117039586919E-05 4.2584258 -1.00661166304405E-09 8.01367092272187E-10 0.1640164 1.6554562567531E-18 2.31896591223782E-15
3.20890364700585E-05 5.37098153984692E-05 4.4224422 1.7946456179132E-09 -1.88856022275274E-09 0.1640164 6.78741260885896E-18 2.09239588784445E-15
3.20824324324324E-05 5.37211711711712E-05 4.5864586 -6.60403762609718E-09 1.13557727020108E-08 0.1640164 1.72566886626642E-16 3.2357502888947E-15
3.20673447537473E-05 5.3688329764454E-05 4.750475 -1.50876786851128E-08 -3.28414067172105E-08 0.1640164 1.30619604327045E-15 4.05162806483971E-15
3.209140917603E-05 5.3719920411985E-05 4.9134913 2.40644222826418E-08 3.15906475310612E-08 0.1630163 1.57706543122905E-15 2.37294803597756E-15
3.20569774527727E-05 5.38639549055454E-05 5.0775077 -3.44317232572635E-08 1.44034493560376E-07 0.1640164 2.19314789016588E-14 3.52326511520962E-14
3.20906398104265E-05 5.37266587677725E-05 5.2415241 3.36623576538386E-08 -1.37296137772886E-07 0.1640164 1.99833837701661E-14 2.86370416241647E-15
3.20780393053016E-05 5.3716407678245E-05 5.4055405 -1.26005051248939E-08 -1.02510895275429E-08 0.1640164 2.63857565904177E-16 3.42043344011446E-15
3.20926694329184E-05 5.38941908713693E-05 5.5695569 1.46301276167549E-08 1.77783193124327E-07 0.1640164 3.18209043915643E-14 4.25752810568852E-14
3.20393718707328E-05 5.37030040964952E-05 5.7325732 -5.3297562185584E-08 -1.91186774874076E-07 0.163016300000001 3.93930130216768E-14 8.51532075705874E-15
3.20051481667504E-05 5.3685961828227E-05 5.8965896 -3.42237039824411E-08 -1.70422682681988E-08 0.1640164 1.46170082200301E-15 1.58488601007051E-14
3.20404659717964E-05 5.38560698957695E-05 6.060606 3.53178050460699E-08 1.70108067542444E-07 0.1640164 3.01841019962967E-14 3.528858467517E-14
3.20487431023912E-05 5.3858828939301E-05 6.2246224 8.27713059472757E-09 2.75904353157586E-09 0.1640164 7.61232120913057E-17 3.47757798446154E-14
3.20749435665914E-05 5.37293453724605E-05 6.3886388 2.62004642002509E-08 -1.29483566840541E-07 0.1640164 1.74524584060575E-14 4.57113287565429E-15
3.20733784414372E-05 5.37199020065329E-05 6.5516551 -1.56512515418683E-09 -9.44336592760209E-09 0.1630163 9.16267767908644E-17 4.12188375476947E-15
3.20806451612903E-05 5.38948028673835E-05 6.7156715 7.26671985308513E-09 1.74900860850613E-07 0.1640164 3.06431163437087E-14 4.38883259955941E-14
3.20259146341463E-05 5.38767149390244E-05 6.8796879 -5.47305271439811E-08 -1.80879283591224E-08 0.1640164 3.32260375378279E-15 4.53570489708275E-14
3.207594182165E-05 5.37347401049118E-05 7.0437043 5.00271875036375E-08 -1.41974834112609E-07 0.1640164 2.26595730108271E-14 4.89856049635868E-15
3.20759297520661E-05 5.38918732782369E-05 7.2077207 -1.20695838603524E-11 1.57133173325136E-07 0.1640164 2.46908343049019E-14 4.32016926692419E-14
3.20435112189206E-05 5.38564281382656E-05 7.370737 -3.24185331455595E-08 -3.54451399713014E-08 0.163016300000001 2.30731923889489E-15 3.48650290984925E-14
3.20684543637575E-05 5.38855762824783E-05 7.5347534 2.49431448369393E-08 2.91481442127335E-08 0.1640164 1.47177478540284E-15 4.15950139371584E-14
3.20319592403891E-05 5.37167670217693E-05 7.6987698 -3.64951233684252E-08 -1.68809260709011E-07 0.1640164 2.98284605307995E-14 1.0435527149431E-14
3.20297337278106E-05 5.3855325443787E-05 7.8627862 -2.22551257841985E-09 1.38558422017645E-07 0.1640164 1.92033892182566E-14 3.71007708139993E-14
3.20374559341951E-05 5.38545828437133E-05 8.0268026 7.72220638441468E-09 -7.42600073699862E-10 0.1640164 6.01839263129538E-17 3.5354749345544E-14
3.20130918220947E-05 5.38758967001435E-05 8.1898189 -2.43641121003719E-08 2.131385643019E-08 0.163016299999999 1.04789043436624E-15 4.79118976574041E-14
3.2045067527892E-05 5.38545214327657E-05 8.3538353 3.19757057972581E-08 -2.13752673777634E-08 0.164016400000001 1.47934781670368E-15 3.39698050705158E-14
3.20345098920863E-05 5.37163893884892E-05 8.5178517 -1.05576358056183E-08 -1.38132044276496E-07 0.1640164 1.91919253298079E-14 9.91820210606863E-15
3.20379901960784E-05 5.37143493761141E-05 8.6818681 3.48030399209875E-09 -2.04001237513296E-09 0.1640164 1.62741663681141E-17 9.16155630320566E-15
3.1994623655914E-05 5.3841061827957E-05 8.8448844 -4.33665401644525E-08 1.26712451842913E-07 0.163016300000001 1.79367022578776E-14 4.09668780449044E-14
3.20485644471594E-05 5.38604153940134E-05 9.0089008 5.39407912454557E-08 1.9353566056445E-08 0.1640164 3.28416947928701E-15 3.53388341456013E-14
3.20769361413044E-05 5.38897758152174E-05 9.1729172 2.83716941449157E-08 2.9360421203954E-08 0.1640164 1.66698736192623E-15 4.2255572834658E-14
3.21287388843977E-05 5.38789409862571E-05 9.3369336 5.18027430933827E-08 -1.083482896032E-08 0.164016400000001 2.8009177105984E-15 3.51652085925227E-14
3.20877221856485E-05 5.38949967083608E-05 9.50095 -4.10166987492815E-08 1.60557221036939E-08 0.1640164 1.94015578856035E-15 4.33056764753456E-14
3.20853943850267E-05 5.38953877005348E-05 9.6639663 -2.327800621714E-09 3.90992173997518E-10 0.163016300000001 5.57153061457941E-18 4.36715534775805E-14
3.20650810245687E-05 5.37043910088866E-05 9.8279827 -2.03133604579975E-08 -1.90996691648195E-07 0.1640164 3.68923688336522E-14 4.5029768004187E-15
3.20988169798191E-05 5.3893180236604E-05 9.9919991 3.37359552503287E-08 1.88789227717471E-07 0.1640164 3.67794871788115E-14 4.17339457811155E-14
3.21315192743764E-05 5.38815192743764E-05 10.1560155 3.27022945573461E-08 -1.16609622276229E-08 0.1640164 1.20541810938948E-15 3.61343647398913E-14
3.20592651757188E-05 5.38573482428115E-05 10.3200319 -7.22540986575666E-08 -2.41710315649115E-08 0.164016400000001 5.80489353972932E-15 3.26635749419882E-14
3.20752757949383E-05 5.38609669046074E-05 10.4830482 1.60106192195002E-08 3.61866179589043E-09 0.163016299999999 2.69434640984866E-16 3.18392869643286E-14
3.21249343142407E-05 5.37607724645297E-05 10.6470646 4.96585193023265E-08 -1.00194440077708E-07 0.164016400000001 1.25048943617849E-14 4.84425268307731E-15
3.22166053921569E-05 5.3859375E-05 10.811081 9.16710779161889E-08 9.86025354703131E-08 0.1640164 1.81260465274903E-14 3.55472984986184E-14
3.2094868332208E-05 5.38921336934504E-05 10.9750974 -1.21737059948899E-07 3.27586934503685E-08 0.1640164 1.5893043761577E-14 4.15818915951889E-14
3.21467563291139E-05 5.38876582278481E-05 11.1391138 5.18879969059611E-08 -4.47546560226897E-09 0.1640164 2.71239401527012E-15 3.87563331871529E-14
3.21061026352288E-05 5.38937239944522E-05 11.3021301 -4.06536938850763E-08 6.06576660405267E-09 0.163016300000001 1.68951635099633E-15 4.15389223123947E-14
3.20551404662283E-05 5.38580394500897E-05 11.4661465 -5.09621690005204E-08 -3.56845443624962E-08 0.1640164 3.87052937559657E-15 3.35015580314932E-14
3.20753842676311E-05 5.37435578661844E-05 11.6301629 2.02438014027706E-08 -1.1448158390521E-07 0.164016400000001 1.35158445486805E-14 5.80173251626993E-15
3.21170955882353E-05 5.38775735294118E-05 11.7941793 4.17113206041932E-08 1.34015663227316E-07 0.1640164 1.97000322568033E-14 3.4840646428693E-14
3.20649369266055E-05 5.38556479357798E-05 11.9581957 -5.21586616297895E-08 -2.19255936319485E-08 0.1640164 3.20125763912422E-15 3.13215751657947E-14
74
7.17556179775281E-05 9.72255216693419E-06 0 0 0 0 0 0
7.17677657918149E-05 9.73203959074733E-06 0.1630163 1.21478142868625E-08 9.48742381314105E-09 0.1630163 2.37580602558257E-16 2.37580602558257E-16
7.18115375905797E-05 9.76007699275362E-06 0.3270327 4.37717987647517E-08 2.80374020062926E-08 0.1640164 2.70206627836438E-15 4.53511567662109E-15
7.17916666666667E-05 9.76157860404436E-06 0.4910491 -1.98709239130324E-08 1.50161129073467E-09 0.1640164 3.97108453625983E-16 2.82257078212403E-15
7.17611687602403E-05 9.71504642271982E-06 0.6550655 -3.0497906426362E-08 -4.65321813245332E-08 0.1640164 3.09536619521036E-15 8.71473849297511E-17
7.17736588643745E-05 9.76122746108187E-06 0.8190819 1.24901041342014E-08 4.61810383620431E-08 0.1640164 2.28869100547969E-15 1.82125197561481E-15
7.17656907239318E-05 9.72382112021253E-06 0.9830983 -7.96814044269922E-09 -3.7406340869337E-08 0.1640164 1.46272559934761E-15 1.03070462536308E-16
7.17541944504194E-05 9.72246719724672E-06 1.1461146 -1.1496273512364E-08 -1.35392296581038E-09 0.1630163 1.33997412068432E-16 2.03364927682732E-18
7.17615024546181E-05 9.76489896106862E-06 1.310131 7.30800419866284E-09 4.24317638218952E-08 0.1640164 1.85386150640477E-15 1.82787804408644E-15
7.17516381314733E-05 9.71718452758402E-06 1.4741474 -9.86432314485341E-09 -4.77144334845949E-08 0.1640164 2.37397203386192E-15 4.46507268136485E-17
7.17740080026676E-05 9.7580582416361E-06 1.6381638 2.23698711943001E-08 4.0873714052081E-08 0.1640164 2.17107163766086E-15 1.598874365368E-15
7.17376338743513E-05 9.71847742077951E-06 1.8011801 -3.63741283162256E-08 -3.95808208565942E-08 0.1630163 2.88971859044704E-15 3.40031523297375E-16
7.17510363259518E-05 9.71171048325515E-06 1.9651965 1.34024516004558E-08 -6.7669375243522E-09 0.1640164 2.25417152361047E-16 1.38533636162873E-16
7.17316661034133E-05 9.73287709811873E-06 2.1292129 -1.93702225384698E-08 2.11666148635796E-08 0.1640164 8.23231105972952E-16 6.80296477575478E-16
7.17924485643228E-05 9.75695229482252E-06 2.2932293 6.0782460909536E-08 2.40751967037838E-08 0.1640164 4.27412265054515E-15 2.53986092238004E-15
7.1751604007204E-05 9.77425709140027E-06 2.4572457 -4.08445571188878E-08 1.73047965777524E-08 0.1640164 1.96773383083548E-15 2.68951117180613E-15
7.17258105051521E-05 9.78132068358884E-06 2.620262 -2.57935020519113E-08 7.06359218857067E-09 0.1630163 7.15199082708391E-16 4.34222395923622E-15
7.17604579877389E-05 9.78017189566054E-06 2.7842784 3.46474825868626E-08 -1.14878792830631E-09 0.1640164 1.20176776331117E-15 3.34345883733859E-15
7.17411725516322E-05 9.74336553408838E-06 2.9482948 -1.92854361066708E-08 -3.68063615721503E-08 0.1640164 1.72663629800435E-15 6.41866581607643E-16
7.17654549534388E-05 9.78194771681813E-06 3.1123112 2.42824018065448E-08 3.85821827297459E-08 0.1640164 2.07821986168599E-15 3.62459744108349E-15
7.17128685839097E-05 9.77863730129839E-06 3.2763276 -5.25863695290667E-08 -3.31041551974387E-09 0.1640164 2.77628511116092E-15 4.97305295138801E-15
7.17413291433892E-05 9.77252094972067E-06 3.4393439 2.84605594794698E-08 -6.11635157771673E-09 0.1630163 8.47413202506676E-16 2.70105003421136E-15
7.17641613464887E-05 9.76230412071967E-06 3.6033603 2.28322030994832E-08 -1.02168290009956E-08 0.1640164 6.25693093211635E-16 1.65320698296008E-15
7.17707413695529E-05 9.75744199207697E-06 3.7673767 6.580023064231E-09 -4.86212864270819E-09 0.1640164 6.69369984640553E-17 1.4460168848299E-15
7.16923762945915E-05 9.73230724971231E-06 3.9313931 -7.83650749614253E-08 -2.51347423646528E-08 0.1640164 6.77284024744728E-15 4.09467210066232E-15
7.17283538214858E-05 9.73335114911812E-06 4.0944094 3.59775268943565E-08 1.04389940580596E-09 0.1630163 1.29547216740359E-15 8.59952220904994E-16
7.17370391705069E-05 9.72769166317553E-06 4.2584258 8.68534902107854E-09 -5.65948594258536E-09 0.1640164 1.07465068752271E-16 3.71586491944725E-16
7.17673363008083E-05 9.77430596228183E-06 4.4224422 3.02971303013351E-08 4.66142991062988E-08 0.1640164 3.09080898566756E-15 2.81577443338419E-15
7.16973857382149E-05 9.78475711892797E-06 4.5864586 -6.99505625933625E-08 1.04511566461412E-08 0.1640164 5.00230788237011E-15 7.26044974797871E-15
7.1760078487335E-05 9.82931977643001E-06 4.750475 6.2692749120103E-08 4.45626575020412E-08 0.1640164 5.91621123588041E-15 1.14192185851907E-14
7.1680591410467E-05 9.73618282093405E-06 4.9134913 -7.9487076867963E-08 -9.31369554959627E-08 0.1630163 1.49926878680704E-14 5.81478049343154E-15
7.17175433839479E-05 9.73882863340564E-06 5.0775077 3.69519734809103E-08 2.64581247158802E-09 0.1640164 1.37244866776871E-15 1.71459803708976E-15
7.16993686109441E-05 9.78674082982562E-06 5.2415241 -1.81747730038637E-08 4.79121964199756E-08 0.1640164 2.62590093952829E-15 7.28417568489182E-15
7.17103610675039E-05 9.79259751237773E-06 5.4055405 1.09924565598476E-08 5.8566825521158E-09 0.1640164 1.55134831736394E-16 6.95453832324055E-15
7.17654371242485E-05 9.82900175350701E-06 5.5695569 5.50760567445678E-08 3.64042411292829E-08 0.1640164 4.35864079872983E-15 1.14279301238423E-14
7.16888997395833E-05 9.83805338541667E-06 5.7325732 -7.65373846651585E-08 9.05163190965119E-09 0.163016300000001 5.93990329161025E-15 1.77918547453898E-14
7.16890553920257E-05 9.84007894032646E-06 5.8965896 1.55652442359155E-10 2.02555490979961E-09 0.1640164 4.12710037542568E-18 1.82431202527632E-14
7.16551018020126E-05 9.7416042593026E-06 6.060606 -3.39535900130556E-08 -9.84746810238679E-08 0.1640164 1.08501090775272E-14 1.04664837638675E-14
7.16739782527184E-05 9.78377702787152E-06 6.2246224 1.88764507057755E-08 4.21727685689177E-08 0.1640164 2.13486280001507E-15 1.04135282637946E-14
7.16703983337673E-05 9.83519916688362E-06 6.3886388 -3.57991895116072E-09 5.1422139012109E-08 0.1640164 2.65705220027754E-15 1.9951734280332E-14
7.16896165502701E-05 9.83815390697062E-06 6.5516551 1.92182165028782E-08 2.95474008699159E-09 0.1630163 3.78070334533177E-16 1.77199506995372E-14
7.17073301230604E-05 9.83861690743713E-06 6.7156715 1.77135727903277E-08 4.63000466515595E-10 0.1640164 3.13985030430232E-16 1.58027408771024E-14
7.16912834422389E-05 9.79003821970164E-06 6.8796879 -1.60466808215176E-08 -4.85786877354926E-08 0.1640164 2.61738486749016E-15 8.69329974900172E-15
7.16904507868765E-05 9.84379167778074E-06 7.0437043 -8.32655362444257E-10 5.37534580791021E-08 0.1640164 2.8901275704144E-15 1.89457817277322E-14
7.16947220487196E-05 9.80206121174266E-06 7.2077207 4.27126184305848E-09 -4.17304660380804E-08 0.1640164 1.75967547348735E-15 1.00300023518096E-14
7.1684677798683E-05 9.787423565381E-06 7.370737 -1.00442500365858E-08 -1.46376463616633E-08 0.163016300000001 3.1514764980657E-16 9.24080731102219E-15
7.16833133971292E-05 9.84758771929824E-06 7.5347534 -1.36440155378637E-09 6.01641539172473E-08 0.1640164 3.62158700817819E-15 2.08618417016464E-14
7.16708513969171E-05 9.79013126204239E-06 7.6987698 -1.24620002120395E-08 -5.74564572558565E-08 0.1640164 3.45654592967893E-15 1.1752307284115E-14
7.16409719694212E-05 9.78440116490717E-06 7.8627862 -2.98794274959562E-08 -5.73009713521699E-09 0.1640164 9.25614200665124E-16 1.69690057251098E-14
7.1659966819806E-05 9.83563042368555E-06 8.0268026 1.89948503848427E-08 5.12292587783829E-08 0.1640164 2.98524129612508E-15 2.19358361234979E-14
7.16763824117255E-05 9.8473017988008E-06 8.1898189 1.64155919194826E-08 1.16713751152453E-08 0.163016299999999 4.0569265514775E-16 2.18407455389093E-14
7.16903887552235E-05 9.83943269596049E-06 8.3538353 1.40063434979965E-08 -7.86910284030817E-09 0.164016400000001 2.58100437695214E-16 1.79159095079286E-14
7.1687592269494E-05 9.84622869413502E-06 8.5178517 -2.79648572947622E-09 6.7959981745247E-09 0.1640164 5.40059236233072E-17 1.99233803339915E-14
7.1673631306107E-05 9.79690858515615E-06 8.6818681 -1.39609633870634E-08 -4.93201089788648E-08 0.1640164 2.62738164838203E-15 1.2250691221514E-14
7.16951808047852E-05 9.85620581837955E-06 8.8448844 2.15494986782403E-08 5.92972332234023E-08 0.163016300000001 3.98054276123405E-15 2.15159503938316E-14
7.16852415753147E-05 9.85346460955474E-06 9.0089008 -9.93922947054671E-09 -2.74120882481021E-09 0.1640164 1.06302508289402E-16 2.20909056213858E-14
7.1710901826484E-05 9.84627092846271E-06 9.1729172 2.56602511693558E-08 -7.19368109203344E-09 0.1640164 7.10197537728304E-16 1.73058661183471E-14
7.16872334571468E-05 9.86232631723758E-06 9.3369336 -2.36683693372299E-08 1.60553887748751E-08 0.164016400000001 8.17967215795912E-16 2.42132557208167E-14
7.16795585412668E-05 9.84817658349328E-06 9.50095 -7.67491587998847E-09 -1.41497337443024E-08 0.1640164 2.59119298799549E-16 2.15665318801977E-14
7.16935573025427E-05 9.80045448962044E-06 9.6639663 1.39987612758858E-08 -4.77220938728422E-08 0.163016300000001 2.4733635608676E-15 9.92029925955664E-15
7.17278799552628E-05 9.83997141791972E-06 9.8279827 3.43226527201494E-08 3.95169282992818E-08 0.1640164 2.73963211195856E-15 1.45566783811913E-14
7.17575776320673E-05 9.84640603736237E-06 9.9919991 2.96976768044601E-08 6.43461944264345E-09 0.1640164 9.23356334953814E-16 1.53436214659525E-14
7.17353889943074E-05 9.84642631246047E-06 10.1560155 -2.21886377598963E-08 2.0275098101763E-11 0.1640164 4.923360567195E-16 1.57540156920084E-14
7.17101514373717E-05 9.84779260780287E-06 10.3200319 -2.52375569357355E-08 1.3662953424074E-09 0.164016400000001 6.38801043047174E-16 1.77523743027785E-14
7.17580197019449E-05 9.85056201060874E-06 10.4830482 4.78682645732675E-08 2.76940280586402E-09 0.163016299999999 2.29904034515747E-15 1.6392288357757E-14
7.1762289821589E-05 9.83853163907072E-06 10.6470646 4.27011964407598E-09 -1.20303715380157E-08 0.164016400000001 1.62963761117421E-16 1.34957514602422E-14
7.17701666067362E-05 9.83438211674458E-06 10.811081 7.87678514717527E-09 -4.14952232614674E-09 0.1640164 7.92622797899512E-17 1.27176002864282E-14
7.16740368306276E-05 9.80085413133026E-06 10.9750974 -9.61297761086115E-08 -3.35279854143131E-08 0.1640164 1.03650596606342E-14 1.2786681157888E-14
7.1736782281112E-05 9.85203949077682E-06 11.1391138 6.27454504843996E-08 5.11853594465617E-08 0.1640164 6.55693257816396E-15 1.71217504954077E-14
7.17448141745895E-05 9.8393628843067E-06 11.3021301 8.03189347747946E-09 -1.26766064701211E-08 0.163016300000001 2.25207664431894E-16 1.37614658510184E-14
7.1728734851059E-05 9.80054366292898E-06 11.4661465 -1.6079323530434E-08 -3.88192213777199E-08 0.1640164 1.76547659356879E-15 6.80537593625823E-15
7.17397611940298E-05 9.83710447761194E-06 11.6301629 1.10263429708368E-08 3.65608146829572E-08 0.164016400000001 1.45827340959206E-15 1.33736694645221E-14
7.1736067663075E-05 9.82788784613602E-06 11.7941793 -3.69353095489089E-09 -9.216631475919E-09 0.1640164 9.85884666776381E-17 1.14778201081276E-14
7.17477252302853E-05 9.79288362165805E-06 11.9581957 1.16575672103636E-08 -3.50042244779676E-08 0.1640164 1.36119460456809E-15 5.00880898261325E-15
74
8.03772898074213E-05 2.43489901362142E-05 0 0 0 0 0 0
8.03762019230769E-05 2.44175480769231E-05 0.1630163 -1.08788434440044E-09 6.85579407088923E-08 0.1630163 4.70137472659079E-15 4.70137472659079E-15
8.03277761457109E-05 2.44606345475911E-05 0.3270327 -4.8425777365992E-08 4.30864706679941E-08 0.1640164 4.20149986812453E-15 1.49160772876626E-14
8.03201912416851E-05 2.44228797117517E-05 0.4910491 -7.58490402579071E-09 -3.7754835839408E-08 0.1640164 1.4829583983411E-15 8.71991558223795E-15
8.03298444976077E-05 2.44519288277512E-05 0.6550655 9.65325592251531E-09 2.90491159995341E-08 0.1640164 9.37036490259964E-16 1.28474316386671E-14
8.03895362663496E-05 2.43537455410226E-05 0.8190819 5.96917687419278E-08 -9.81832867286023E-08 0.1640164 1.32030650483707E-14 1.72589631173411E-16
8.0319882179676E-05 2.4459351988218E-05 0.9830983 -6.96540866735802E-08 1.05606447195374E-07 0.1640164 1.60044134795599E-14 1.54753741010504E-14
8.03379705400982E-05 2.44410801963993E-05 1.1461146 1.80883604221975E-08 -1.82717918186235E-08 0.1630163 6.61047159026438E-16 1.00265839677337E-14
8.03202455739577E-05 2.44215448315248E-05 1.310131 -1.7724966140463E-08 -1.95353648744998E-08 0.1640164 6.95804905460402E-16 8.5182283830709E-15
8.03335887433826E-05 2.44834215658958E-05 1.4741474 1.33431694248287E-08 6.18767343709479E-08 0.1640164 4.00677042671252E-15 1.99815922843608E-14
8.03624007697859E-05 2.43296848688958E-05 1.6381638 2.88120264033438E-08 -1.53736696999953E-07 0.1640164 2.44651048699224E-14 5.94376787941489E-16
8.03360492845787E-05 2.44425013248543E-05 1.8011801 -2.63514852072149E-08 1.12816455958427E-07 0.1630163 1.34219535076458E-14 1.04451231252144E-14
8.03316671169954E-05 2.44429883815185E-05 1.9651965 -4.38216758328735E-09 4.87056664240981E-10 0.1640164 1.94406169221961E-17 1.09171000019907E-14
8.03495090016367E-05 2.4409410801964E-05 2.1292129 1.78418846412569E-08 -3.35775795545139E-08 0.1640164 1.44578669629163E-15 4.42243001969513E-15
8.03186650915535E-05 2.44575457767277E-05 2.2932293 -3.08439100832061E-08 4.8134974763709E-08 0.1640164 3.2683225847238E-15 1.52211843978881E-14
8.03327357970215E-05 2.44436017650303E-05 2.4572457 1.40707054680576E-08 -1.39440116973653E-08 0.1640164 3.92420214585084E-16 1.09364201499517E-14
8.03723618090452E-05 2.4458040201005E-05 2.620262 3.96260120237173E-08 1.44384359746894E-08 0.1630163 1.77868926229899E-15 1.19162017988818E-14
8.03208180708181E-05 2.44530677655678E-05 2.7842784 -5.15437382271529E-08 -4.97243543726E-09 0.1640164 2.68148206460698E-15 1.40212099668478E-14
8.03018541797611E-05 2.44457102451289E-05 2.9482948 -1.89638910569272E-08 -7.3575204389158E-09 0.1640164 4.13762271028067E-16 1.50453133889488E-14
8.03597128677774E-05 2.4440180786955E-05 3.1123112 5.78586880162391E-08 -5.5294581738714E-09 0.1640164 3.37820268665708E-15 8.62468358977614E-15
8.03316395663957E-05 2.44438346883469E-05 3.2763276 -2.8073301381724E-08 3.65390139190325E-09 0.1640164 8.01461245850861E-16 1.10794335749526E-14
8.03551146082792E-05 2.44545843311666E-05 3.4393439 2.34750418835006E-08 1.07496428197287E-08 0.1630163 6.66632412183851E-16 1.16418734646455E-14
8.03272825792468E-05 2.44493362232457E-05 3.6033603 -2.78320290323535E-08 -5.24810792087749E-09 0.1640164 8.02164476806944E-16 1.25700600522407E-14
8.02989066193853E-05 2.44064716312057E-05 3.7673767 -2.83759598614637E-08 -4.28645920400612E-08 0.1640164 2.64256834882028E-15 9.44804643313899E-15
8.03168935815504E-05 2.44219922200611E-05 3.9313931 1.79869621650823E-08 1.55205888554555E-08 0.1640164 5.64419486348192E-16 8.97700834544372E-15
8.0302421875E-05 2.4446171875E-05 4.0944094 -1.44717065504381E-08 2.41796549388731E-08 0.1630163 7.94086003444961E-16 1.50494976584792E-14
8.03139318442153E-05 2.44654209621993E-05 4.2584258 1.15099692153535E-08 1.9249087199313E-08 0.1640164 5.0300674934514E-16 1.75703687411892E-14
8.03166965085049E-05 2.44614294240525E-05 4.4224422 2.76466428957178E-09 -3.99153814679209E-09 0.1640164 2.35757454113299E-17 1.63141413231651E-14
8.02868188512518E-05 2.44068483063328E-05 4.5864586 -2.98776572530812E-08 -5.45811177196782E-08 0.1640164 3.87177281446197E-15 1.15325617597003E-14
8.0311071932299E-05 2.44719322990127E-05 4.750475 2.42530810471777E-08 6.5083992679849E-08 0.1640164 4.82413804343161E-15 1.94995823792883E-14
8.0295617592015E-05 2.44477542108546E-05 4.9134913 -1.54543402840375E-08 -2.41780881580453E-08 0.1630163 8.23416580593036E-16 1.64246932089671E-14
8.03221106354956E-05 2.44440237076062E-05 5.0775077 2.64930434805706E-08 -3.73050324845536E-09 0.1640164 7.15798007350139E-16 1.20761207059339E-14
8.02883089133089E-05 2.44546703296703E-05 5.2415241 -3.3801722186638E-08 1.06466220641366E-08 0.1640164 1.25590698415922E-15 1.90859028059722E-14
8.03141695702671E-05 2.44584059233449E-05 5.4055405 2.58606569582156E-08 3.73559367461951E-09 0.1640164 6.82728238412362E-16 1.59559788118465E-14
8.03070996978852E-05 2.44518126888218E-05 5.5695569 -7.06987238193335E-09 -6.59323452319427E-09 0.1640164 9.34538369746647E-17 1.54991288014302E-14
8.02961669991451E-05 2.44623824451411E-05 5.7325732 -1.09326987401346E-08 1.05697563193132E-08 0.163016300000001 2.31243650392202E-16 1.9438725746397E-14
8.03415114613181E-05 2.44575573065903E-05 5.8965896 4.53444621729915E-08 -4.82513855081024E-09 0.1640164 2.07940221179237E-15 1.30669205333527E-14
8.02893016581633E-05 2.44441167091837E-05 6.060606 -5.22098031547813E-08 -1.34405974065821E-08 0.1640164 2.90651320410683E-15 1.67909792947772E-14
8.02804548346056E-05 2.44479166666667E-05 6.2246224 -8.84682355767552E-09 3.79995748299322E-09 0.1640164 9.27059639331987E-17 1.9163470387589E-14
8.02783078880407E-05 2.44536418575064E-05 6.3886388 -2.14694656487779E-09 5.72519083969425E-09 0.1640164 3.73871897033595E-17 2.07494031336845E-14
8.03061300959233E-05 2.44631294964029E-05 6.5516551 2.78222078825507E-08 9.48763889651616E-09 0.1630163 8.64090543290555E-16 1.8091498084771E-14
8.02766710569641E-05 2.44398254856767E-05 6.7156715 -2.94590389591605E-08 -2.33040107262248E-08 0.1640164 1.41091189232533E-15 1.83751936555404E-14
8.02760620668876E-05 2.44527719192528E-05 6.8796879 -6.08990076486293E-10 1.29464335761327E-08 0.1640164 1.67981011254474E-16 2.101771394423E-14
8.02843631778058E-05 2.44563366960908E-05 7.0437043 8.30111091818253E-09 3.56477683800804E-09 0.1640164 8.16160763807679E-17 2.01586424090426E-14
8.02870940649496E-05 2.44621360582307E-05 7.2077207 2.73088714381231E-09 5.7993621398893E-09 0.1640164 4.10903458218207E-17 2.09372716289863E-14
8.02815687896333E-05 2.44693272677144E-05 7.370737 -5.52527531630176E-09 7.19120948368257E-09 0.163016300000001 8.22421611591396E-17 2.36435384640645E-14
8.02818728250554E-05 2.44464568174628E-05 7.5347534 3.04035422047377E-10 -2.28704502515384E-08 0.1640164 5.23149932245954E-16 1.86041544774509E-14
8.02972149695387E-05 2.44669277632724E-05 7.6987698 1.53421444833697E-08 2.04709458095849E-08 0.1640164 6.54441019687551E-16 2.03212635380492E-14
8.0265385793019E-05 2.44585119412125E-05 7.8627862 -3.182917651975E-08 -8.41582205991997E-09 0.1640164 1.08392253886964E-15 2.45175342094471E-14
8.02731997589635E-05 2.44551822838204E-05 8.0268026 7.81396594456396E-09 -3.32965739206514E-09 0.1640164 7.21446821313394E-17 2.21115104011687E-14
8.02585830666279E-05 2.44522112307245E-05 8.1898189 -1.46166923356645E-08 -2.97105309595835E-09 0.163016299999999 2.22474851334478E-16 2.47458846617027E-14
8.02795069337442E-05 2.44491525423729E-05 8.3538353 2.09238671163376E-08 -3.05868835158662E-09 0.164016400000001 4.47163789534288E-16 1.95939979920527E-14
8.02565315315315E-05 2.44576576576577E-05 8.5178517 -2.29754022126798E-08 8.50511528477682E-09 0.1640164 6.00206092841756E-16 2.63911914125415E-14
8.03123030650243E-05 2.44939129189344E-05 8.6818681 5.57715334928162E-08 3.62552612767431E-08 0.1640164 4.42490791838522E-15 2.52258896387416E-14
8.02869496855346E-05 2.44502358490566E-05 8.8448844 -2.53533794897578E-08 -4.36770698777984E-08 0.163016300000001 2.55048028466176E-15 1.84120319914783E-14
8.03105341246291E-05 2.44701038575668E-05 9.0089008 2.35844390944919E-08 1.98680085101621E-08 0.1640164 9.50963529561674E-16 1.91248546849283E-14
8.0315176230702E-05 2.44696329740752E-05 9.1729172 4.64210607292159E-09 -4.70883491612284E-10 0.1640164 2.17708800549285E-17 1.84127907400142E-14
8.03674147963425E-05 2.4566604322527E-05 9.3369336 5.22385656404651E-08 9.69713484518628E-08 0.164016400000001 1.21323101607458E-14 4.74534499284037E-14
8.03442379762648E-05 2.45724547158026E-05 9.50095 -2.31768200776372E-08 5.85039327560821E-09 0.1640164 5.71392090390449E-16 5.10288418734355E-14
8.03828382838284E-05 2.45798496516318E-05 9.6639663 3.86003075635415E-08 7.39493582920403E-09 0.163016300000001 1.54466881991804E-15 5.33269014493096E-14
8.03826530612245E-05 2.45745464852608E-05 9.8279827 -1.85222603889201E-10 -5.30316637105699E-09 0.1640164 2.81578809721012E-17 5.09044310865835E-14
8.03567961165048E-05 2.44488149628784E-05 9.9919991 -2.58569447196351E-08 -1.25731522382416E-07 0.1640164 1.64769973108344E-14 1.03849873859116E-14
8.03062673130194E-05 2.45452735457064E-05 10.1560155 -5.0528803485463E-08 9.64585828280171E-08 0.1640164 1.1857418182862E-14 4.35713715529505E-14
8.0416961130742E-05 2.45891342756184E-05 10.3200319 1.10693817722662E-07 4.38607299120015E-08 0.164016400000001 1.41768849104316E-14 5.92430215841973E-14
8.03936898593634E-05 2.45698556624722E-05 10.4830482 -2.32712713786185E-08 -1.92786131461311E-08 0.163016299999999 9.13216996415488E-16 4.90505423929535E-14
8.03893023255814E-05 2.45010852713178E-05 10.6470646 -4.38753378203671E-09 -6.87703911544126E-08 0.164016400000001 4.74861715221943E-15 2.32772307147427E-14
8.03610724233983E-05 2.45511838440111E-05 10.811081 -2.8229902183071E-08 5.00985726933116E-08 0.1640164 3.30679436317279E-15 4.1145299017231E-14
8.03714374225527E-05 2.44782372986369E-05 10.9750974 1.03649991543335E-08 -7.29465453742151E-08 0.1640164 5.42863168950175E-15 1.67390794029819E-14
8.03995767602924E-05 2.45703155059638E-05 11.1391138 2.81393377397592E-08 9.20782073269066E-08 0.1640164 9.27021859296904E-15 4.94816275630978E-14
8.04169932312077E-05 2.45931599572497E-05 11.3021301 1.74164709152791E-08 2.28444512858985E-08 0.163016300000001 8.25202413696553E-16 6.11952633648924E-14
8.03453694202155E-05 2.45109030271934E-05 11.4661465 -7.16238109922074E-08 -8.22569300562996E-08 0.1640164 1.18961728433344E-14 2.72346953846281E-14
8.03704724409449E-05 2.44822047244095E-05 11.6301629 2.51030207293894E-08 -2.86983027839831E-08 0.164016400000001 1.45375423242133E-15 1.77926029937083E-14
8.03849924585219E-05 2.45709841628959E-05 11.7941793 1.45200175769844E-08 8.87794384864797E-08 0.1640164 8.09261960841057E-15 4.93406787163521E-14
8.0295408507765E-05 2.45525827143822E-05 11.9581957 -8.95839507568468E-08 -1.84014485137531E-08 0.1640164 8.36389754060946E-15 4.81544851184952E-14
74
9.40236054845746E-05 2.49869118105329E-05 0 0 0 0 0 0
9.40342477570738E-05 2.50323498964803E-05 0.1630163 1.06422724992115E-08 4.54380859474526E-08 0.1630163 2.17787761851556E-15 2.17787761851556E-15
9.40218132242672E-05 2.50351908657123E-05 0.3270327 -1.24345328066369E-08 2.8409692320075E-09 0.1640164 1.62688712296542E-16 2.33407936603092E-15
9.40103395061728E-05 2.4997762345679E-05 0.4910491 -1.14737180943649E-08 -3.74285200333233E-08 0.1640164 1.53254031879384E-15 2.93720295914317E-16
9.40175953079179E-05 2.50324209840339E-05 0.6550655 7.25580174504614E-09 3.46586383548733E-08 0.1640164 1.25386787157731E-15 2.10720709619031E-15
9.40197893392914E-05 2.50333546121928E-05 0.8190819 2.19403137353424E-09 9.33628158900746E-10 0.1640164 5.68543520714496E-18 2.17149679084438E-15
9.40200129115558E-05 2.50246933505487E-05 0.9830983 2.23572264417271E-10 -8.6612616440469E-09 0.1640164 7.50674378240547E-17 1.44035134686568E-15
9.40349381477767E-05 2.5027331995988E-05 1.1461146 1.49252362208188E-08 2.6386454392231E-09 0.1630163 2.29725126001173E-16 1.76222064747418E-15
9.40194041867955E-05 2.50235104669887E-05 1.310131 -1.55339609811591E-08 -3.82152899923582E-09 0.1640164 2.55908027656174E-16 1.35711255740236E-15
9.40079353083434E-05 2.49903264812576E-05 1.4741474 -1.14688784520922E-08 -3.31839857311707E-08 0.1640164 1.2327120819554E-15 2.57214399275646E-16
9.40106992163954E-05 2.49931434599156E-05 1.6381638 2.76390805201743E-09 2.81697865805342E-09 0.1640164 1.55745564799352E-17 2.0540521234296E-16
9.40201158183481E-05 2.49866656507162E-05 1.8011801 9.41660195263694E-09 -6.47780919936736E-09 0.1630163 1.30634404357814E-16 1.22383650281944E-17
9.40199036918138E-05 2.50258426966292E-05 1.9651965 -2.12126534250956E-10 3.91770459129681E-08 0.1640164 1.53488592413334E-15 1.52931716188986E-15
9.40196770938446E-05 2.50301042717793E-05 2.1292129 -2.26597969202658E-10 4.26157515013514E-09 0.1640164 1.82123693998961E-17 1.88102096225554E-15
9.40180577849117E-05 2.50223113964687E-05 2.2932293 -1.61930893288798E-09 -7.79287531064909E-09 0.1640164 6.3351067027455E-17 1.28390765597743E-15
9.40076153846154E-05 2.49923846153846E-05 2.4572457 -1.0442400296327E-08 -2.99267810840824E-08 0.1640164 1.00465595000332E-15 2.85634889651681E-16
9.40184960055575E-05 2.50350816255644E-05 2.620262 1.08806209420891E-08 4.26970101798148E-08 0.1630163 1.94142259038063E-15 2.34643785600073E-15
9.40139779202279E-05 2.50327635327635E-05 2.7842784 -4.51808532956477E-09 -2.31809280089834E-09 0.1640164 2.57866492788051E-17 2.19507042676726E-15
9.40180577849117E-05 2.50269662921348E-05 2.9482948 4.07986468380272E-09 -5.79724062870213E-09 0.1640164 5.02532947452153E-17 1.63513846795104E-15
9.40196014374387E-05 2.503119895459E-05 3.1123112 1.54365252703315E-09 4.2326624551734E-09 0.1640164 2.02982945836503E-17 1.97738352220297E-15
9.40049984620117E-05 2.49991541064288E-05 3.2763276 -1.46029754270671E-08 -3.20448481612132E-08 0.1640164 1.24011918499874E-15 4.9609509746108E-16
9.40314953271028E-05 2.50341121495327E-05 3.4393439 2.64968650911186E-08 3.495804310392E-08 0.1630163 1.92414863731247E-15 2.29012161681849E-15
9.40181500607533E-05 2.49940765492102E-05 3.6033603 -1.33452663494609E-08 -4.00356003225042E-08 0.1640164 1.78094542712135E-15 8.10951293842926E-17
9.4008123606244E-05 2.49963364128703E-05 3.7673767 -1.00264545093154E-08 2.25986366013586E-09 0.1640164 1.05636773789773E-16 3.28511685862969E-16
9.40174210354933E-05 2.50350862911104E-05 3.9313931 9.2974292493011E-09 3.87498782400471E-08 0.1640164 1.58799525426423E-15 2.35902798935226E-15
9.4007654723127E-05 2.49998371335505E-05 4.0944094 -9.76631236629544E-09 -3.52491575598997E-08 0.1630163 1.33788396591869E-15 4.21490765867799E-16
9.40218604651163E-05 2.50234108527132E-05 4.2584258 1.42057419892438E-08 2.35737191626875E-08 0.1640164 7.57523340626224E-16 1.3352251729893E-15
9.40203349282297E-05 2.5039046479836E-05 4.4224422 -1.52553688661783E-09 1.56356271227764E-08 0.1640164 2.46800098314934E-16 2.72872028214671E-15
9.40192121407814E-05 2.50232483048111E-05 4.5864586 -1.12278744825289E-09 -1.57981750248446E-08 0.1640164 2.50842985769578E-16 1.3396422861174E-15
9.40054700854701E-05 2.50770085470085E-05 4.750475 -1.37420553113259E-08 5.37602421974377E-08 0.1640164 3.0790077253067E-15 8.44631462424747E-15
9.40170297372061E-05 2.50278354080221E-05 4.9134913 1.15596517360075E-08 -4.9173138986415E-08 0.1630163 2.55162314603506E-15 1.71798128491738E-15
9.3991497829233E-05 2.51077243125904E-05 5.0775077 -2.55319079730896E-08 7.98889045683175E-08 0.1640164 7.03411539787206E-15 1.56265621849478E-14
9.40025604260549E-05 2.51193158541581E-05 5.2415241 1.10625968219011E-08 1.15915415676824E-08 0.1640164 2.56744884359246E-16 1.79737252564171E-14
9.40297394583476E-05 2.50389955433665E-05 5.4055405 2.71790322927217E-08 -8.03203107916595E-08 0.1640164 7.19005212203758E-15 2.75034086012896E-15
9.40158913352273E-05 2.50378196022727E-05 5.5695569 -1.38481231203542E-08 -1.17594109374508E-09 0.1640164 1.93153351412447E-16 2.65111135998131E-15
9.40137913741224E-05 2.50312604480107E-05 5.7325732 -2.09996110490351E-09 -6.55915426202824E-09 0.163016300000001 4.74323412751909E-17 2.06311841010851E-15
9.39982821341956E-05 2.51031729991916E-05 5.8965896 -1.55092399267289E-08 7.1912551180894E-08 0.1640164 5.41195154044954E-15 1.41579360627548E-14
9.40160053351117E-05 2.50295931977326E-05 6.060606 1.77232009160662E-08 -7.35798014590152E-08 0.1640164 5.72809903345935E-15 1.87946308514959E-15
9.40022385673169E-05 2.49926447073873E-05 6.2246224 -1.37667677947775E-08 -3.69484903453063E-08 0.1640164 1.55471483431252E-15 4.89411259440874E-16
9.40036764705882E-05 2.49999200767263E-05 6.3886388 1.43790327130944E-09 7.27536933907302E-09 0.1640164 5.49985648375662E-17 5.66380587830171E-16
9.39871280508191E-05 2.50274991641591E-05 6.5516551 -1.65484197691086E-08 2.75790874328017E-08 0.1630163 1.03445626048074E-15 2.97793644777119E-15
9.40168476226133E-05 2.50443654062149E-05 6.7156715 2.97195717941321E-08 1.68662420557553E-08 0.1640164 1.1677230687099E-15 3.34658435508243E-15
9.39882376395534E-05 2.51163277511962E-05 6.8796879 -2.86099830598232E-08 7.1962344981273E-08 0.1640164 5.99711022588711E-15 1.79993701592094E-14
9.40776967285588E-05 2.51248894783378E-05 7.0437043 8.94590890053593E-08 8.56172714157921E-09 0.1640164 8.07623177731565E-15 2.19636994886266E-14
9.40179376083189E-05 2.49985268630849E-05 7.2077207 -5.9759120239903E-08 -1.2636261525283E-07 0.1640164 1.9538662985382E-14 1.67034267037184E-16
9.40139207337046E-05 2.50400425810678E-05 7.370737 -4.01687461433653E-09 4.15157179828789E-08 0.163016300000001 1.73969012130124E-15 2.91667317705027E-15
9.399E-05 2.51029245283019E-05 7.5347534 -2.39207337045571E-08 6.28819472340858E-08 0.1640164 4.52634078891468E-15 1.45882792776481E-14
9.3997150997151E-05 2.5073806980057E-05 7.6987698 7.15099715100109E-09 -2.91175482449084E-08 0.1640164 8.98968376048195E-16 8.25061039146961E-15
9.40173227065712E-05 2.50370852309694E-05 7.8627862 2.01717094202536E-08 -3.67217490875582E-08 0.1640164 1.75538471698473E-15 2.55684541774192E-15
9.39864565587734E-05 2.50345826235094E-05 8.0268026 -3.08661477978234E-08 -2.50260746005182E-09 0.1640164 9.58982123976184E-16 3.65254909802305E-15
9.40826955782313E-05 2.51128826530612E-05 8.1898189 9.62390194578688E-08 7.83000295518548E-08 0.163016299999999 1.53928434940334E-14 1.93602923356548E-14
9.40126817720663E-05 2.50322962461955E-05 8.3538353 -7.0013806165008E-08 -8.05864068657556E-08 0.164016400000001 1.13961020252444E-14 2.17907449537679E-15
9.40050185873606E-05 2.50662639405204E-05 8.5178517 -7.6631847056916E-09 3.39676943249785E-08 0.1640164 1.21252865758872E-15 6.64223328160921E-15
9.39895833333333E-05 2.5118253968254E-05 8.6818681 -1.54352540272669E-08 5.19900277335203E-08 0.1640164 2.94121005061847E-15 1.84082691699176E-14
9.40187479075996E-05 2.50364077669903E-05 8.8448844 2.91645742662752E-08 -8.18462012636765E-08 0.163016300000001 7.54937305342732E-15 2.47344575970245E-15
9.40010638297872E-05 2.51018375241779E-05 9.0089008 -1.76840778123761E-08 6.54297571876583E-08 0.1640164 4.5937797337101E-15 1.37160458573834E-14
9.40065224307986E-05 2.50186127903277E-05 9.1729172 5.45860101136952E-09 -8.3224733850237E-08 0.1640164 6.95615264944411E-15 1.29678284626736E-15
9.40019455252918E-05 2.51001945525292E-05 9.3369336 -4.57690550676659E-09 8.15817622014698E-08 0.164016400000001 6.67653198791504E-15 1.33021334703338E-14
9.40208761122519E-05 2.50060746064339E-05 9.50095 1.89305869600531E-08 -9.41199460952333E-08 0.1640164 9.21693137562176E-15 3.74662220022281E-16
9.40327510917031E-05 2.50443959243086E-05 9.6639663 1.18749794511785E-08 3.83213178746402E-08 0.163016300000001 1.60953854061513E-15 3.38806546632652E-15
9.39909673659674E-05 2.50743978243978E-05 9.8279827 -4.17837257356979E-08 3.00019000892355E-08 0.1640164 2.64599374532049E-15 8.71904940819965E-15
9.40035772690106E-05 2.51210139002453E-05 9.9919991 1.26099030432698E-08 4.66160758474743E-08 0.1640164 2.33206818217814E-15 1.83844998839161E-14
9.40855263157895E-05 2.51318058076225E-05 10.1560155 8.19490467788455E-08 1.07919073772074E-08 0.1640164 6.83211153279963E-15 2.4828459730947E-14
9.40859945255475E-05 2.51335538321168E-05 10.3200319 4.68209757968907E-10 1.74802449428313E-09 0.164016400000001 3.27481001007109E-18 2.53962749277243E-14
9.40570782331027E-05 2.52546567323044E-05 10.4830482 -2.89162924447339E-08 1.2110290018763E-07 0.163016299999999 1.55020644026044E-14 7.28077680284731E-14
9.40597885032538E-05 2.52483731019523E-05 10.6470646 2.71027015108416E-09 -6.28363035214008E-09 0.164016400000001 4.68295746941938E-17 6.96712177514381E-14
9.40192063492063E-05 2.50021428571429E-05 10.811081 -4.05821540474562E-08 -2.46230244809421E-07 0.1640164 6.2276244686039E-14 2.51337172823905E-16
9.39931009440813E-05 2.50718954248366E-05 10.9750974 -2.61054051250085E-08 6.97525676937438E-08 0.1640164 5.54691287661113E-15 8.15274169083126E-15
9.40192233009709E-05 2.50936893203883E-05 11.1391138 2.61223568895446E-08 2.17938955517489E-08 0.1640164 1.15735141278528E-15 1.14206401440725E-14
9.40297166551486E-05 2.50442294402211E-05 11.3021301 1.04933541777115E-08 -4.94598801672019E-08 0.163016300000001 2.55639022805287E-15 3.32265707886575E-15
9.40333389318105E-05 2.50298118911656E-05 11.4661465 3.62227666195736E-09 -1.4417549055544E-08 0.1640164 2.2098660898478E-16 1.93515691338882E-15
9.40029222087868E-05 2.51200120918984E-05 11.6301629 -3.04167230237624E-08 9.02002007328235E-08 0.164016400000001 9.06125325174594E-15 1.81434827969047E-14
9.39906639004149E-05 2.50695020746888E-05 11.7941793 -1.22583083718411E-08 -5.0510017209632E-08 0.1640164 2.70152796265647E-15 7.90629970029408E-15
9.39787054409006E-05 2.5094277673546E-05 11.9581957 -1.19584595143749E-08 2.47755988571718E-08 0.1640164 7.56835052688438E-16 1.35434424624783E-14
74
9.59964351618856E-05 2.4548258122239E-05 0 0 0 0 0 0
9.60189204822211E-05 2.46150754992694E-05 0.1630163 2.2485320335548E-08 6.68173770303646E-08 0.1630163 4.9701515038101E-15 4.9701515038101E-15
9.59979741404993E-05 2.46097241256033E-05 0.3270327 -2.09463417218245E-08 -5.3513736660733E-09 0.1640164 4.6738643164139E-16 3.78043802475257E-15
9.60060404266604E-05 2.46063999057104E-05 0.4910491 8.06628616106764E-09 -3.32421989287468E-09 0.1640164 7.6115410328415E-17 3.47272809663094E-15
9.61063158239027E-05 2.46051874141427E-05 0.6550655 1.00275397242285E-07 -1.21249156767789E-09 0.1640164 1.00566254278998E-14 1.5314704161972E-14
9.60001139146779E-05 2.45550777467677E-05 0.8190819 -1.06201909224751E-07 -5.01096673750645E-08 0.1640164 1.37898242874219E-14 6.00405008191359E-17
9.60054991539763E-05 2.45809848882665E-05 0.9830983 5.38523929840551E-09 2.59071414988554E-08 0.1640164 7.00180782942808E-16 1.1531971672415E-15
9.60187850913869E-05 2.4611829530522E-05 1.1461146 1.32859374106147E-08 3.08446422555129E-08 0.1630163 1.12790808874934E-15 4.5408432998044E-15
9.59855763688761E-05 2.45462103746398E-05 1.310131 -3.32087225108495E-08 -6.56191558822705E-08 0.1640164 5.40869286950432E-15 1.22106655853399E-16
9.6023908492823E-05 2.46394288277512E-05 1.4741474 3.8332123946887E-08 9.3218453111426E-08 0.1640164 1.01590317267666E-14 9.06688145638689E-15
9.60013183125599E-05 2.46155321188878E-05 1.6381638 -2.25901802630517E-08 -2.38967088633721E-08 0.1640164 1.08136893881794E-15 4.54963578561445E-15
9.59848346937577E-05 2.45599418638793E-05 1.8011801 -1.64836188022122E-08 -5.55902550085605E-08 0.1630163 3.36198614073343E-15 2.71080679502451E-16
9.60037472561932E-05 2.46233458764503E-05 1.9651965 1.89125624354602E-08 6.34040125710342E-08 0.1640164 4.37775382798305E-15 5.69163755565946E-15
9.59885495025479E-05 2.46145959718515E-05 2.1292129 -1.51977536452392E-08 -8.74990459880465E-09 0.1640164 3.07532546349565E-16 4.46289391439961E-15
9.60001989592899E-05 2.46224364860729E-05 2.2932293 1.16494567419494E-08 7.8405142213569E-09 0.1640164 1.9718350563785E-16 5.51659583196783E-15
9.59918197725284E-05 2.45562846310878E-05 2.4572457 -8.37918676144511E-09 -6.6151854985069E-08 0.1640164 4.44627868874878E-15 8.57266632177336E-17
9.60021219408686E-05 2.47518390154194E-05 2.620262 1.03021683401465E-08 1.95554384331658E-07 0.1630163 3.83476519038424E-14 4.14775195233473E-14
9.60126920625929E-05 2.47528145578135E-05 2.7842784 1.05701217243563E-08 9.75542394058948E-10 0.1640164 1.12679156230316E-16 4.21076221555528E-14
9.59776447718437E-05 2.47367164586317E-05 2.9482948 -3.50472907492616E-08 -1.60980991817539E-08 0.1640164 1.48746138612886E-15 3.58696233138485E-14
9.5998969889065E-05 2.46413946117274E-05 3.1123112 2.13251172213091E-08 -9.53218469043264E-08 0.1640164 9.54101512175442E-15 8.68083051610035E-15
9.59808982482296E-05 2.46388992421419E-05 3.2763276 -1.80716408353874E-08 -2.4953695855352E-09 0.1640164 3.32811071851654E-16 8.45720830320273E-15
9.59874195926025E-05 2.46544492093273E-05 3.4393439 6.52134437292773E-09 1.55499671853754E-08 0.1630163 2.84329411896567E-16 1.1357827466484E-14
9.59753207869974E-05 2.44897063016823E-05 3.6033603 -1.20988056050919E-08 -1.64742907644907E-07 0.1640164 2.72866067163682E-14 3.87413251741553E-15
9.60012241400416E-05 2.4627295262578E-05 3.7673767 2.59033530441855E-08 1.37588960895687E-07 0.1640164 1.96017058592867E-14 6.26980386475195E-15
9.59800482056776E-05 2.45717728976968E-05 3.9313931 -2.11759343640523E-08 -5.55223648811989E-08 0.1640164 3.53115319819164E-15 8.2147699859635E-16
9.60268527364542E-05 2.46721543605841E-05 4.0944094 4.68045307766545E-08 1.00381462887302E-07 0.1630163 1.22671021926176E-14 1.62755067187147E-14
9.6002776128266E-05 2.45884501187648E-05 4.2584258 -2.40766081881816E-08 -8.37042418192944E-08 0.1640164 7.58608316039012E-15 1.65560443937181E-15
9.59578226733052E-05 2.45653166092174E-05 4.4224422 -4.49534549607904E-08 -2.3133509547435E-08 0.1640164 2.55597237689308E-15 1.78191625235968E-15
9.5973545751634E-05 2.46868300653595E-05 4.5864586 1.57230783287474E-08 1.21513456142065E-07 0.1640164 1.50127352157214E-14 1.97261085218509E-14
9.59496081458172E-05 2.45204536009025E-05 4.750475 -2.39376058167409E-08 -1.66376464457024E-07 0.1640164 2.82541368974569E-14 2.96586084061847E-15
9.59682024169184E-05 2.45673413897281E-05 4.9134913 1.85942711011791E-08 4.68877888256429E-08 0.1630163 2.54421165874223E-15 1.1612589864409E-15
9.59814492031872E-05 2.46530440737052E-05 5.0775077 1.3246786268823E-08 8.57026839770825E-08 0.1640164 7.52042738732755E-15 1.12046745827808E-14
9.60341851527207E-05 2.46397579394512E-05 5.2415241 5.27359495333997E-08 -1.32861342540274E-08 0.1640164 2.95760173660532E-15 9.79727835790503E-15
9.59806043921667E-05 2.46363323531252E-05 5.4055405 -5.35807605539702E-08 -3.42558632595669E-09 0.1640164 2.88263254321847E-15 8.00768341608793E-15
9.60005437451765E-05 2.46799445730723E-05 5.5695569 1.99393530097751E-08 4.36122199471427E-08 0.1640164 2.29960352716638E-15 1.73582017897394E-14
9.60044137189141E-05 2.46109599443144E-05 5.7325732 3.86997373767883E-09 -6.8984628757967E-08 0.163016300000001 4.77385570160485E-15 3.99517586382943E-15
9.60381558641975E-05 2.47439043209877E-05 5.8965896 3.37421452833979E-08 1.32944376673283E-07 0.1640164 1.88127396573737E-14 4.00180520862004E-14
9.59778421964547E-05 2.47208116753299E-05 6.060606 -6.03136677427898E-08 -2.30926456577834E-08 0.1640164 4.17100880006358E-15 3.01204270477967E-14
9.6006520119225E-05 2.47705476900149E-05 6.2246224 2.86779227702993E-08 4.97360146850347E-08 0.1640164 3.29609441116925E-15 4.95143583065379E-14
9.5952388039955E-05 2.46737613283059E-05 6.3886388 -5.41320792700333E-08 -9.67863617090252E-08 0.1640164 1.22978818189674E-14 1.76912036834329E-14
9.5986299394289E-05 2.47483415056245E-05 6.5516551 3.39113543339948E-08 7.45801773185803E-08 0.1630163 6.71218280163664E-15 4.01360940917454E-14
9.60672337219446E-05 2.47314814814815E-05 6.7156715 8.09343276556405E-08 -1.68600241429786E-08 0.1640164 6.83462580717239E-15 3.85832354785363E-14
9.59816147651963E-05 2.47046604432409E-05 6.8796879 -8.56189567483199E-08 -2.68210382405485E-08 0.1640164 8.04997384697163E-15 2.46813301728191E-14
9.60055626311058E-05 2.47306525322146E-05 7.0437043 2.3947865909463E-08 2.59920889736307E-08 0.1640164 1.24908897083075E-15 3.33510314847002E-14
9.59630914388789E-05 2.47619675315665E-05 7.2077207 -4.24711922269267E-08 3.13149993519701E-08 0.1640164 2.78443135359045E-15 4.6783515499073E-14
9.59680114897506E-05 2.46671889280585E-05 7.370737 4.92005087176039E-09 -9.47786035080398E-08 0.163016300000001 9.00719058351492E-15 1.49524417105104E-14
9.59875966386555E-05 2.47193949579832E-05 7.5347534 1.9585148904838E-08 5.22060299247009E-08 0.1640164 3.10904761812344E-15 2.93659360414255E-14
9.596233783426E-05 2.46414316918189E-05 7.6987698 -2.52588043954631E-08 -7.79632661642893E-08 0.1640164 6.71627807049208E-15 9.84394181946845E-15
9.59748979864874E-05 2.45973978192521E-05 7.8627862 1.25601522273939E-08 -4.40338725667822E-08 0.1640164 2.09673935720292E-15 2.87855974667429E-15
9.59523102648103E-05 2.47473211848212E-05 8.0268026 -2.25877216771266E-08 1.49923365569062E-07 0.1640164 2.29872207141181E-14 4.15731094265074E-14
9.59575609922311E-05 2.47339000954068E-05 8.1898189 5.25072742088639E-09 -1.34210894143436E-08 0.163016299999999 2.07695779516254E-16 3.59741432679721E-14
9.59791863250345E-05 2.47472054874065E-05 8.3538353 2.16253328033247E-08 1.33053919997046E-08 0.164016400000001 6.44688475120354E-16 3.9877576479826E-14
9.59787398803238E-05 2.47582717353045E-05 8.5178517 -4.46444710647143E-10 1.10662478979222E-08 0.1640164 1.22661155417933E-16 4.4418840662363E-14
9.59637219186399E-05 2.46936686230857E-05 8.6818681 -1.50179616838813E-08 -6.46031122187232E-08 0.1640164 4.39910128148346E-15 2.22143700401502E-14
9.59991477668012E-05 2.47631139557534E-05 8.8448844 3.54258481612248E-08 6.94453326676978E-08 0.163016300000001 6.07764494726938E-15 4.6170387420615E-14
9.59998252969951E-05 2.47482180293501E-05 9.0089008 6.77530193939901E-10 -1.48959264033373E-08 0.1640164 2.2234767057734E-16 3.99954574679437E-14
9.59558045112782E-05 2.46544962406015E-05 9.1729172 -4.40207857169099E-08 -9.37217887486028E-08 0.1640164 1.07216032613718E-14 1.29373875619849E-14
9.6016193017888E-05 2.47365298615118E-05 9.3369336 6.03885066098542E-08 8.20336209103267E-08 0.164016400000001 1.03762866902276E-14 3.58366206826315E-14
9.59915524685564E-05 2.47212471059383E-05 9.50095 -2.46405493316502E-08 -1.52827555735264E-08 0.1640164 8.40719289285638E-16 2.99490291754653E-14
9.59998965231788E-05 2.4784578504415E-05 9.6639663 8.34405462239829E-09 6.33313984767092E-08 0.163016300000001 4.08048928055729E-15 5.58593040538197E-14
9.59917747831697E-05 2.47918787183714E-05 9.8279827 -8.12174000914467E-09 7.30021395643021E-09 0.1640164 1.192557845858E-16 5.93727139897036E-14
9.59818502776445E-05 2.47370432576952E-05 9.9919991 -9.9245055251771E-09 -5.48354606762338E-08 0.1640164 3.10542355749405E-15 3.58525462175463E-14
9.60158510638298E-05 2.47952304964539E-05 10.1560155 3.40007861853024E-08 5.81872387586912E-08 0.1640164 4.54180821557959E-15 6.13723308736524E-14
9.60441226402282E-05 2.48110484856716E-05 10.3200319 2.82715763983816E-08 1.58179892177017E-08 0.164016400000001 1.04949081494086E-15 7.13328707037142E-14
9.60098093587522E-05 2.47347660311958E-05 10.4830482 -3.43132814760025E-08 -7.62824544757628E-08 0.163016299999999 6.9964141464982E-15 3.49640692452793E-14
9.60336350293542E-05 2.4801649426894E-05 10.6470646 2.38256706020366E-08 6.68833956982056E-08 0.164016400000001 5.04105119975949E-15 6.55909834144692E-14
9.60143835154458E-05 2.46918588965331E-05 10.811081 -1.92515139083582E-08 -1.09790530360929E-07 0.1640164 1.24245813446977E-14 2.09433257733942E-14
9.5972653711166E-05 2.46991908228259E-05 10.9750974 -4.17298042798535E-08 7.33192629282797E-09 0.1640164 1.79513370839834E-15 2.33462375047972E-14
9.60180808448653E-05 2.46725236707939E-05 11.1391138 4.54271336992633E-08 -2.66671520320614E-08 0.1640164 2.77476147363182E-15 1.59104621493026E-14
9.60195978074231E-05 2.46741183463215E-05 11.3021301 1.5169625578153E-09 1.59467552760617E-09 0.163016300000001 4.84416544015957E-18 1.63773041543898E-14
9.59673348761571E-05 2.46719883662747E-05 11.4661465 -5.22629312659433E-08 -2.12998004678155E-09 0.1640164 2.7359507995084E-15 1.61559999186142E-14
9.59965266068659E-05 2.47669622985095E-05 11.6301629 2.91917307087317E-08 9.49739322347689E-08 0.164016400000001 9.87220494590559E-15 4.78315250803327E-14
9.59925958188153E-05 2.47867528812651E-05 11.7941793 -3.93078805052482E-09 1.97905827556006E-08 0.1640164 4.07118260504426E-16 5.68944906381184E-14
9.59684563969985E-05 2.47027555331358E-05 11.9581957 -2.41394218167841E-08 -8.39973481293192E-08 0.1640164 7.63826617840668E-15 2.46522612584063E-14
74
9.76732548863183E-05 5.80293179098524E-06 0 0 0 0 0 0
9.77643988645728E-05 5.78122424686384E-06 0.1630163 9.11439782545358E-08 -2.17075441214005E-08 0.1630163 8.77844224384584E-15 8.77844224384584E-15
9.76657251602564E-05 5.82157451923077E-06 0.3270327 -9.86737043164254E-08 4.03502723669291E-08 0.1640164 1.13646444036107E-14 4.04248091003729E-16
9.76767593465284E-05 5.8039192585611E-06 0.4910491 1.10341862720134E-08 -1.76552606696641E-08 0.1640164 4.33461495999274E-16 1.32563335777243E-17
9.77606080781181E-05 5.79323124722592E-06 0.6550655 8.38487315896401E-08 -1.06880113351844E-08 0.1640164 7.14484337549254E-15 7.72468066683281E-15
9.7668956480305E-05 5.82236737611182E-06 0.8190819 -9.16515978131116E-08 2.9136128885896E-08 0.1640164 9.24892938815191E-15 3.96218263467973E-16
9.76762644364795E-05 5.82090800477897E-06 0.9830983 7.30795617452884E-09 -1.45937133284502E-09 0.1640164 5.5535988135964E-17 3.32201654530595E-16
9.7763279705195E-05 5.75831385942837E-06 1.1461146 8.70152687155468E-08 -6.2594145350606E-08 0.1630163 1.14896840218116E-14 1.00952278302016E-14
9.76864705882353E-05 5.81612576064909E-06 1.310131 -7.68091169597369E-08 5.78119012207212E-08 0.1640164 9.24185637088897E-15 3.48735612649256E-16
9.76585617505061E-05 5.80172480921975E-06 1.4741474 -2.7908837729143E-08 -1.44009514293399E-08 0.1640164 9.86290625461844E-16 2.17345044976579E-16
9.7674939608821E-05 5.82735915218577E-06 1.6381638 1.63778583148542E-08 2.56343429660237E-08 0.1640164 9.25353782281168E-16 5.99534265132276E-16
9.76726270984167E-05 5.78866656058557E-06 1.8011801 -2.31251040426628E-09 -3.86925916002037E-08 0.1630163 1.50246434910999E-15 2.0389091600512E-16
9.77463235294118E-05 5.76704936360509E-06 1.9651965 7.36964309950281E-08 -2.16171969804764E-08 0.1640164 5.89846714669765E-15 6.62657519821175E-15
9.77729482105988E-05 5.7524518238128E-06 2.1292129 2.66246811869877E-08 -1.45975397922902E-08 0.1640164 9.21961816296231E-16 1.24869859918179E-14
9.76828351943582E-05 5.78960624632692E-06 2.2932293 -9.01130162405934E-08 3.71544225141243E-08 0.1640164 9.50080680833552E-15 2.69352442579341E-16
9.76672597864769E-05 5.79465344856804E-06 2.4572457 -1.55754078813004E-08 5.04720224111388E-09 0.1640164 2.6806758113158E-16 1.04472175285305E-16
9.77538225578103E-05 5.77029259084474E-06 2.620262 8.65627713334192E-08 -2.4360857723301E-08 0.1630163 8.08656476993673E-15 7.55646707545092E-15
9.77484414848399E-05 5.76978841976008E-06 2.7842784 -5.38107297037982E-09 -5.04171084655169E-10 0.1640164 2.92101347951547E-17 6.75150765341647E-15
9.76834750399865E-05 5.82591127199259E-06 2.9482948 -6.49664448533684E-08 5.61228522325088E-08 0.1640164 7.37041349959778E-15 6.325080883694E-16
9.77519393994707E-05 5.79992242402117E-06 3.1123112 6.84643594841248E-08 -2.59888479714183E-08 0.1640164 5.36278873845296E-15 6.20030889954731E-15
9.7769759606629E-05 5.79220542706247E-06 3.2763276 1.78202071583655E-08 -7.71699695870787E-09 0.1640164 3.77111825227768E-16 9.42821592525392E-15
9.76517234042553E-05 5.77512765957447E-06 3.4393439 -1.18036202373702E-07 -1.70777674879972E-08 0.1630163 1.42241952131796E-14 1.23667444333607E-15
9.76805871365925E-05 5.77572275458827E-06 3.6033603 2.88637323371717E-08 5.95095013805391E-10 0.1640164 8.33469182507345E-16 7.94093555734831E-16
9.7747091974752E-05 5.77545085662759E-06 3.7673767 6.65048381595312E-08 -2.718979606815E-10 0.1640164 4.42296742712646E-15 6.2071173815384E-15
9.77312905519509E-05 5.74973335703493E-06 3.9313931 -1.58014228010899E-08 -2.57174995926617E-08 0.1640164 9.11074747837356E-16 6.19821186018799E-15
9.76572451246606E-05 5.81002633094709E-06 4.0944094 -7.40454272903577E-08 6.02929739121612E-08 0.1630163 9.11796800578419E-15 3.06644965607538E-16
9.76542996665079E-05 5.78777592504367E-06 4.2584258 -2.94545815270908E-09 -2.22504059034199E-08 0.1640164 5.03756286596302E-16 5.89000630500783E-16
9.77616413400871E-05 5.72416244557007E-06 4.4224422 1.07341673579214E-07 -6.36134794736014E-08 0.1640164 1.55689096575248E-14 1.40167749869546E-14
9.76647557328016E-05 5.82868062479229E-06 4.5864586 -9.68856072854862E-08 1.0451817922222E-07 0.1640164 2.03108706870055E-14 7.35238052923634E-16
9.76480499282182E-05 5.81346706013718E-06 4.750475 -1.67058045833812E-08 -1.52135646551068E-08 0.1640164 5.10536456293236E-16 7.46281808931182E-16
9.7742122117848E-05 5.78257899231426E-06 4.9134913 9.40721896297845E-08 -3.08880678229224E-08 0.1630163 9.80364959557558E-15 5.15693199230594E-15
9.76702109633144E-05 5.81941031941032E-06 5.0775077 -7.19111545335807E-08 3.68313270960581E-08 0.1640164 6.52776080200934E-15 2.80807366309698E-16
9.76490467228541E-05 5.83534489812618E-06 5.2415241 -2.11642404603083E-08 1.59345787158571E-08 0.1640164 7.01835873113598E-16 1.63664469283893E-15
9.7651287378799E-05 5.83530921535077E-06 5.4055405 2.24065594487399E-09 -3.56827754064426E-11 0.1640164 5.02181232375987E-18 1.53086899515696E-15
9.77590006495314E-05 5.80583650366521E-06 5.5695569 1.07713270732432E-07 -2.94727116855569E-08 0.1640164 1.24707894259782E-14 7.36077326475219E-15
9.76341828444368E-05 5.82876507312067E-06 5.7325732 -1.2481780509458E-07 2.29285694554573E-08 0.163016300000001 1.61052037659022E-14 2.19398292267588E-15
9.76429108437998E-05 5.8273925349372E-06 5.8965896 8.72799936291813E-09 -1.37253818346839E-09 0.1640164 7.80618339441779E-17 1.51908891105096E-15
9.76461918016194E-05 5.80573127530364E-06 6.060606 3.28095781968329E-09 -2.16612596335581E-08 0.1640164 4.79974853126956E-16 7.40247665867013E-16
9.77250939396859E-05 5.76755949513441E-06 6.2246224 7.89021380664678E-08 -3.81717801692378E-08 0.1640164 7.68263219274857E-15 3.93848676780801E-15
9.763158691702E-05 5.77751579129532E-06 6.3886388 -9.35070226659178E-08 9.95629616091342E-09 0.1640164 8.84269112108829E-15 2.38219270568356E-15
9.76499868201388E-05 5.78123627097795E-06 6.5516551 1.83999031188335E-08 3.72047968262645E-09 0.1630163 3.52398403851297E-16 1.01209849211975E-15
9.76379841751771E-05 5.78399576777992E-06 6.7156715 -1.20026449617114E-08 2.75949680197929E-09 0.1640164 1.51678308677031E-16 1.60259603923785E-15
9.77173549954449E-05 5.76498127340824E-06 6.8796879 7.93708202677692E-08 -1.90144943716852E-08 0.1640164 6.66127810618937E-15 3.38506140933807E-15
9.77382461958642E-05 5.78277409285993E-06 7.0437043 2.08912004193422E-08 1.77928194516896E-08 0.1640164 7.5302667900155E-16 4.63020311020438E-15
9.76404859967051E-05 5.82510296540362E-06 7.2077207 -9.77601991591115E-08 4.23288725436954E-08 0.1640164 1.13487899904496E-14 1.56536110157213E-15
9.7644765517798E-05 5.80046815723626E-06 7.370737 4.27952109293983E-09 -2.46348081673666E-08 0.163016300000001 6.2518807422787E-16 8.17713609932009E-16
9.76224349902706E-05 5.85021227666726E-06 7.5347534 -2.23305275274015E-08 4.9744119430998E-08 0.1640164 2.97312987761743E-15 4.81810616062184E-15
9.765308586396E-05 5.8335516084145E-06 7.6987698 3.06508736894102E-08 -1.66606682527517E-08 0.1640164 1.21705392455243E-15 1.34436268228886E-15
9.76330944458664E-05 5.84583226687143E-06 7.8627862 -1.99914180936673E-08 1.22806584569233E-08 0.1640164 5.50471369531411E-16 3.45331180855298E-15
9.76553934179012E-05 5.82054466424199E-06 8.0268026 2.22989720347897E-08 -2.5287602629434E-08 0.1640164 1.13670700055249E-15 6.29245358374347E-16
9.76406301687066E-05 5.81316159444261E-06 8.1898189 -1.47632491946013E-08 -7.38306979938752E-09 0.163016299999999 2.72463246444523E-16 1.16902107802112E-15
9.76251868770764E-05 5.82757475083056E-06 8.3538353 -1.5443291630163E-08 1.44131563879588E-08 0.164016400000001 4.46234333438021E-16 2.91780898241648E-15
9.76234584450402E-05 5.84722966934763E-06 8.5178517 -1.72843203620232E-09 1.96549185170669E-08 0.1640164 3.8930329921631E-16 4.44198759137149E-15
9.76428634673278E-05 5.79686116522047E-06 8.6818681 1.94050222875717E-08 -5.03685041271611E-08 0.1640164 2.913541097989E-15 9.60490845433142E-16
9.76637833853625E-05 5.79517863336802E-06 8.8448844 2.09199180346786E-08 -1.6825318524516E-09 0.163016300000001 4.40473884012186E-16 1.49820783393958E-16
9.76374281018899E-05 5.82555007760431E-06 9.0089008 -2.63552834725687E-08 3.03714442362901E-08 0.1640164 1.61702559191753E-15 1.79514537206199E-15
9.76227885837162E-05 5.87559867070668E-06 9.1729172 -1.46395181737375E-08 5.00485931023666E-08 0.1640164 2.71917716388545E-15 7.8273231067809E-15
9.77601704233095E-05 5.88496426608026E-06 9.3369336 1.3738183959336E-07 9.36559537358761E-09 0.164016400000001 1.89614842267574E-14 1.42836375406865E-14
9.76702638408304E-05 5.84442041522491E-06 9.50095 -8.99065824790739E-08 -4.05438508553502E-08 0.1640164 9.7269974152474E-15 1.7302522944112E-15
9.76597333558349E-05 5.81891823474812E-06 9.6639663 -1.0530484995499E-08 -2.55021804767912E-08 0.163016300000001 7.6125232331126E-16 4.38398170796185E-16
9.76669797145004E-05 5.85704148927289E-06 9.8279827 7.24635866542656E-09 3.81232545247716E-08 0.1640164 1.50589224946852E-15 2.96723723012542E-15
9.76744667503137E-05 5.83856127143455E-06 9.9919991 7.48703581329835E-09 -1.84802178383476E-08 0.1640164 3.97574156622394E-16 1.2709284914307E-15
9.77180694394859E-05 5.84224384148518E-06 10.1560155 4.36026891722321E-08 3.68257005063732E-09 0.1640164 1.91475582522814E-15 3.55378149012148E-15
9.76822495606327E-05 5.85916080843585E-06 10.3200319 -3.58198788532178E-08 1.6916966950669E-08 0.164016400000001 1.56924749186923E-15 3.24260656948296E-15
9.76930515759312E-05 5.82964720630372E-06 10.4830482 1.08020152985517E-08 -2.95136021321278E-08 0.163016299999999 9.87736245323687E-16 1.10562233526984E-15
9.77261214525481E-05 5.87440240056963E-06 10.6470646 3.30698766168211E-08 4.47551942659015E-08 0.164016400000001 3.09664415323035E-15 7.90292185928846E-15
9.76765018389865E-05 5.84188802615447E-06 10.811081 -4.96196135615463E-08 -3.25143744151513E-08 0.1640164 3.51929059360583E-15 1.52813096019024E-15
9.76908222222222E-05 5.84684444444444E-06 10.9750974 1.43203832357131E-08 4.95641828996973E-09 0.1640164 2.29639458282838E-16 2.23693242458926E-15
9.76779394592652E-05 5.82590047606216E-06 11.1391138 -1.2882762956977E-08 -2.09439683822872E-08 0.1640164 6.04615393003904E-16 5.49505717857798E-16
9.76711380354825E-05 5.8070964950238E-06 11.3021301 -6.80142378277537E-09 -1.88039810383582E-08 0.163016300000001 3.99849068363838E-16 2.18258171899511E-17
9.76364265927978E-05 5.84129053283363E-06 11.4661465 -3.47114426846815E-08 3.41940378098329E-08 0.1640164 2.37411647499221E-15 2.82771627982469E-15
9.76489705530285E-05 5.85446093687655E-06 11.6301629 1.25439602307011E-08 1.31704040429144E-08 0.164016400000001 3.30810480923027E-16 3.24498171961819E-15
9.76395498258995E-05 5.80807494611176E-06 11.7941793 -9.42072712896902E-09 -4.6385990764791E-08 0.1640164 2.24041023886977E-15 1.16248314248916E-15
9.76362044817927E-05 5.94139530812325E-06 11.9581957 -3.34534410680476E-09 1.33320362011494E-07 0.1640164 1.77855102540687E-14 2.05448780537373E-14
