x y time dx dy dt dr^2 TotalDisplacementSquared
12
8.59378531073446E-05 4.56593220338983E-05 0 0 0 0 0 0
8.59157720891825E-05 4.56189099917424E-05 0.1630163 -2.20810181621403E-08 -4.04120421559426E-08 0.1630163 2.12070451429045E-15 2.12070451429045E-15
8.59913112164297E-05 4.56070300157978E-05 0.3270327 7.55391272471968E-08 -1.18799759445736E-08 0.1640164 5.84729357371184E-15 5.59222458397452E-15
8.58692269076305E-05 4.56342871485944E-05 0.4910491 -1.22084308799174E-07 2.72571327965849E-08 0.1640164 1.56475297432627E-14 5.33630076938291E-15
8.5926517571885E-05 4.53792788680968E-05 0.6550655 5.72906642544666E-08 -2.55008280497613E-07 0.1640164 6.83114433330672E-14 7.85526690763081E-14
8.6058308678501E-05 4.54012573964497E-05 0.8190819 1.31791106616006E-07 2.1978528352939E-08 0.1640164 1.78519514916325E-14 8.11069017240839E-14
8.59003486345148E-05 4.5360400929692E-05 0.9820982 -1.57960043986179E-07 -4.08564667576599E-08 0.1630163 2.66206263720354E-14 9.07604120221357E-14
8.59813153961136E-05 4.53678375685102E-05 1.1461146 8.09667615987877E-08 7.43663881817014E-09 0.1640164 6.61092008070684E-15 8.68521641076203E-14
8.57997685185185E-05 4.53520171957672E-05 1.310131 -1.81546877595082E-07 -1.58203727430148E-08 0.1640164 3.32095529582516E-14 1.13503617210066E-13
8.57695599022005E-05 4.53533007334963E-05 1.4741474 -3.02086163180348E-08 1.2835377291367E-09 0.1640164 9.14207968952358E-16 1.21971639197406E-13
8.57812230835487E-05 4.53475452196382E-05 1.6381638 1.16631813481831E-08 -5.75551385809092E-09 0.1640164 1.69155738931283E-16 1.2173774626448E-13
8.57502551020408E-05 4.53974489795918E-05 1.8011801 -3.09679815078567E-08 4.99037599535939E-08 0.1630163 3.44940113617688E-15 1.03770508165774E-13
13
5.54466277890467E-05 1.48376014198783E-05 0 0 0 0 0 0
5.54236814064997E-05 1.48653436334576E-05 0.1630163 -2.29463825469196E-08 2.77422135793479E-08 0.1630163 1.29616688627173E-15 1.29616688627173E-15
5.53831422615946E-05 1.48992965085982E-05 0.3270327 -4.05391449051535E-08 3.39528751405833E-08 0.1640164 2.79621999995308E-15 7.83669616802812E-15
5.53847646145887E-05 1.48989912053802E-05 0.4910491 1.62235299414704E-09 -3.05303217990271E-10 0.1640164 2.72523929253307E-18 7.59575811798612E-15
5.53429250263992E-05 1.48614044350581E-05 0.6550655 -4.18395881895677E-08 -3.75867703221591E-08 0.1640164 3.16331644312335E-15 1.13208465123714E-14
5.53343100692595E-05 1.48628129994672E-05 0.8190819 -8.61495713969873E-09 1.40856440915549E-09 0.1640164 7.62015402135857E-17 1.32508939235636E-14
5.5347412109375E-05 1.487744140625E-05 0.9820982 1.31020401155411E-08 1.46284067827658E-08 0.1630163 3.85653740191315E-16 1.14309756068052E-14
5.5288662969809E-05 1.4869685767098E-05 1.1461146 -5.87491395660038E-08 -7.75563915203392E-09 0.1640164 3.51161133840236E-15 2.59822894532974E-14
5.52470544918999E-05 1.48854933726068E-05 1.310131 -4.16084779091435E-08 1.58076055088081E-08 0.1640164 1.98114582583778E-15 4.21231400701911E-14
5.51993268511593E-05 1.48593866866118E-05 1.4741474 -4.77276407405398E-08 -2.61066859949572E-08 0.1640164 2.95948674429733E-15 6.16323517266079E-14
5.51570702794242E-05 1.49085520745131E-05 1.6381638 -4.22565717350949E-08 4.91653879013079E-08 0.1640164 4.20285322228929E-15 8.88775467718563E-14
5.51553375912409E-05 1.49060218978102E-05 1.8011801 -1.73268818334549E-09 -2.53017670290667E-09 0.1630163 9.40400248863677E-18 8.95313411381623E-14
5.51365079365079E-05 1.51269841269841E-05 1.9651965 -1.8829654732933E-08 2.20962229173908E-07 0.1640164 4.91788626188643E-14 1.79916674110531E-13
13
1.6062806372549E-05 2.40958946078431E-05 0 0 0 0 0 0
1.60558712121212E-05 2.40896464646465E-05 0.1630163 -6.93516042780828E-09 -6.24814319667522E-09 0.1630163 8.71357435655968E-17 8.71357435655968E-17
1.60710227272727E-05 2.41051136363636E-05 0.4910491 1.51515151515156E-08 1.5467171717173E-08 0.3280328 4.68801812315124E-16 1.5249897180754E-16
1.61454475308642E-05 2.40966435185185E-05 0.6550655 7.44248035914694E-08 -8.47011784511764E-09 0.1640164 5.61079428593898E-15 6.8301219148738E-15
1.62068661971831E-05 2.40717429577465E-05 0.8190819 6.14186663189038E-08 -2.49005607720392E-08 0.1640164 4.39229049915486E-15 2.13365352759935E-14
1.61377627627628E-05 2.40968468468468E-05 0.9820982 -6.91034344203381E-08 2.51038891003681E-08 0.1630163 5.40548989664954E-15 5.61936719299501E-15
1.61338697878566E-05 2.40905267008047E-05 1.1461146 -3.89297490614027E-09 -6.32014604216735E-09 0.1640164 5.50994996141615E-17 5.07882342115428E-15
1.62036544850498E-05 2.4109634551495E-05 1.310131 6.97846971932137E-08 1.91078506903359E-08 0.1640164 5.2350139203527E-15 2.00269768465993E-14
1.64920138888889E-05 2.42711805555556E-05 1.4741474 2.88359403839053E-07 1.6154600406054E-07 0.1640164 1.09248257210342E-13 2.14944255548079E-13
1.63282029950083E-05 2.42419578480311E-05 1.6381638 -1.63810893880569E-07 -2.92227075244966E-08 0.1640164 2.76879755890134E-14 9.17698373469981E-14
1.62962612399432E-05 2.42251538097492E-05 1.8011801 -3.19417550651089E-08 -1.68040382818866E-08 0.1630163 1.30265141921852E-15 7.12091163874239E-14
1.62868617326449E-05 2.42555938037866E-05 1.9651965 -9.39950729834393E-09 3.04399940374012E-08 0.1640164 1.01494397444864E-15 7.57046375726592E-14
1.64708818635607E-05 2.43024126455907E-05 2.1292129 1.84020130915865E-07 4.68188418041073E-08 0.1640164 3.60554125301702E-14 2.09175306279545E-13
17
4.73692560175055E-05 4.52846462436178E-05 0 0 0 0 0 0
4.72129973474801E-05 4.5324801061008E-05 0.1630163 -1.56258670025366E-07 4.01548173901602E-08 0.1630163 2.60291813177334E-14 2.60291813177334E-14
4.70926706827309E-05 4.5539156626506E-05 0.3270327 -1.20326664749179E-07 2.1435556549806E-07 0.1640164 6.04268147096544E-14 1.41274982410256E-13
4.71121711745091E-05 4.51855316783994E-05 0.4910491 1.95004917781532E-08 -3.53624948106614E-07 0.1640164 1.25430873102995E-13 7.59163135369105E-14
4.70243170529801E-05 4.5358857615894E-05 0.6550655 -8.78541215289488E-08 1.73325937494631E-07 0.1640164 3.77602272780162E-14 1.24490217022937E-13
4.70446182152714E-05 4.53484360625575E-05 0.8190819 2.03011622912612E-08 -1.04215533365419E-08 0.1640164 5.20745964322515E-16 1.09458843639732E-13
4.7192750929368E-05 4.51652416356877E-05 0.9820982 1.4813271409664E-07 -1.83194426869761E-07 0.1630163 5.55034990217772E-14 4.54115065333377E-14
4.71361529548088E-05 4.51349942062572E-05 1.1461146 -5.65979745592244E-08 -3.02474294304957E-08 0.1640164 4.11823771135944E-15 7.67327701247313E-14
4.7133502170767E-05 4.51157742402315E-05 1.4741474 -2.65078404180485E-09 -1.92199660256875E-08 0.3280328 3.76433750064871E-16 8.40976297796703E-14
4.69554289544236E-05 4.52992627345844E-05 1.6381638 -1.78073216343407E-07 1.834884943529E-07 0.1640164 6.53780979387801E-14 1.71466479947149E-13
4.69429948950652E-05 4.5273823028928E-05 1.8011801 -1.24340593583625E-08 -2.54397056564883E-08 0.1630163 8.01784456016047E-16 1.81815686480234E-13
4.6949721448468E-05 4.52940111420613E-05 1.9651965 6.72655340273565E-09 2.01881131333153E-08 0.1640164 4.5280643256339E-16 1.76096955940339E-13
4.69494511331445E-05 4.5476097733711E-05 2.1292129 -2.70315323490422E-10 1.82086591649771E-07 0.1640164 3.31555999290045E-14 2.12889813992272E-13
4.69759615384615E-05 4.54889525368249E-05 2.2932293 2.65104053170617E-08 1.28548031138251E-08 0.1640164 8.68047553170103E-16 1.96421608690452E-13
4.70475683890577E-05 4.53150455927052E-05 2.4572457 7.16068505962113E-08 -1.73906944119707E-07 0.1640164 3.53711662653632E-14 1.04407050721254E-13
4.71058248914616E-05 4.53447901591896E-05 2.620262 5.82565024038999E-08 2.97445664844105E-08 0.1630163 4.27855930768111E-15 7.301324874902E-14
4.70766594516595E-05 4.52927489177489E-05 2.7842784 -2.9165439802199E-08 -5.20412414406621E-08 0.1640164 3.55891368954098E-15 8.56784036729585E-14
13
6.73086714399364E-05 4.2843476531424E-05 0 0 0 0 0 0
6.71718573046433E-05 4.285362400906E-05 0.1640164 -1.36814135293093E-07 1.01474776359964E-08 0.1640164 1.88210789183699E-14 1.88210789183699E-14
6.64254231311707E-05 4.23600141043724E-05 0.6550655 -7.46434173472608E-07 -4.93609904687666E-07 0.4910491 8.00814713333502E-13 1.01386349330816E-12
6.64150758001123E-05 4.23700168444694E-05 0.8190819 -1.03473310583695E-08 1.00027400970433E-08 0.1640164 2.07122069480495E-16 1.02267724268376E-12
6.63747311827957E-05 4.21247311827957E-05 0.9830983 -4.03446173165918E-08 -2.45285661673698E-07 0.1640164 6.17927439691261E-14 1.38883928008282E-12
6.63759521218716E-05 4.21180631120783E-05 1.1471147 1.22093907590681E-09 -6.6680707173532E-09 0.1640164 4.59538593186994E-17 1.39618995525797E-12
6.63254826254826E-05 4.22888030888031E-05 1.310131 -5.04694963889847E-08 1.70739976724739E-07 0.1630163 3.16993097177223E-14 1.27432287281591E-12
6.6294741697417E-05 4.233786900369E-05 1.4741474 -3.07409280656401E-08 4.90659148869526E-08 0.1640164 3.35246866203053E-15 1.28369249486669E-12
6.69487776484284E-05 4.26379511059371E-05 1.6381638 6.54035951011423E-07 3.00082102247096E-07 0.1640164 5.17812293304453E-13 1.7176424168754E-13
6.7E-05 4.25862299465241E-05 1.8021802 5.12223515715959E-08 -5.172115941307E-08 0.1640164 5.29880763155637E-15 1.61453863275079E-13
6.688375E-05 4.26115625E-05 1.9661966 -1.16249999999994E-07 2.53325534759341E-08 0.1640164 1.41558007656096E-14 2.3434234808893E-13
6.69503367003367E-05 4.25572390572391E-05 2.2932293 6.65867003366998E-08 -5.43234427609391E-08 0.3270327 7.38482509513049E-15 2.10335677231741E-13
6.66026282853567E-05 4.25998122653317E-05 2.4572457 -3.47708414980005E-07 4.25732080926053E-08 0.1640164 1.22713619895204E-13 5.57869210699126E-13
18
8.52106598984772E-05 4.98E-05 0 0 0 0 0 0
8.51469957081545E-05 4.98499642346209E-05 0.1630163 -6.36641903226547E-08 4.99642346208873E-08 0.1630163 6.54955387069027E-15 6.54955387069027E-15
8.51381805651275E-05 4.98504479669194E-05 0.3270327 -8.81514302700737E-09 4.83732298484085E-10 0.1640164 7.79407435231933E-17 7.79825112910942E-15
8.51629364368845E-05 4.98690689346464E-05 0.4910491 2.47558717570087E-08 1.86209677270028E-08 0.1640164 9.5959362553954E-16 7.04804651957057E-15
8.51599340478153E-05 4.98619126133553E-05 0.6550655 -3.00238906916661E-09 -7.15632129105614E-09 0.1640164 6.02272745434746E-17 6.40628361785037E-15
8.51655490360436E-05 4.98551969823973E-05 0.8190819 5.61498822824547E-09 -6.71563095799854E-09 0.1640164 7.66277919673636E-17 5.08169677527089E-15
8.51672185430464E-05 4.9857201986755E-05 0.9820982 1.66950700277368E-09 2.00500435764894E-09 0.1630163 6.80729610650162E-18 5.15921865038076E-15
8.52014851485148E-05 4.97878712871287E-05 1.1461146 3.42666054684884E-08 -6.93306996262493E-08 0.1640164 5.98094616099824E-15 2.31281712784926E-16
8.525E-05 4.98633419689119E-05 1.310131 4.85148514851517E-08 7.54706817832016E-08 0.1640164 8.0495146234476E-15 5.55984861346603E-15
8.525E-05 4.98663734776725E-05 1.4741474 0 3.03150876061409E-09 0.1640164 9.19004536567996E-18 5.95308212617378E-15
8.52064516129032E-05 4.97981182795699E-05 1.6381638 -4.35483870967772E-08 -6.82551981026407E-08 0.1640164 6.55523408676148E-15 2.12505392488927E-17
8.52084745762712E-05 4.98E-05 1.8011801 2.02296336796337E-09 1.88172043010582E-09 0.1630163 7.63325256519932E-18 4.775633143926E-18
8.52052429667519E-05 4.97797314578005E-05 1.9651965 -3.23160951926127E-09 -2.02685421994886E-08 0.1640164 4.2125710297743E-16 4.40156952208318E-16
8.525E-05 4.98415653495441E-05 2.4572457 4.47570332480751E-08 6.18338917435679E-08 0.4920492 5.82662219332458E-15 3.27532187054879E-15
8.525E-05 4.98496860282575E-05 2.620262 0 8.12067871338229E-09 0.1630163 6.59454227659802E-17 4.01634499182857E-15
8.525E-05 4.98494318181818E-05 2.7842784 0 -2.54210075638639E-10 0.1640164 6.46227625562025E-20 3.9911482365881E-15
8.525E-05 4.98573008849558E-05 2.9482948 0 7.86906677393517E-09 0.1640164 6.19222118926505E-17 4.83103500454032E-15
8.525E-05 4.98572961373391E-05 3.1123112 0 -4.74761669977397E-12 0.1640164 2.25398643279727E-23 4.83049094180353E-15
17
8.77898185483871E-05 9.92464717741935E-06 0 0 0 0 0 0
8.78165641476274E-05 9.86028119507908E-06 0.1630163 2.67455992403143E-08 -6.43659823402682E-08 0.1630163 4.85830676135122E-15 4.85830676135122E-15
8.78293889845095E-05 9.87263339070568E-06 0.3270327 1.28248368820465E-08 1.2352195626594E-08 0.1640164 3.17053177848747E-16 4.27125342320943E-15
8.78221629855293E-05 9.89889565879665E-06 0.4910491 -7.22599898014664E-09 2.6262268090969E-08 0.1640164 7.41921786543008E-16 1.70930332542218E-15
8.78374822190612E-05 9.91678520625889E-06 0.6550655 1.5319233531855E-08 1.78895474622411E-08 0.1640164 5.5471482440729E-16 2.33363609265409E-15
8.78169905771496E-05 9.9434628975265E-06 0.8190819 -2.04916419115904E-08 2.66776912676114E-08 0.1640164 1.13160659960284E-15 1.09235047021948E-15
8.78018590998043E-05 9.71819960861057E-06 0.9820982 -1.51314773452782E-08 -2.25263288915935E-07 0.1630163 5.09725109398745E-14 4.27655735454893E-14
8.7813622754491E-05 9.68001497005988E-06 1.1461146 1.17636546867175E-08 -3.81846385506872E-08 0.1640164 1.59645019283496E-15 6.04115571058068E-14
8.790629395218E-05 9.2668776371308E-06 1.4741474 9.26711976890004E-08 -4.13137332929077E-07 0.3280328 1.79270406740865E-13 4.46227287820136E-13
8.786875E-05 9.2646484375E-06 1.6381638 -3.7543952180016E-08 -2.22919963080237E-09 0.1640164 1.4145176762893E-15 4.41828510748855E-13
8.79106617647059E-05 9.26580882352941E-06 2.1292129 4.19117647058727E-08 1.1603860294116E-09 0.4910491 1.75794251649769E-15 4.48671059486675E-13
8.7785153328347E-05 9.95157068062827E-06 2.620262 -1.25508436358828E-07 6.85761857098861E-07 0.4910491 4.86021692248916E-13 7.46639303062736E-16
8.78278656126482E-05 9.89209486166008E-06 2.7842784 4.27122843011745E-08 -5.94758189681936E-08 0.1640164 5.3617122721617E-15 2.50723236018149E-15
8.78341463414634E-05 9.90467479674797E-06 2.9482948 6.28072881518449E-09 1.25799350878886E-08 0.1640164 1.97702321265379E-16 2.36384922869859E-15
8.77692307692308E-05 9.94744859101295E-06 3.1123112 -6.49155722326356E-08 4.27737942649795E-08 0.1640164 6.04362899411332E-15 9.43761112455866E-16
8.76701605709188E-05 9.90611061552186E-06 3.2763276 -9.90701983119493E-08 -4.1337975491091E-08 0.1640164 1.1523732411271E-14 1.46616356987789E-14
8.74450549450549E-05 9.55886970172685E-06 3.4393439 -2.25105625863876E-07 -3.47240913795011E-07 0.1630163 1.71248795008761E-13 2.52655103906555E-13
24
5.13649981391887E-05 5.30851321176033E-05 0 0 0 0 0 0
5.14147509578544E-05 5.33358876117497E-05 0.1630163 4.97528186657235E-08 2.50755494146411E-07 0.1630163 6.5353660809795E-14 6.5353660809795E-14
5.15012539184953E-05 5.32609717868339E-05 0.3270327 8.65029606408925E-08 -7.4915824915827E-08 0.1640164 1.30951430224586E-14 4.94852266695743E-14
5.15324074074074E-05 5.30211156278229E-05 0.4910491 3.11534889121035E-08 -2.39856159010913E-07 0.1640164 5.85015168868647E-14 3.21239740493221E-14
5.16413407821229E-05 5.29413407821229E-05 0.6550655 1.08933374715498E-07 -7.97748457000367E-08 0.1640164 1.82305061333718E-14 9.70412044630954E-14
5.16698513800425E-05 5.29704087048832E-05 0.8190819 2.85105979195634E-08 2.90679227603192E-08 0.1640164 1.6577983273309E-15 1.06096959885187E-13
5.15858963093146E-05 5.29461775043937E-05 0.9820982 -8.39550707278818E-08 -2.42312004895524E-08 0.1630163 7.63560497808852E-15 6.81043860971999E-14
5.15279181985294E-05 5.28635110294118E-05 1.1461146 -5.79781107851716E-08 -8.26664749819059E-08 0.1640164 1.01952074161517E-14 7.56588524667729E-14
5.15760654112983E-05 5.2906342913776E-05 1.310131 4.81472127689031E-08 4.28318843642472E-08 0.1640164 4.15272441560627E-15 7.65149727609855E-14
5.15416666666667E-05 5.29125224014337E-05 1.4741474 -3.43987446316518E-08 6.17948765767551E-09 0.1640164 1.22145969994496E-15 6.1005882717381E-14
5.15162026968247E-05 5.29212701174424E-05 1.6381638 -2.54639698419581E-08 8.74771600867774E-09 0.1640164 7.24936295480628E-16 4.97135733466369E-14
5.15202863961814E-05 5.29272076372315E-05 1.8011801 4.08369935667707E-09 5.93751978913559E-09 0.1630163 5.19307416821015E-17 4.90545842605233E-14
5.15127745405648E-05 5.29058718063649E-05 1.9651965 -7.51185561661316E-09 -2.13358308666471E-08 0.1640164 5.11645653575016E-16 5.39721239889594E-14
5.15065982404692E-05 5.28315615835777E-05 2.1292129 -6.1763000955608E-09 -7.43102227871475E-08 0.1640164 5.56015589354592E-15 8.43486044086639E-14
5.14070527264534E-05 5.30939612438035E-05 2.2932293 -9.95455140158512E-08 2.62399660225803E-07 0.1640164 7.8762891047297E-14 1.84654177946174E-15
5.13541845493562E-05 5.31419527896996E-05 2.4572457 -5.28681770971318E-08 4.79915458960605E-08 0.1640164 5.09823262706737E-15 3.34552250253996E-15
5.13787523452158E-05 5.35018761726079E-05 2.620262 2.45677958595323E-08 3.59923382908306E-07 0.1630163 1.30148418157555E-13 1.73864785565118E-13
5.14028732042473E-05 5.33208931917552E-05 2.7842784 2.41208590315836E-08 -1.80982980852725E-07 0.1640164 3.33366551987595E-14 5.70178046384463E-14
5.14833521444695E-05 5.31848194130925E-05 2.9482948 8.04789402221857E-08 -1.36073778662606E-07 0.1640164 2.4992933058806E-14 2.39452274479837E-14
5.14874810318665E-05 5.31968892261002E-05 3.1123112 4.12888739693784E-09 1.20698130076065E-08 0.1640164 1.62728097175178E-16 2.74917102983004E-14
5.14549180327869E-05 5.31478337236534E-05 3.2763276 -3.25629990795804E-08 -4.90555024467554E-08 0.1640164 3.46679122936038E-15 1.20170786659768E-14
5.15447680690399E-05 5.31623516720604E-05 3.4393439 8.98500362530257E-08 1.45179484070113E-08 0.1630163 8.28379984061867E-15 3.82800872692734E-14
5.14206948640483E-05 5.31399798590131E-05 3.6033603 -1.24073204991575E-07 -2.23718130473216E-08 0.1640164 1.58946582159057E-14 6.11039989784966E-15
5.14441244239631E-05 5.31411290322581E-05 3.7673767 2.34295599147956E-08 1.14917324497554E-09 0.1640164 5.50264876947963E-16 9.39662339306276E-15
14
6.19747324613555E-05 2.76649821640904E-05 0 0 0 0 0 0
6.18129545454545E-05 2.73475E-05 0.1640164 -1.61777915900984E-07 -3.17482164090368E-07 0.1640164 1.26967018588769E-13 1.26967018588769E-13
6.17841993637328E-05 2.73319194061506E-05 0.3280328 -2.87551817217775E-08 -1.55805938494176E-08 0.1640164 1.06961538055295E-15 1.47233662016181E-13
6.175E-05 2.73748395378691E-05 0.4920492 -3.41993637327675E-08 4.2920131718482E-08 0.1640164 3.01173418645798E-15 1.3468742273751E-13
6.17130129589633E-05 2.73334233261339E-05 0.6550655 -3.6987041036717E-08 -4.14162117351537E-08 0.1630163 3.08334379914288E-15 1.78428360959481E-13
6.17864203954214E-05 2.74047866805411E-05 0.8190819 7.34074364581545E-08 7.13633544071932E-08 0.1640164 1.04813800796047E-14 1.03163123835801E-13
6.17890547263682E-05 2.74072139303483E-05 0.9830983 2.63433094671939E-09 2.42724980715536E-09 0.1640164 1.28312411631792E-17 1.00920683596567E-13
6.175E-05 2.73876623376623E-05 1.3111311 -3.90547263681569E-08 -1.95515926859215E-08 0.3280328 1.90753642824779E-15 1.27410965316987E-13
6.17880493033226E-05 2.74145230439443E-05 1.4741474 3.80493033226159E-08 2.68607062819264E-08 0.1630163 2.16924702530035E-15 9.75803723575022E-14
6.17566254416961E-05 2.73694787985866E-05 1.6381638 -3.14238616265001E-08 -4.50442453576905E-08 0.1640164 3.01644311936525E-15 1.34892911048781E-13
6.17529411764706E-05 2.73608597285068E-05 1.8021802 -3.68426522553023E-09 -8.61907007978502E-09 0.1640164 8.78621792922966E-17 1.41681829876203E-13
6.168648905804E-05 2.73230256898192E-05 1.9661966 -6.64521184306253E-08 -3.78340386875706E-08 0.1640164 5.84729852733044E-15 2.00018489850897E-13
6.14729140722291E-05 2.70846824408468E-05 2.1292129 -2.13574985810823E-07 -2.38343248972395E-07 0.1630163 1.0242177889481E-13 5.88569464461942E-13
6.13607085346216E-05 2.71119162640902E-05 2.2932293 -1.12205537607558E-07 2.72338232433533E-08 0.1640164 1.33317637982513E-14 6.82907272344801E-13
24
1.93608774038462E-05 4.96280048076923E-05 0 0 0 0 0 0
1.94819051580699E-05 4.96229201331115E-05 0.1630163 1.21027754223729E-07 -5.08467458082862E-09 0.1630163 1.46735712080322E-14 1.46735712080322E-14
1.94359404990403E-05 4.96077255278311E-05 0.3270327 -4.59646590295755E-08 -1.51946052803851E-08 0.1640164 2.34362590933184E-15 6.04571745181592E-15
1.93626273653566E-05 4.98051310043668E-05 0.4910491 -7.33131336836834E-08 1.97405476535721E-07 0.1640164 4.43437377368167E-14 3.13767519136643E-14
1.94403353057199E-05 4.96442307692308E-05 0.6550655 7.77079403632968E-08 -1.60900235136047E-07 0.1640164 3.1927409662341E-14 6.57683999802868E-15
1.94929906542056E-05 4.96369158878505E-05 0.8190819 5.26553484856862E-08 -7.3148813802959E-09 0.1640164 2.82609321375686E-15 1.75333182701246E-14
1.94714673913043E-05 4.9635643115942E-05 0.9820982 -2.15232629012583E-08 -1.27277190843955E-09 0.1630163 4.64870794247594E-16 1.22884890789214E-14
1.92975694444444E-05 5.00652777777778E-05 1.310131 -1.73897946859903E-07 4.29634661835749E-07 0.3280328 2.14826438572808E-13 1.9521554809098E-13
1.925E-05 4.9915625E-05 1.4741474 -4.7569444444445E-08 -1.49652777777781E-07 0.1640164 2.46588059413592E-14 9.50191737067767E-14
1.91833013435701E-05 4.99131477927063E-05 1.6381638 -6.66986564299421E-08 -2.47720729366563E-09 0.1640164 4.45484732553525E-15 1.12839779085889E-13
1.91454183266932E-05 4.96361221779548E-05 1.9651965 -3.78830168768296E-08 -2.77025614751487E-07 0.3270327 7.81783141961295E-14 4.64885056275692E-14
1.92080941446613E-05 4.96495407577497E-05 2.1292129 6.26758179680813E-08 1.3418579794866E-08 0.1640164 4.10831644167925E-15 2.38065214320182E-14
1.93410165484634E-05 4.9664598108747E-05 2.2932293 1.32922403802048E-07 1.50573509973313E-08 0.1640164 1.78950892515717E-14 1.73352325861889E-15
1.93473177441541E-05 4.96327372764787E-05 2.4572457 6.30119569069976E-09 -3.18608322683644E-08 0.1640164 1.05481769996535E-15 2.06260631779426E-16
1.93633116883117E-05 4.96159090909091E-05 2.620262 1.5993944157632E-08 -1.68281855695867E-08 0.1630163 5.38994079281895E-16 1.5223210535889E-16
1.93557059253841E-05 4.98732626188734E-05 2.7842784 -7.6057629276356E-09 2.57353527964355E-07 0.1640164 6.62886859854115E-14 6.01781381348479E-14
1.9485067114094E-05 4.9875E-05 2.9482948 1.29361188709904E-07 1.73738112655286E-09 0.1640164 1.67373356376183E-14 7.64297091545482E-14
1.96685245901639E-05 4.99531147540984E-05 3.1123112 1.83457476069975E-07 7.81147540983582E-08 0.1640164 3.97585603338125E-14 2.00343268501393E-13
1.97335084646818E-05 4.99508172796264E-05 3.2753275 6.49838745179103E-08 -2.29747447197326E-09 0.1630163 4.22818233630888E-15 2.43061799535722E-13
1.97960059171598E-05 4.99105029585799E-05 3.4393439 6.24974524779205E-08 -4.03143210465018E-08 0.1640164 5.53117604767035E-15 2.69142028353413E-13
1.98227750309023E-05 4.98685105067985E-05 3.6033603 2.67691137425849E-08 -4.19924517813683E-08 0.1640164 2.479951457174E-15 2.71192409182711E-13
1.9902994011976E-05 4.99435628742515E-05 3.7673767 8.02189810736991E-08 7.5052367452983E-08 0.1640164 1.20679427848001E-14 3.93467310180837E-13
2.0042715392062E-05 4.98423281703775E-05 3.9313931 1.39721380085906E-07 -1.01234703873956E-07 0.1640164 2.97705293215577E-14 5.10837545966877E-13
1.99484072022161E-05 4.95488227146814E-05 4.0944094 -9.43081898458864E-08 -2.93505455696099E-07 0.1630163 9.50394871953826E-14 3.51461067826173E-13
13
8.75654390934844E-05 9.87436260623229E-06 0 0 0 0 0 0
8.75826271186441E-05 1.01130826271186E-05 0.1640164 1.71880251596548E-08 2.38720020886349E-07 0.1640164 5.7282676580868E-14 5.7282676580868E-14
8.7548540609137E-05 1.01088197969543E-05 0.3280328 -3.408650950702E-08 -4.26283016432905E-09 0.1640164 1.18006185138208E-15 5.52557330545E-14
8.752162027833E-05 1.01458747514911E-05 0.4910491 -2.69203308070303E-08 3.70549545367389E-08 0.1630163 2.09777386647973E-15 7.56389335845486E-14
8.7545219123506E-05 1.01292828685259E-05 0.6550655 2.35988451759539E-08 -1.6591882965157E-08 0.1640164 8.3219607396811E-16 6.5393187313768E-14
8.74375965002573E-05 9.96268656716418E-06 0.8190819 -1.07622623248645E-07 -1.66596301361718E-07 0.1640164 3.93369566623241E-14 2.41448507177233E-14
8.74230769230769E-05 9.93408584169454E-06 0.9830983 -1.45195771804083E-08 -2.86007254696408E-08 0.1640164 1.02881961888759E-15 2.38338524172111E-14
8.74140905823149E-05 9.92379583033788E-06 1.1471147 -8.98634076203564E-09 -1.0290011356652E-08 0.1640164 1.8663865401145E-16 2.53500154787071E-14
8.7348018549747E-05 9.87837268128162E-06 1.310131 -6.60720325678312E-08 -4.54231490562673E-08 0.1630163 6.42877595783243E-15 4.72877735409512E-14
8.73049215406562E-05 9.6811697574893E-06 1.4741474 -4.30970090908431E-08 -1.97202923792318E-07 0.1640164 4.0746345344815E-14 1.0519287213703E-13
8.73028913963329E-05 9.66889985895628E-06 1.6381638 -2.03014432334214E-09 -1.22698985330238E-08 0.1640164 1.54671895984299E-16 1.11146233797789E-13
8.725E-05 9.37031900138696E-06 2.1292129 -5.28913963328677E-08 -2.98580857569315E-07 0.4910491 9.19480283128678E-14 3.53561777283747E-13
8.725E-05 9.38368983957219E-06 2.4572457 0 1.33708381852298E-08 0.3280328 1.78779313775599E-16 3.40261585640149E-13
40
1.50180616740088E-05 2.11396475770925E-05 0 0 0 0 0 0
1.49824862637363E-05 2.10104166666667E-05 0.1630163 -3.55754102725463E-08 -1.29230910425843E-07 0.1630163 1.79662380255522E-14 1.79662380255522E-14
1.49751012145749E-05 2.11775303643725E-05 0.3270327 -7.38504916136584E-09 1.67113697705801E-07 0.1640164 2.79815269120217E-14 3.28070664687138E-15
1.49956605593057E-05 2.11386210221794E-05 0.4910491 2.05593447307901E-08 -3.89093421931044E-08 0.1640164 1.93662356565956E-15 5.02863754932133E-16
1.49921278625954E-05 2.11335877862595E-05 0.6550655 -3.53269671026979E-09 -5.03323591982152E-09 0.1640164 3.78134098713326E-17 7.09283639364689E-16
1.49885114885115E-05 2.11336163836164E-05 0.8190819 -3.61637408393101E-09 2.85973568416864E-11 0.1640164 1.30789793237462E-17 9.09588757672651E-16
1.50036900369004E-05 2.11546740467405E-05 0.9820982 1.51785483888816E-08 2.10576631240826E-08 0.1630163 6.73813507440968E-16 4.3233874325769E-16
1.50523847802787E-05 2.09620846730975E-05 1.310131 4.86947433783005E-08 -1.92589373642932E-07 0.3280328 3.94618448728553E-14 3.27066604991407E-14
1.50063983679525E-05 2.08735163204748E-05 1.4741474 -4.59864123261475E-08 -8.85683526227581E-08 0.1640164 9.95910320493967E-15 7.09618784570963E-14
1.49767359887205E-05 2.08607684173423E-05 1.6381638 -2.96623792320432E-08 -1.27479031325137E-08 0.1640164 1.0423657759815E-15 7.94813980075538E-14
1.49189084724799E-05 2.08493351886209E-05 1.8011801 -5.78275162405788E-08 -1.14332287213621E-08 0.1630163 3.47474035354938E-15 9.4112640273523E-14
1.49162476429918E-05 2.0855436832181E-05 1.9651965 -2.66082948807167E-09 6.10164356011467E-09 0.1640164 4.43100676992805E-17 9.11418444350733E-14
1.49139463477699E-05 2.0854476405947E-05 2.1292129 -2.30129522195099E-09 -9.60426234023259E-10 0.1640164 6.21837824957458E-18 9.21625980103454E-14
1.48682661434178E-05 2.08728148412415E-05 2.2932293 -4.56802043521112E-08 1.83384352945346E-08 0.1640164 2.42297927870247E-15 9.36384099067728E-14
1.47411668036154E-05 2.08066967953985E-05 2.4572457 -1.27099339802319E-07 -6.61180458430053E-08 0.1640164 2.05258381642831E-14 1.87526992280795E-13
1.4832662835249E-05 2.08503831417625E-05 2.620262 9.14960316335947E-08 4.36863463639305E-08 0.1630163 1.02800206633251E-14 1.18046642960288E-13
1.48044772827525E-05 2.08194750771945E-05 2.7842784 -2.8185552496506E-08 -3.09080645679245E-08 0.1640164 1.74973382486829E-15 1.48128721879237E-13
1.48120932754881E-05 2.08172451193059E-05 2.9482948 7.61599273553237E-09 -2.22995788867308E-09 0.1640164 6.29760575329372E-17 1.46366325976075E-13
1.47162853702589E-05 2.08493377483444E-05 3.1123112 -9.58079052291882E-08 3.2092629038516E-08 0.1640164 1.02090915430089E-14 1.75348734172744E-13
1.47047638110488E-05 2.07848278622898E-05 3.2763276 -1.15215592100419E-08 -6.4509886054541E-08 0.1640164 4.29427172540037E-15 2.24052580947941E-13
1.46786197564276E-05 2.08026048714479E-05 3.4393439 -2.61440546212341E-08 1.77770091580705E-08 0.1630163 9.99533646644195E-16 2.28818600839446E-13
1.4656087408949E-05 2.07878511966701E-05 3.6033603 -2.25323474785934E-08 -1.4753674777765E-08 0.1640164 7.25377602344136E-16 2.54786061843866E-13
1.45961538461538E-05 2.0796658259773E-05 3.7673767 -5.99335627951643E-08 8.80706310287849E-09 0.1640164 3.66959630981998E-15 2.95647887000588E-13
1.45548105576841E-05 2.08034269902086E-05 3.9313931 -4.13432884697258E-08 6.76873043558501E-09 0.1640164 1.75508321320058E-15 3.27645879820633E-13
1.46377457704618E-05 2.0758573388203E-05 4.0944094 8.29352127776985E-08 -4.48536020055812E-08 0.1630163 8.89009513135721E-15 2.89857723928549E-13
1.463527696793E-05 2.06278425655977E-05 4.2584258 -2.46880253179071E-09 -1.30730822605351E-07 0.1640164 1.70966429650127E-14 4.08468500999056E-13
1.46535087719298E-05 2.06223684210526E-05 4.4224422 1.82318039997966E-08 -5.47414454503681E-09 0.1640164 3.62364935586956E-16 4.00476543687541E-13
1.47366107114309E-05 2.06165067945643E-05 4.5864586 8.31019395010291E-08 -5.86162648828292E-09 0.1640164 6.94029101392083E-15 3.52890922680237E-13
1.48488095238095E-05 2.06263392857143E-05 4.750475 1.12198812378669E-07 9.83249114993612E-09 0.1640164 1.26852513813972E-14 2.92131692344717E-13
1.48295736754967E-05 2.04675082781457E-05 4.9134913 -1.92358483128334E-08 -1.5883100756859E-07 0.1630163 2.55973068255679E-14 4.87298962771824E-13
1.48379450464396E-05 2.04540441176471E-05 5.0775077 8.37137094293894E-09 -1.34641604986356E-08 0.1640164 2.51363469397303E-16 5.02494103130468E-13
1.4846536351166E-05 2.04471021947874E-05 5.2415241 8.59130472635172E-09 -6.94192285967787E-09 0.1640164 1.22000809890752E-16 5.09040042928497E-13
1.48497945908935E-05 2.04443683669976E-05 5.4055405 3.25823972754868E-09 -2.73382778977549E-09 0.1640164 1.80899405063253E-17 5.11726991250322E-13
1.48526662049861E-05 2.04391447368421E-05 5.5695569 2.87161409262104E-09 -5.22363015549843E-09 0.1640164 3.55324794983723E-17 5.1805989037211E-13
1.48730250481696E-05 2.04339113680154E-05 5.7325732 2.03588431834074E-08 -5.23336882669057E-09 0.163016300000001 4.41870645042751E-16 5.19099219637345E-13
1.49317444876783E-05 2.06113813229572E-05 5.8965896 5.87194395087831E-08 1.77469954941781E-07 0.1640164 3.49435574832634E-14 2.86515891914165E-13
1.49542877391921E-05 2.06156980864635E-05 6.060606 2.25432515137225E-08 4.31676350630283E-09 0.1640164 5.26832635980299E-16 2.78590183492411E-13
1.49951573849879E-05 2.06269168684423E-05 6.2246224 4.086964579583E-08 1.12187819787941E-08 0.1640164 1.79618901656432E-15 2.63417386048508E-13
1.49941077441077E-05 2.06268939393939E-05 6.3886388 -1.04964088014903E-09 -2.29290483559907E-11 0.1640164 1.10227171853854E-18 2.63490083730825E-13
1.49439707673569E-05 2.05840438489647E-05 6.5516551 -5.01369767508617E-08 -4.28500904292619E-08 0.1630163 4.34984668751237E-15 3.14184965158054E-13
23
3.57342657342657E-06 1.70576923076923E-05 0 0 0 0 0 0
3.56457270408163E-06 1.73890306122449E-05 0.1640164 -8.8538693449407E-09 3.31338304552592E-07 0.1640164 1.09863463066163E-13 1.09863463066163E-13
3.56566118220597E-06 1.74005179768434E-05 0.3270327 1.08847812433943E-09 1.14873645984908E-08 0.1630163 1.33144330045824E-16 1.17589740729696E-13
3.55805938494168E-06 1.74209968186638E-05 0.4910491 -7.60179726429655E-09 2.04788418204487E-08 0.1640164 4.77170283954424E-16 1.32226318174194E-13
3.53170144462279E-06 1.74296415195292E-05 0.6550655 -2.63579403188827E-08 8.64470086532165E-09 0.1640164 7.69471870904676E-16 1.40087202559748E-13
3.65084985835694E-06 1.74009915014164E-05 0.8190819 1.19148413734148E-07 -2.8650018112728E-08 0.1640164 1.50171680332233E-14 1.23848701461043E-13
3.63268667642753E-06 1.74449121522694E-05 0.9820982 -1.8163181929415E-08 4.39206508529679E-08 0.1630163 2.25892474914934E-15 1.53450967841991E-13
3.56594138543517E-06 1.76556394316163E-05 1.1461146 -6.67452909923569E-08 2.10727279346941E-07 0.1640164 4.88609201306179E-14 3.5759679104829E-13
3.51869565217391E-06 1.76410869565217E-05 1.310131 -4.72457332612555E-08 -1.45524750946002E-08 0.1640164 2.44393384277266E-15 3.43344790023982E-13
3.55315917375456E-06 1.77041312272175E-05 1.4741474 3.44635215806432E-08 6.30442706957588E-08 0.1640164 5.16231438729957E-15 4.18294044166363E-13
3.50697211155378E-06 1.7646015936255E-05 1.6381638 -4.61870622007714E-08 -5.81152909625189E-08 0.1640164 5.51063175839615E-15 3.50540887427952E-13
3.51063829787234E-06 1.7638867781155E-05 1.8011801 3.6661863185552E-09 -7.14815509996569E-09 0.1630163 6.45370434555268E-17 3.41707298501676E-13
3.4851411589896E-06 1.76344725111441E-05 1.9651965 -2.54971388827414E-08 -4.3952700108818E-09 0.1640164 6.69422489674361E-16 3.40469717496237E-13
3.49622641509434E-06 1.76367924528302E-05 2.1292129 1.10852561047405E-08 2.31994168605709E-09 0.1640164 1.28265032334393E-16 3.41316842545239E-13
3.48396065012831E-06 1.76415739948674E-05 2.2932293 -1.22657649660245E-08 4.78154203721814E-09 0.1640164 1.73312134455438E-16 3.48921976050052E-13
3.5454834605598E-06 1.7533237913486E-05 2.4572457 6.15228104314815E-08 -1.08336081381402E-07 0.1640164 1.55217627324659E-14 2.26924440746381E-13
3.51038205980066E-06 1.76443106312292E-05 2.620262 -3.51014007591321E-08 1.1107271774323E-07 0.1630163 1.35692569621205E-14 3.48095668207604E-13
3.49936170212766E-06 1.76478723404255E-05 2.7842784 -1.10203576730048E-08 3.56170919629761E-09 0.1640164 1.34134055639947E-16 3.53798076197516E-13
3.53484513274336E-06 1.74243639380531E-05 2.9482948 3.54834306157032E-08 -2.23508402372435E-07 0.1640164 5.12150797793376E-14 1.35936612076633E-13
3.56108124253286E-06 1.74229390681004E-05 3.1123112 2.62361097894925E-08 -1.42486995273927E-09 0.1640164 6.90363711268525E-16 1.33557603183452E-13
3.56877267230955E-06 1.74194377267231E-05 3.2763276 7.69142977669723E-09 -3.50134137726243E-09 0.1640164 7.14174834499949E-17 1.30881406985369E-13
3.51274165202109E-06 1.76500439367311E-05 3.4393439 -5.60310202884628E-08 2.30606210008013E-07 0.1630163 5.63186993288258E-14 3.54563112110913E-13
3.46691498685364E-06 1.76209465381245E-05 3.6033603 -4.58266651674526E-08 -2.90973986066554E-08 0.1640164 2.9467418460444E-15 3.28600046173994E-13
21
1.6354302241504E-05 2.43403832248735E-05 0 0 0 0 0 0
1.63596226415094E-05 2.43109433962264E-05 0.1640164 5.32040000545919E-09 -2.94398286470496E-08 0.1640164 8.95010166985735E-16 8.95010166985735E-16
1.62604865771812E-05 2.41229026845638E-05 0.4910491 -9.91360643282277E-08 -1.88040711662655E-07 0.3270327 4.51872684930883E-14 5.60991642857235E-14
1.6265600624025E-05 2.41205148205928E-05 0.6550655 5.11404684375449E-09 -2.38786397093449E-09 0.1640164 3.18553694638023E-17 5.62100921443079E-14
1.63643153526971E-05 2.43970954356846E-05 0.9830983 9.87147286721317E-08 2.76580615091824E-07 0.3280328 8.62414343013841E-14 3.31653725085798E-15
1.62657401205626E-05 2.43680509042197E-05 1.1461146 -9.85752321344684E-08 -2.90445314649546E-08 0.1630163 1.05606611983831E-14 8.60874974603624E-15
1.62225080385852E-05 2.43350482315113E-05 1.310131 -4.32320819774183E-08 -3.3002672708438E-08 0.1640164 2.9581893180025E-15 1.73981740771685E-14
1.63613089937667E-05 2.44071682991986E-05 1.4741474 1.38800955181487E-07 7.21200676873188E-08 0.1640164 2.44670093225168E-14 4.50934072988169E-15
1.62736256948734E-05 2.4507257566399E-05 1.6381638 -8.76832988933174E-08 1.00089267200438E-07 0.1640164 1.77062223135356E-14 3.43557510358248E-14
1.62970198675497E-05 2.48019867549669E-05 1.8021802 2.33941726762907E-08 2.94729188567874E-07 0.1640164 8.74125819090858E-14 2.16359089360551E-13
1.63374604847208E-05 2.47868809272919E-05 1.9651965 4.04406171710896E-08 -1.51058276750007E-08 0.1630163 1.86362954692544E-15 1.99643843036476E-13
1.63322332233223E-05 2.4788503850385E-05 2.1292129 -5.22726139842433E-09 1.62292309315148E-09 0.1640164 2.99581410937415E-17 2.01299136572386E-13
1.62946513849093E-05 2.48457497612225E-05 2.2932293 -3.75818384130682E-08 5.72459108375014E-08 0.1640164 4.68948888612113E-15 2.58953560753945E-13
1.62439446366782E-05 2.47453863898501E-05 2.4572457 -5.07067482310646E-08 -1.00363371372481E-07 0.1640164 1.26439806294191E-14 1.76206364583941E-13
1.575E-05 2.54073569482289E-05 2.7842784 -4.93944636678201E-07 6.61970558378826E-07 0.3270327 6.82186324263534E-13 1.50361412541766E-12
1.56886213408876E-05 2.53340415486308E-05 2.9482948 -6.13786591123695E-08 -7.33153995981013E-08 0.1640164 9.14248761266173E-15 1.4304879258176E-12
1.56557408844065E-05 2.53822730799069E-05 3.1123112 -3.28804564811129E-08 4.8231531276123E-08 0.1640164 3.40740502764599E-15 1.57352243965145E-12
1.56437823834197E-05 2.53667653589933E-05 3.2763276 -1.19585009868288E-08 -1.55077209135683E-08 0.1640164 3.83495153785111E-16 1.55829875397258E-12
1.56507527733756E-05 2.53716323296355E-05 3.440344 6.97038995590482E-09 4.86697064216202E-09 0.1640164 7.22737393690458E-17 1.55845657017623E-12
1.56830882352941E-05 2.53911764705882E-05 3.6033603 3.23354619185245E-08 1.95441409527355E-08 0.1630163 1.42755554306474E-15 1.55469468737207E-12
1.57076873385013E-05 2.53052325581395E-05 3.7673767 2.45991032071746E-08 -8.59439124486983E-08 0.1640164 7.99147196558674E-15 1.34904506868916E-12
45
3.39283276450512E-05 3.31825938566553E-05 0 0 0 0 0 0
3.40332924836601E-05 3.3343954248366E-05 0.1630163 1.04964838608936E-07 1.61360391710723E-07 0.1630163 3.70547933572378E-14 3.70547933572378E-14
3.39765911362879E-05 3.31622792402532E-05 0.3270327 -5.67013473722326E-08 -1.81675008112762E-07 0.1640164 3.62208513665988E-14 2.74204822591735E-15
3.40549242424242E-05 3.31175820707071E-05 0.4910491 7.83331061363413E-08 -4.46971695461755E-08 0.1640164 8.13391248240687E-15 2.02532307786093E-14
3.40206345914558E-05 3.33010161758606E-05 0.6550655 -3.42896509684181E-08 1.83434105153566E-07 0.1640164 3.48238510970254E-14 2.25444180405206E-14
3.39328602620087E-05 3.33060407569141E-05 0.8190819 -8.77743294470932E-08 5.02458105348325E-09 0.1640164 7.72957932464987E-15 1.52596817999982E-14
3.39431818181818E-05 3.31678653624856E-05 0.9820982 1.03215561730892E-08 -1.38175394428508E-07 0.1630163 1.9198974147308E-14 4.37574999900624E-16
3.38025806451613E-05 3.2948064516129E-05 1.1461146 -1.40601173020528E-07 -2.19800846356584E-07 0.1640164 6.80811019138191E-14 7.08163195489934E-14
3.37648830616584E-05 3.29755492558469E-05 1.310131 -3.76975835028972E-08 2.74847397178846E-08 0.1640164 2.17651871931777E-15 6.95815985643456E-14
3.39394611727417E-05 3.30824088748019E-05 1.4741474 1.74578111083285E-07 1.06859618954985E-07 0.1640164 4.18964950326125E-14 1.01609860277985E-14
3.39881412508784E-05 3.35152846099789E-05 1.6381638 4.86800781367478E-08 4.32875735177021E-07 0.1640164 1.89751152112446E-13 1.14260804789101E-13
3.38378240109141E-05 3.31800818553888E-05 1.8011801 -1.50317239964373E-07 -3.35202754590107E-07 0.1630163 1.34956159315302E-13 8.19721794239257E-15
3.37803961748634E-05 3.31519808743169E-05 1.9651965 -5.74278360506639E-08 -2.81009810718729E-08 0.1640164 4.08762149066369E-15 2.28208745595739E-14
3.40292718245759E-05 3.35500620604055E-05 2.1292129 2.48875649712531E-07 3.98081186088518E-07 0.1640164 2.20407719737476E-13 1.45222608147297E-13
3.40963983050847E-05 3.35809322033898E-05 2.620262 6.71264805088256E-08 3.08701429843694E-08 0.4910491 5.45893011337716E-15 1.8692118524332E-13
3.41195233087978E-05 3.35894672274798E-05 2.7842784 2.31250037130124E-08 8.5350240900155E-09 0.1640164 6.07612432943982E-16 2.02101721721625E-13
3.40950383071872E-05 3.35221634439985E-05 2.9482948 -2.44850016106E-08 -6.73037834813002E-08 0.1640164 5.12931457476882E-15 1.4309994951828E-13
3.40932849702381E-05 3.35200892857143E-05 3.1123112 -1.75333694906499E-09 -2.07415828425894E-09 0.1640164 7.37632304511652E-18 1.41114083768532E-13
3.41112736660929E-05 3.35596385542169E-05 3.2763276 1.79886958548465E-08 3.95492685025829E-08 0.1640164 1.88773781764757E-15 1.75631950574309E-13
3.40935062402496E-05 3.34705538221529E-05 3.4393439 -1.77674258433314E-08 -8.90847320639807E-08 0.1630163 8.25177090800951E-15 1.10204910041099E-13
3.41102620087336E-05 3.32403111353712E-05 3.6033603 1.67557684840176E-08 -2.30242686781708E-07 0.1640164 5.32924505939495E-14 3.64313969508986E-14
3.40698131760079E-05 3.3304203539823E-05 3.7673767 -4.04488327257582E-08 6.38924044518276E-08 0.1640164 5.71834741551229E-15 3.48070705102444E-14
3.41309194948698E-05 3.34808602999211E-05 3.9313931 6.11063188619028E-08 1.76656760098069E-07 0.1640164 3.49415930931993E-14 1.30006328791336E-13
3.41331377744133E-05 3.35519492808478E-05 4.0944094 2.21827954354836E-09 7.1088980926767E-08 0.1630163 5.05856397333956E-15 1.78370618469792E-13
3.41069805865345E-05 3.35038207352334E-05 4.2584258 -2.61571878788303E-08 -4.81285456144676E-08 0.1640164 3.00055538069231E-15 1.35103581021654E-13
3.40986047480217E-05 3.34274260724698E-05 4.4224422 -8.37583851283341E-09 -7.6394662763569E-08 0.1640164 5.9062991695525E-15 8.89371056966595E-14
3.4089837398374E-05 3.34630081300813E-05 4.5864586 -8.76734964767678E-09 3.55820576114922E-08 0.1640164 1.34294924371217E-15 1.04717565159424E-13
3.40684138201806E-05 3.30251276010993E-05 4.750475 -2.1423578193378E-08 -4.37880528981964E-07 0.1640164 1.92198327364132E-13 4.44197581011988E-14
3.40909334763948E-05 3.31078326180258E-05 4.9134913 2.251965621425E-08 8.27050169264183E-08 0.1630163 7.34725474080715E-15 3.20298991883832E-14
3.41299078525641E-05 3.31201923076923E-05 5.0775077 3.897437616925E-08 1.23596896665532E-08 0.1640164 1.67176392643571E-15 4.4528533373925E-14
3.42022653721683E-05 3.29254507628294E-05 5.2415241 7.23575196041821E-08 -1.947415448629E-07 0.1640164 4.31598799388586E-14 1.41164449040421E-13
3.42016431924883E-05 3.29193661971831E-05 5.4055405 -6.22179680021873E-10 -6.08456564630444E-09 0.1640164 3.74090466584203E-17 1.43990189182027E-13
3.42402116402116E-05 3.29242063492064E-05 5.5695569 3.85684477233781E-08 4.84015202324883E-09 0.1640164 1.51095223139911E-15 1.64035730442914E-13
3.41747058823529E-05 3.31162745098039E-05 5.7325732 -6.55057578587019E-08 1.92068160597572E-07 0.163016300000001 4.11811826279774E-14 6.51004915827047E-14
3.4028330449827E-05 3.31338667820069E-05 5.8965896 -1.4637543252595E-07 1.75922722029966E-08 0.1640164 2.17352552884233E-14 1.23748887668126E-14
3.40283945345858E-05 3.31338599487617E-05 6.060606 6.40847588329052E-11 -6.83324518035988E-12 0.1640164 4.15354955436653E-21 1.23883761597115E-14
3.40282571182053E-05 3.31341673856773E-05 6.2246224 -1.37416380475486E-10 3.07436915569781E-10 0.1640164 1.13400718678044E-19 1.23310226962467E-14
3.39931768558952E-05 3.29158024017467E-05 6.3886388 -3.50802623101529E-08 -2.18364983930584E-07 0.1640164 4.89138910107535E-14 7.53831005593171E-14
3.39419938806731E-05 3.2929500254972E-05 6.5516551 -5.11829752220692E-08 1.36978532252314E-08 0.1630163 2.80732813556293E-15 6.42431372091153E-14
3.37329396325459E-05 3.29295275590551E-05 6.7156715 -2.09054248127195E-07 2.7304083161539E-11 0.1640164 4.37036794055399E-14 1.02219026411817E-13
3.3954774535809E-05 3.29446949602122E-05 6.8796879 2.21834903263087E-07 1.51674011570861E-08 0.1640164 4.94407743636031E-14 5.72953229595934E-14
3.40683706070288E-05 3.32947284345048E-05 7.0437043 1.13596071219739E-07 3.50033474292587E-07 0.1640164 1.35427500521899E-13 3.21861947489335E-14
3.40281078610603E-05 3.31339122486289E-05 7.2067206 -4.02627459684268E-08 -1.60816185875909E-07 0.1630163 2.7482934352593E-14 1.23259904668652E-14
3.38986280487805E-05 3.3119156504065E-05 7.370737 -1.2947981227984E-07 -1.47557445638427E-08 0.1640164 1.69827537856559E-14 4.90636372230274E-15
3.3661670235546E-05 3.28806209850107E-05 7.5347534 -2.36957813234447E-07 -2.38535519054331E-07 0.1640164 1.1304819910337E-13 1.62293789253275E-13
46
3.72604612458393E-05 3.79418687589158E-05 0 0 0 0 0 0
3.71414401175606E-05 3.78006980161646E-05 0.1630163 -1.19021128278661E-07 -1.4117074275125E-07 0.1630163 3.40952075856649E-14 3.40952075856649E-14
3.70927347903131E-05 3.78300354400473E-05 0.3270327 -4.87053272475677E-08 2.93374238826729E-08 0.1640164 3.23289334236429E-15 4.06388550925526E-14
3.7058864265928E-05 3.77979224376731E-05 0.4910491 -3.38705243850725E-08 -3.21130023741247E-08 0.1640164 2.17845734360033E-15 6.13618857086644E-14
3.7096099491238E-05 3.78421424533635E-05 0.6550655 3.72352253100061E-08 4.42200156903496E-08 0.1640164 3.34187179154169E-15 3.69601223947373E-14
3.70920371169616E-05 3.79240397065171E-05 0.8190819 -4.06237427640122E-09 8.18972531535707E-08 0.1640164 6.72366295886161E-15 2.86845622976492E-14
3.70518402154399E-05 3.78494165170557E-05 0.9820982 -4.01969015217318E-08 -7.46231894613913E-08 0.1630163 7.18441129733852E-15 5.20701513498908E-14
3.70561820378574E-05 3.78329641562626E-05 1.1461146 4.34182241757952E-09 -1.64523607930747E-08 0.1640164 2.89531597571296E-16 5.35902072927529E-14
3.7091726618705E-05 3.78067075751164E-05 1.310131 3.55445808476063E-08 -2.62565811462068E-08 0.1640164 1.95282528111936E-15 4.67399200002015E-14
3.70406149609913E-05 3.78474070674621E-05 1.4741474 -5.11116577137614E-08 4.06994923457589E-08 0.1640164 4.26885023145119E-15 5.72554001137625E-14
3.70544736842105E-05 3.77993421052632E-05 1.6381638 1.38587232192506E-08 -4.80649621989784E-08 0.1640164 2.50230480045702E-15 6.27447225471884E-14
3.70428893905192E-05 3.78782167042889E-05 1.8011801 -1.15842936913424E-08 7.88745990257809E-08 0.1630163 6.35539823180499E-15 5.13890962856533E-14
3.70561385099685E-05 3.78086306400839E-05 1.9651965 1.3249119449334E-08 -6.95860642049908E-08 0.1640164 5.01775949772382E-15 5.95001767035719E-14
3.70714095744681E-05 3.78215425531915E-05 2.1292129 1.52710644995651E-08 1.29119131075441E-08 0.1640164 3.99922911046646E-16 5.02189302322587E-14
3.70889268918341E-05 3.79338392475417E-05 2.2932293 1.75173173660355E-08 1.12296694350192E-07 0.1640164 1.29174039696829E-14 2.94885076568753E-14
3.71665499533147E-05 3.78501400560224E-05 2.4572457 7.76230614805371E-08 -8.36991915192726E-08 0.1640164 1.30308943345911E-14 1.72334857981547E-14
3.72333414992651E-05 3.7859872611465E-05 2.620262 6.67915459504087E-08 9.7325554425538E-09 0.1630163 4.55583324588794E-15 7.45884885103378E-15
3.71972667034787E-05 3.78614025400331E-05 2.7842784 -3.60747957863268E-08 1.5299285681678E-09 0.1640164 1.30373157244888E-15 1.04683625654366E-14
3.71395784543325E-05 3.78511709601874E-05 2.9482948 -5.76882491461888E-08 -1.02315798457795E-08 0.1640164 3.43261931569331E-15 2.28387399766511E-14
3.70886612021858E-05 3.78467213114754E-05 3.1123112 -5.09172521467605E-08 -4.44964871194031E-09 0.1640164 2.61236593983645E-15 3.85682917537684E-14
3.71273176761434E-05 3.78865883807169E-05 3.2763276 3.86564739575945E-08 3.98670692415237E-08 0.1640164 3.08370618874263E-15 2.07831303651788E-14
3.70530123339658E-05 3.78356261859583E-05 3.4393439 -7.43053421775386E-08 -5.09621947586822E-08 0.1630163 8.11842917074296E-15 5.43225353461181E-14
3.70567904250122E-05 3.7835979482169E-05 3.6033603 3.77809104636384E-09 3.53296210775511E-10 0.1640164 1.4398790167163E-17 5.26943421863335E-14
3.70357848952155E-05 3.78918544879399E-05 3.7673767 -2.10055297967102E-08 5.5875005770865E-08 0.1640164 3.56324855193468E-15 5.29808898308746E-14
3.71867021276596E-05 3.78508510638298E-05 3.9313931 1.50917232444073E-07 -4.10034241101087E-08 0.1640164 2.44572918373317E-14 1.37246283334244E-14
3.71945413758724E-05 3.78798604187438E-05 4.0944094 7.8392482128109E-09 2.90093549139812E-08 0.1630163 9.02996485067381E-16 8.19046350734704E-15
3.72042735042735E-05 3.78888888888889E-05 4.2584258 9.7321284011187E-09 9.02847014511821E-09 0.1640164 1.76227596377152E-16 5.96392893033478E-15
3.72872507869885E-05 3.84042497376705E-05 4.5864586 8.29772827149569E-08 5.15360848781626E-07 0.3280328 2.72482033903676E-13 2.1451384902912E-13
3.725E-05 3.83884664131812E-05 4.750475 -3.72507869884586E-08 -1.578332448927E-08 0.1640164 1.63673446319311E-15 1.99558902459877E-13
3.72899761336515E-05 3.84116945107399E-05 4.9134913 3.99761336515496E-08 2.3228097558615E-08 0.1630163 2.13763577791909E-15 2.21607365679582E-13
3.72543859649123E-05 3.85767543859649E-05 5.0775077 -3.55901687392688E-08 1.65059875225054E-07 0.1640164 2.85114225202002E-14 4.03116668471845E-13
3.72966494845361E-05 3.84219072164948E-05 5.2415241 4.22635196238019E-08 -1.54847169470067E-07 0.1640164 2.5763850983883E-14 2.31746509374815E-13
3.70384153661465E-05 3.83876050420168E-05 5.4055405 -2.58234118389623E-07 -3.43021744780358E-08 0.1640164 6.78614990743876E-14 2.47985206761234E-13
3.69955844155844E-05 3.83603896103896E-05 5.5695569 -4.28309505620419E-08 -2.7215431627198E-08 0.1640164 2.57517004470276E-15 2.45319438324201E-13
3.69651100375738E-05 3.84224369296833E-05 5.7325732 -3.04743780106094E-08 6.2047319293697E-08 0.163016300000001 4.7785575466675E-15 3.18178102978673E-13
3.69806791569087E-05 3.84345433255269E-05 5.8965896 1.55691193348559E-08 1.21063958436238E-08 0.1640164 3.88962297185497E-16 3.21006245871815E-13
3.70112911795962E-05 3.84213602550478E-05 6.060606 3.06120226875066E-08 -1.31830704791085E-08 0.1640164 1.11088928027756E-15 2.91997816774492E-13
3.70842565597668E-05 3.8097667638484E-05 6.2246224 7.29653801705936E-08 -3.23692616563861E-07 0.1640164 1.10100856721398E-13 5.53213822685991E-14
3.69664087947883E-05 3.81333469055375E-05 6.3886388 -1.17847764978492E-07 3.56792670534958E-08 0.1640164 1.51611058079006E-14 1.23130724602759E-13
3.69225409836066E-05 3.84800546448087E-05 6.5516551 -4.38678111817126E-08 3.46707739271288E-07 0.1630163 1.22130641328482E-13 4.03834151401773E-13
3.69031599312124E-05 3.86482158211522E-05 6.7156715 -1.93810523941806E-08 1.68161176343446E-07 0.1640164 2.86538064211175E-14 6.2659040176405E-13
3.69645738779627E-05 3.84851235501765E-05 6.8796879 6.14139467503065E-08 -1.63092270975689E-07 0.1640164 3.0370761707457E-14 3.82675102696616E-13
3.68627734877735E-05 3.8396879021879E-05 7.0437043 -1.01800390189197E-07 -8.824452829748E-08 0.1640164 1.81504162171176E-14 3.6518989231723E-13
3.68122317596567E-05 3.86803916309013E-05 7.2067206 -5.05417281168334E-08 2.83512609022267E-07 0.1630163 8.29338657556489E-14 7.46325704729192E-13
3.69508662696264E-05 3.88971304818625E-05 7.370737 1.38634509969769E-07 2.16738850961192E-07 0.1640164 6.6195256870536E-14 1.00837400862325E-12
3.69878308128544E-05 3.88603497164461E-05 7.5347534 3.69645432280166E-08 -3.67807654163599E-08 0.1640164 2.7192021606692E-15 9.17934622335264E-13
36
5.563515625E-05 1.4123046875E-05 0 0 0 0 0 0
5.56340425531915E-05 1.41187943262411E-05 0.1630163 -1.1136968085097E-09 -4.25254875886516E-09 0.1630163 1.93244915278103E-17 1.93244915278103E-17
5.56359712230216E-05 1.41244604316547E-05 0.3270327 1.9286698300931E-09 5.66610541354073E-09 0.1640164 3.5824517870867E-17 2.66232344188637E-18
5.56379427792916E-05 1.41195504087193E-05 0.4910491 1.97155626997159E-09 -4.91002293532894E-09 0.1640164 2.79953593511205E-17 1.99900219444399E-17
5.56380753138075E-05 1.41192468619247E-05 0.6550655 1.32534515977056E-10 -3.03546794659937E-10 0.1640164 1.09706054473594E-19 2.29610328849955E-17
5.56404867256637E-05 1.41294247787611E-05 0.8190819 2.41141185618687E-09 1.01779168363745E-08 0.1640164 1.09404898268314E-16 6.90916271868579E-17
5.5641726618705E-05 1.41262589928058E-05 0.9820982 1.23989304131555E-09 -3.16578595530537E-09 0.1630163 1.15595354687114E-17 5.34874457181498E-17
5.56382907133244E-05 1.41184387617766E-05 1.1461146 -3.43590538067673E-09 -7.82023102917506E-09 0.1640164 7.29614591346357E-17 3.10595678115951E-17
5.56334856396867E-05 1.41148825065274E-05 1.310131 -4.80507363767657E-09 -3.55625524916547E-09 0.1640164 3.57356840607113E-17 6.94478513751027E-17
5.56338639652677E-05 1.41244573082489E-05 1.4741474 3.78325581046113E-10 9.57480172149871E-09 0.1640164 9.18199582512886E-17 3.65932177890724E-18
5.56370967741935E-05 1.41172715053763E-05 1.6381638 3.23280892582289E-09 -7.18580287256998E-09 0.1640164 6.20868164743151E-17 3.71205284356019E-17
5.56986215538847E-05 1.41484962406015E-05 1.8011801 6.15247796911618E-08 3.12247352251589E-08 0.1630163 4.76028260592727E-15 4.67551500669779E-15
5.56307641633729E-05 1.41123188405797E-05 1.9651965 -6.7857390511854E-08 -3.6177400021792E-08 0.1640164 5.91342971941501E-15 1.34381147463229E-16
5.56276109660574E-05 1.41099869451697E-05 2.1292129 -3.15319731542019E-09 -2.33189540999845E-09 0.1640164 1.53803895131449E-17 2.27493076945923E-16
5.58637264618434E-05 1.40986124876115E-05 2.4562456 2.36115495785967E-07 -1.13744575582153E-08 0.3270327 5.58799056349965E-14 5.28413810291903E-14
5.58039587852495E-05 1.40989696312364E-05 2.620262 -5.97676765939497E-08 3.57143624945877E-10 0.1640164 3.5723027170078E-15 2.90740095738932E-14
5.5815570358035E-05 1.41072023313905E-05 2.7842784 1.16115727855117E-08 8.23270015406408E-09 0.1640164 2.02605974379963E-16 3.28002999402457E-14
5.575E-05 1.41227611940299E-05 2.9482948 -6.5570358034968E-08 1.55588626393435E-08 0.1640164 4.54155005946385E-15 1.31891685276789E-14
5.57755338904364E-05 1.41239554317549E-05 3.1123112 2.55338904363995E-08 1.19423772502358E-09 0.1640164 6.53405764561925E-16 1.97067074098675E-14
5.57523255813953E-05 1.41125581395349E-05 3.2753275 -2.32083090410526E-08 -1.1397292219991E-08 0.1630163 6.68523878492873E-16 1.38386657912895E-14
5.57429679922405E-05 1.41098448108632E-05 3.4393439 -9.35758915480278E-09 -2.71332867164276E-09 0.1640164 9.49266272704413E-17 1.17976662624123E-14
5.57329896907217E-05 1.41136597938144E-05 3.6033603 -9.9783015188919E-09 3.81498295119265E-09 0.1640164 1.14120596119811E-16 9.65949941662118E-15
5.56937726723095E-05 1.41345223700121E-05 3.7673767 -3.92170184121028E-08 2.08625761976595E-08 0.1640164 1.97322161873836E-15 3.56757195014384E-15
5.57821843853821E-05 1.39674003322259E-05 3.9313931 8.84117130725102E-08 -1.67122037786179E-07 0.1640164 3.57464065222208E-14 4.58431188714502E-14
5.57381671701913E-05 1.3920443101712E-05 4.0944094 -4.40172151907205E-08 -4.69572305139305E-08 0.1630163 4.14249673068461E-15 5.16595386292082E-14
5.56734258271078E-05 1.38425827107791E-05 4.2584258 -6.47413430835471E-08 -7.78603909329014E-08 0.1640164 1.02536819804858E-14 8.01247079441472E-14
5.57061674008811E-05 1.38678414096916E-05 4.4224422 3.2741573773265E-08 2.52586989125483E-08 0.1640164 1.71001252390492E-15 7.01724130727135E-14
5.56876911314985E-05 1.4E-05 4.5864586 -1.84762693825888E-08 1.3215859030837E-07 0.1640164 1.78072655225935E-14 1.79004472213236E-14
5.57000616522811E-05 1.39019728729963E-05 4.750475 1.23705207826674E-08 -9.80271270036983E-08 0.1640164 9.76234741303361E-15 5.30864256072071E-14
5.569875E-05 1.39025E-05 4.9134913 -1.31165228113872E-09 5.27127003698169E-10 0.1630163 1.99829458464422E-18 5.26850891113276E-14
5.57538226299694E-05 1.39683995922528E-05 5.0775077 5.50726299694233E-08 6.58995922528032E-08 0.1640164 7.37575083083474E-15 3.7997491796138E-14
5.56925039246468E-05 1.36438383045526E-05 5.2415241 -6.13187053226412E-08 -3.24561287700213E-07 0.1640164 1.09100013096065E-13 2.32929609777643E-13
5.57190884476534E-05 1.36480144404332E-05 5.4055405 2.65845230066475E-08 4.17613588062338E-09 0.1640164 7.24176974384399E-16 2.32700427693382E-13
5.56964968152866E-05 1.3903821656051E-05 5.5685568 -2.25916323668045E-08 2.55807215617741E-07 0.1630163 6.59477134150984E-14 5.1822361572939E-14
5.57012820512821E-05 1.39022435897436E-05 5.7325732 4.78523599542768E-09 -1.57806630736523E-09 0.1640164 2.53887768023781E-17 5.31267123752168E-14
5.56904458598726E-05 1.39111464968153E-05 5.8965896 -1.08361914094388E-08 8.90290707169683E-09 0.1640164 1.96684798589265E-16 4.79587112346901E-14
14
5.88631492168178E-05 5.90148392415499E-06 0 0 0 0 0 0
5.88463268365817E-05 5.89992503748126E-06 0.1640164 -1.68223802360998E-08 -1.55888667372839E-09 0.1640164 2.8542260446945E-16 2.8542260446945E-16
5.88318995182381E-05 5.90209910529938E-06 0.3270327 -1.44273183435786E-08 2.17406781812102E-09 0.1630163 2.12874085464748E-16 9.76922109161171E-16
5.8829489291598E-05 5.89023887973641E-06 0.4910491 -2.4102266401087E-09 -1.18602255629723E-08 0.1640164 1.46474142861271E-16 1.25944158977749E-15
5.88388205499276E-05 5.90231548480463E-06 0.6550655 9.33125832961679E-09 1.20766050682226E-08 0.1640164 2.32916771987863E-16 5.92575525766905E-16
5.88250209555742E-05 5.89459346186086E-06 0.8190819 -1.37995943534577E-08 -7.722022943776E-09 0.1640164 2.50058442664184E-16 1.50124277608921E-15
5.88372257607926E-05 5.91418966737438E-06 0.9830983 1.22048052184596E-08 1.95962055135261E-08 0.1640164 5.3296854094889E-16 8.33461483045995E-16
5.88380073800738E-05 5.89428044280443E-06 1.1461146 7.81619281156054E-10 -1.9909224569953E-08 0.1630163 3.96988151677496E-16 6.84002098430436E-16
5.88225E-05 5.891875E-06 1.310131 -1.55073800737995E-08 -2.40544280442823E-09 0.1640164 2.46264991838649E-16 1.74469025131779E-15
5.88206388206388E-05 5.89025389025389E-06 1.4741474 -1.86117936117824E-09 -1.62110974610918E-09 0.1640164 6.09198542340604E-18 1.93324744471449E-15
5.881461352657E-05 5.9524959742351E-06 1.6381638 -6.02529406877039E-09 6.22420839812143E-08 0.1640164 3.9103811869397E-15 4.95794248120292E-15
5.88405572755418E-05 5.90518575851393E-06 1.8011801 2.59437489717484E-08 -4.73102157211729E-08 0.1630163 2.91133462229301E-15 5.24099388239836E-16
5.88470119521912E-05 5.90776892430279E-06 1.9651965 6.45467664944022E-09 2.58316578885687E-09 0.1640164 4.83355961415493E-17 2.99912536485865E-16
5.88349514563107E-05 5.91355489171023E-06 2.1292129 -1.20604958805615E-08 5.78596740744253E-09 0.1640164 1.78932979725027E-16 9.40821955337388E-16
44
6.01511941448382E-05 5.43270416024653E-05 0 0 0 0 0 0
6.01487240829346E-05 5.4341706539075E-05 0.1630163 -2.47006190360821E-09 1.46649366096341E-08 0.1630163 2.21161571572243E-16 2.21161571572243E-16
6.01267172812726E-05 5.43593637020969E-05 0.3270327 -2.2006801662009E-08 1.765716302193E-08 0.1640164 7.96074725374013E-16 1.64383497460259E-15
6.00271682340648E-05 5.4344696969697E-05 0.4910491 -9.95490472078089E-08 -1.46667323999239E-08 0.1640164 1.01251258392735E-14 1.56941385352619E-14
6.00921521997622E-05 5.43207491082045E-05 0.6550655 6.49839656974009E-08 -2.39478614924522E-08 0.1640164 4.79641586782266E-15 3.52554676238272E-15
6.01269914215686E-05 5.43393075980392E-05 0.8190819 3.48392218064362E-08 1.8558489834696E-08 0.1640164 1.55818892102257E-15 7.36226461082843E-16
6.01466113416321E-05 5.43143153526971E-05 0.9820982 1.96199200634624E-08 -2.49922453421192E-08 0.1630163 1.00955359053733E-15 1.82959518389591E-16
6.01727748691099E-05 5.42825043630017E-05 1.1461146 2.61635274778627E-08 -3.18109896953516E-08 0.1640164 1.69646923548264E-15 2.44929335912957E-15
6.01758193091231E-05 5.42818866253321E-05 1.310131 3.04444001316995E-09 -6.17737669593055E-10 0.1640164 9.65021482222448E-18 2.64537067595661E-15
6.02091656874266E-05 5.43025851938895E-05 1.4741474 3.33463783034347E-08 2.06985685573926E-08 0.1640164 1.54041168628086E-15 3.95881567049764E-15
6.025E-05 5.43463892288862E-05 1.6381638 4.08343125734447E-08 4.38040349966258E-08 0.1640164 3.5862345653314E-15 1.0136927662372E-14
6.025E-05 5.43465250965251E-05 1.8011801 0 1.35867638931586E-10 0.1630163 1.84600153088438E-20 1.01422035550288E-14
6.025E-05 5.43504801097394E-05 1.9651965 0 3.95501321427361E-09 0.1640164 1.56421295250788E-17 1.03119606374871E-14
6.01683486238532E-05 5.42704128440367E-05 2.4572457 -8.16513761467874E-08 -8.00672657026738E-08 0.4920492 1.30777142637667E-14 3.50109243144414E-15
6.01739443378119E-05 5.42723128598848E-05 2.620262 5.59571395869085E-09 1.90001584813615E-09 0.1630163 3.49220749306562E-17 3.51280654478204E-15
6.01766032064128E-05 5.42798096192385E-05 2.7842784 2.65886860092479E-09 7.4967593536428E-09 0.1640164 6.32709830434146E-17 2.87648064964405E-15
6.012424969988E-05 5.41341536614646E-05 2.9482948 -5.23535065328744E-08 -1.4565595777389E-07 0.1640164 2.3956547681317E-14 3.79317608976141E-14
6.01654375614553E-05 5.41433136676499E-05 3.1123112 4.11878615753096E-08 9.16000618536117E-09 0.1640164 1.78034565446272E-15 3.39588289484513E-14
6.01631652661064E-05 5.42619047619048E-05 3.2763276 -2.27229534882412E-09 1.18591094254811E-07 0.1640164 1.40690109627056E-14 4.38611574263159E-15
6.02153141361257E-05 5.42432373472949E-05 3.4393439 5.21488700192165E-08 -1.86674146098227E-08 0.1630163 3.06797701249616E-15 1.11345264673657E-14
6.01645599250936E-05 5.42682584269663E-05 3.6033603 -5.07542110320216E-08 2.50210796713546E-08 0.1640164 3.20204436540326E-15 3.63410580358682E-15
6.01505887681159E-05 5.42610960144928E-05 3.7673767 -1.39711569776892E-08 -7.16241247354077E-09 0.1640164 2.46493379736367E-16 4.34918705402493E-15
6.01432291666667E-05 5.39049479166667E-05 3.9313931 -7.35960144928072E-09 -3.56148097826086E-07 0.1640164 1.26895631318632E-13 1.78226520468375E-13
6.02559732958538E-05 5.38773717498243E-05 4.0944094 1.12744129187163E-07 -2.75761668423513E-08 0.1630163 1.3471683643889E-14 2.13181646861745E-13
6.02753122945431E-05 5.38675213675214E-05 4.2584258 1.93389986892356E-08 -9.85038230294322E-09 0.1640164 4.71026901816394E-16 2.26564161409106E-13
6.02547953964194E-05 5.38447890025575E-05 4.4224422 -2.05168981236241E-08 -2.27323649638222E-08 0.1640164 9.37703525463584E-16 2.43300789447011E-13
6.02982569399613E-05 5.38027759845061E-05 4.5864586 4.34615435418237E-08 -4.20130180514135E-08 0.1640164 3.65399945282624E-15 2.9648190388354E-13
6.03057184750733E-05 5.37717497556207E-05 4.750475 7.46153511204994E-09 -3.10262288854091E-08 0.1640164 1.01830138507815E-15 3.32226803806697E-13
6.03249555160142E-05 5.38369661921708E-05 4.9134913 1.92370409409222E-08 6.52164365500951E-08 0.1630163 4.6232473404553E-15 2.70366921888302E-13
6.02880371660859E-05 5.39271196283391E-05 5.0775077 -3.69183499282855E-08 9.01534361683218E-08 0.1640164 9.49060661438302E-15 1.78663597853194E-13
6.03318739054291E-05 5.3856173380035E-05 5.4055405 4.38367393431207E-08 -7.09462483041179E-08 0.3280328 6.95502986466626E-15 2.54362058781844E-13
6.02199129057799E-05 5.38058194774347E-05 5.5695569 -1.11960999649185E-07 -5.03539026003423E-08 0.1640164 1.50707809495295E-14 2.76394771726822E-13
6.02534370477569E-05 5.38570911722142E-05 5.7325732 3.352414197699E-08 5.12716947795013E-08 0.163016300000001 3.75265478085573E-15 2.31307018090472E-13
6.03268613607189E-05 5.37999037227214E-05 5.8965896 7.34243129619969E-08 -5.71874494927442E-08 0.1640164 8.66153411342644E-15 3.08733314996145E-13
6.03640743289745E-05 5.38406744666208E-05 6.060606 3.72129682556661E-08 4.07707438993441E-08 0.1640164 3.04705856450312E-15 2.81870963627542E-13
6.04655172413793E-05 5.38511663286004E-05 6.2246224 1.01442912404771E-07 1.04918619796237E-08 0.1640164 1.04007436449615E-14 3.25256285295197E-13
6.04055374592834E-05 5.37990228013029E-05 6.3886388 -5.99797820959225E-08 -5.21435272974742E-08 0.1640164 6.31652169929678E-15 3.4349437598393E-13
6.0430274566474E-05 5.41986994219653E-05 6.5516551 2.47371071906031E-08 3.99676620662383E-07 0.1630163 1.60353325576262E-13 9.43575970359002E-14
6.04311594202898E-05 5.41985507246377E-05 6.7156715 8.84853815861675E-10 -1.48697327631453E-10 0.1640164 8.05077170689702E-19 9.48904611436298E-14
6.05048521256932E-05 5.41464879852126E-05 6.8796879 7.36927054033103E-08 -5.20627394251179E-08 0.1640164 8.1411436661068E-15 1.57673576125456E-13
6.05939838802533E-05 5.39188255613126E-05 7.0437043 8.91317545601495E-08 -2.27662423899957E-07 0.1640164 5.97746489269746E-14 3.62703086043371E-13
6.05575E-05 5.415025E-05 7.2067206 -3.64838802533143E-08 2.31424438687391E-07 0.1630163 5.48883443401121E-14 1.96339718641007E-13
6.05160590277778E-05 5.41356336805556E-05 7.370737 -4.14409722222189E-08 -1.46163194444426E-08 0.1640164 1.93099097282471E-15 1.69763375372319E-13
6.04916142557652E-05 5.41362683438155E-05 7.5347534 -2.44447720125791E-08 6.34663259958756E-10 0.1640164 5.97949676200512E-16 1.52280288139409E-13
39
6.64794238683127E-05 2.81999314128944E-05 0 0 0 0 0 0
6.62918181818182E-05 2.74075757575758E-05 0.1640164 -1.87605686494564E-07 -7.92355655318619E-07 0.1640164 6.63023378120496E-13 6.63023378120496E-13
6.63014705882353E-05 2.74011156186613E-05 0.3280328 9.65240641710352E-09 -6.46013891449826E-09 0.1640164 1.34902344435556E-16 6.69774043006614E-13
6.625E-05 2.73610615521856E-05 0.4920492 -5.14705882352899E-08 -4.00540664757081E-08 0.1640164 4.25354969452721E-15 7.56337954557231E-13
6.62171532846715E-05 2.73333333333333E-05 0.6550655 -3.28467153284606E-08 -2.77282188522179E-08 0.1630163 1.84776082858542E-15 8.1977809054239E-13
6.62290467050544E-05 2.76126039667306E-05 0.8190819 1.18934203828474E-08 2.79270633397314E-07 0.1640164 7.81335401265399E-14 4.07642252898515E-13
6.60826121164437E-05 2.72977970102282E-05 1.1471147 -1.46434588610646E-07 -3.1480695650248E-07 0.3280328 1.20546508603923E-13 9.71306046895271E-13
6.60622065727699E-05 2.72562038900067E-05 1.3111311 -2.04055436737889E-08 -4.15931202214601E-08 0.1640164 2.14637386237974E-15 1.06469190915574E-12
6.59429198682766E-05 2.71133369923161E-05 1.4741474 -1.19286704493334E-07 -1.4286689769057E-07 0.1630163 3.46402683246078E-14 1.46852397688653E-12
6.60198714897668E-05 2.70650880533079E-05 1.6381638 7.69516214901529E-08 -4.82489390081859E-08 0.1640164 8.24951216537941E-15 1.49905783942467E-12
6.60653660498793E-05 2.70048270313757E-05 1.8021802 4.54945601125587E-08 -6.0261021932245E-08 0.1640164 5.70114576415373E-15 1.59971835973097E-12
6.60178316690442E-05 2.70755171184023E-05 1.9661966 -4.75343808351027E-08 7.0690087026577E-08 0.1640164 7.25660576520161E-15 1.47737486408371E-12
6.59353228053878E-05 2.72342080817464E-05 2.130213 -8.25088636564004E-08 1.58690963344117E-07 0.1640164 3.19905344289545E-14 1.22866751899958E-12
6.60234848484848E-05 2.70339225589226E-05 2.2932293 8.81620430970287E-08 -2.0028552282384E-07 0.1630163 4.78868364958614E-14 1.56745703734229E-12
6.60390808453539E-05 2.69942133512244E-05 2.4572457 1.55959968690524E-08 -3.9709207698138E-08 0.1640164 1.82005629435336E-15 1.64765802210569E-12
6.6018443346276E-05 2.69622308506883E-05 2.6212621 -2.06374990778784E-08 -3.19825005361025E-08 0.1640164 1.44878670873123E-15 1.74440572338244E-12
6.58595374220374E-05 2.68013253638254E-05 2.7852785 -1.5890592423861E-07 -1.60905486862955E-07 0.1640164 5.11416684607314E-14 2.34035808676829E-12
6.57557157057654E-05 2.68451789264414E-05 2.9482948 -1.03821716272009E-07 4.38535626159897E-08 0.1630163 1.270208372378E-14 2.35910780408829E-12
6.58582914572864E-05 2.68202261306533E-05 3.1123112 1.02575751521016E-07 -2.49527957880851E-08 0.1640164 1.11444268177431E-14 2.28939213787139E-12
6.59395933014354E-05 2.68348285486443E-05 3.2763276 8.13018441489817E-08 1.46024179910711E-08 0.1640164 6.82322047321126E-15 2.15492287091877E-12
6.60162277448071E-05 2.69036535608309E-05 3.440344 7.66344433717165E-08 6.88250121865224E-08 0.1640164 1.06097202133678E-14 1.89488691858104E-12
6.59948024948025E-05 2.67948024948025E-05 3.6043604 -2.14252500046257E-08 -1.08851066028365E-07 0.1640164 1.23075959132721E-14 2.20924515212102E-12
6.59704724409449E-05 2.68208661417323E-05 3.7673767 -2.43300538576108E-08 2.60636469297886E-08 0.1630163 1.27126521199492E-15 2.16085257754515E-12
6.59551656920078E-05 2.68276803118908E-05 3.9313931 -1.53067489370926E-08 6.81417015855246E-09 0.1640164 2.80729477972892E-16 2.15791971962802E-12
6.60333333333333E-05 2.6925E-05 4.0954095 7.81676413255354E-08 9.73196881091631E-08 0.1640164 1.55813018440623E-14 1.82444687298307E-12
6.58591778591779E-05 2.68135938135938E-05 4.2594259 -1.74155474155469E-07 -1.11406186406189E-07 0.1640164 4.27414675478869E-14 2.30663705108221E-12
6.58198757763975E-05 2.69693581780538E-05 4.4234423 -3.93020827803525E-08 1.55764364460019E-07 0.1640164 2.58071909465073E-14 1.94931417185496E-12
6.56506387508872E-05 2.68087295954578E-05 4.5864586 -1.69237025510355E-07 -1.60628582596061E-07 0.1630163 5.44427123504123E-14 2.62232726770508E-12
6.57098930481283E-05 2.67862448009507E-05 4.750475 5.9254297241182E-08 -2.24847945070863E-08 0.1640164 4.01663772557225E-15 2.59068752000253E-12
6.56475649350649E-05 2.68313311688312E-05 4.9144914 -6.23281130634013E-08 4.50863678804865E-08 0.1640164 5.91757424669869E-15 2.56505591287406E-12
6.56933756012243E-05 2.66588325317009E-05 5.0785078 4.58106661593831E-08 -1.72498637130253E-07 0.1640164 3.18543969457613E-14 2.99285763980846E-12
6.56168658698539E-05 2.66632359451085E-05 5.2425242 -7.65097313703933E-08 4.40341340753747E-09 0.1640164 5.87312904400742E-15 3.10543926141909E-12
6.5683452560241E-05 2.70409450301205E-05 5.4055405 6.65866903870409E-08 3.77709085012029E-07 0.1630163 1.47097940237324E-13 1.97681975872882E-12
6.56926782273603E-05 2.70708092485549E-05 5.5695569 9.22566711933825E-09 2.98642184344295E-08 0.1640164 9.7698447649616E-16 1.89388556556031E-12
6.57508647194466E-05 2.71297079169869E-05 5.7335733 5.81864920862785E-08 5.88986684320218E-08 0.1640164 6.85472100437179E-15 1.67617676458894E-12
6.5640231449966E-05 2.68274336283186E-05 5.8975897 -1.10633269480616E-07 -3.0227428866835E-07 0.1640164 1.03609465905928E-13 2.58799408367618E-12
6.5645343870141E-05 2.70200768902179E-05 6.060606 5.11242017499569E-09 1.92643261899271E-07 0.1630163 3.71375631952367E-14 2.08774613803049E-12
6.55649838882922E-05 2.68239795918367E-05 6.2246224 -8.0359981848801E-08 -1.96097298381119E-07 0.1640164 4.49118771151132E-14 2.72944389093189E-12
6.56288127990431E-05 2.68579545454545E-05 6.3886388 6.38289107508996E-08 3.39749536178111E-08 0.1640164 5.22842732097872E-15 2.52444110390774E-12
32
8.69372525732383E-05 4.64014251781473E-05 0 0 0 0 0 0
8.69694747612551E-05 4.63599931787176E-05 0.1640164 3.22221880167888E-08 -4.1431999429669E-08 0.1640164 2.75487997732938E-15 2.75487997732938E-15
8.69875301689461E-05 4.63089300080451E-05 0.3270327 1.805540769098E-08 -5.10631706725491E-08 0.1630163 2.93344514602138E-15 1.10831931223921E-14
8.69555520898316E-05 4.6197286338116E-05 0.4910491 -3.19780791145234E-08 -1.11643669929023E-07 0.1640164 1.34869065790754E-14 4.20075383168472E-14
8.70768449559919E-05 4.63644211238998E-05 0.6550655 1.21292866160303E-07 1.67134785783766E-07 0.1640164 4.26459960003665E-14 2.08553333535632E-14
8.71191109422492E-05 4.63974164133739E-05 0.8190819 4.22659862573624E-08 3.29952894740657E-08 0.1640164 2.87510272178494E-15 3.30885365743171E-14
8.71323751891074E-05 4.66263237518911E-05 0.9830983 1.32642468581707E-08 2.2890733851721E-07 0.1640164 5.25745098717472E-14 8.86522036955888E-14
8.71154153354633E-05 4.66365814696486E-05 1.4741474 -1.69598536441526E-08 1.02577177574901E-08 0.4910491 3.92857409223405E-16 8.70404512762565E-14
8.71195652173913E-05 4.66295986622074E-05 1.6381638 4.14988192804344E-09 -6.98280744120439E-09 0.1640164 6.59811197776409E-17 8.53010390461667E-14
8.71219723183391E-05 4.66280276816609E-05 1.9651965 2.40710094780638E-09 -1.57098054645388E-09 0.3270327 8.26211485026693E-18 8.54700788287424E-14
8.66612E-05 4.60928E-05 2.4572457 -4.6077231833911E-07 -5.35227681660906E-07 0.4920492 4.98779800563707E-13 1.71454523777941E-13
8.65407313540912E-05 4.58106444605358E-05 2.620262 -1.20468645908758E-07 -2.82155539464156E-07 0.1630163 9.41244430973989E-14 5.06250933535371E-13
8.6113196125908E-05 4.56230831315577E-05 2.7842784 -4.27535228183245E-07 -1.87561328978134E-07 0.1640164 2.17965623465744E-13 1.28488536987593E-12
8.61053274682307E-05 4.56324535679374E-05 2.9482948 -7.86865767729239E-09 9.37043637973289E-09 0.1640164 1.49720851589034E-16 1.28341671765065E-12
8.5972049689441E-05 4.56317934782609E-05 3.1123112 -1.33277778789704E-07 -6.60089676571829E-10 0.1640164 1.77634020374985E-14 1.52394956036072E-12
8.60599767080745E-05 4.56281055900621E-05 3.2763276 8.79270186335361E-08 -3.68788819875476E-09 0.1640164 7.74476112514873E-15 1.36763612891509E-12
8.59842304457527E-05 4.56404541631623E-05 3.4393439 -7.57462623218004E-08 1.2348573100212E-08 0.1630163 5.88998351333427E-15 1.48732806112439E-12
8.62990920608108E-05 4.5777027027027E-05 3.6033603 3.14861615058078E-07 1.365728638647E-07 0.1640164 1.17789983781187E-13 7.97121890744135E-13
8.62269700332963E-05 4.57688679245283E-05 3.7673767 -7.21220275144674E-08 -8.15910249872331E-09 0.1640164 5.26815780638226E-15 9.04629965652412E-13
8.6105539538715E-05 4.56658772652389E-05 3.9313931 -1.21430494581347E-07 -1.02990659289425E-07 0.1640164 2.53524409151409E-14 1.23277730397991E-12
8.61751242015614E-05 4.57377572746629E-05 4.0954095 6.95846628463954E-08 7.18800094240066E-08 0.1640164 1.00087610582418E-14 1.0212947410303E-12
8.6059984399376E-05 4.57684867394696E-05 4.2584258 -1.15139802185411E-07 3.07294648066971E-08 0.1630163 1.42014740546015E-14 1.17021051602753E-12
8.58949544380695E-05 4.57689841376983E-05 4.4224422 -1.65029961306459E-07 4.97398228695545E-10 0.1640164 2.72351355338093E-14 1.48636707222058E-12
8.61039252336449E-05 4.57302803738318E-05 4.5864586 2.0897079557534E-07 -3.87037638665007E-08 0.1640164 4.51667747408243E-14 1.14486980327361E-12
8.58763401109057E-05 4.57359519408503E-05 4.750475 -2.27585122739129E-07 5.6715670185028E-09 0.1640164 5.18271547646296E-14 1.56838988229115E-12
8.59756280464942E-05 4.57217847769029E-05 4.9144914 9.92879355884639E-08 -1.41671639473913E-08 0.1640164 1.00588026877312E-14 1.3866328054395E-12
8.64487951807229E-05 4.55523343373494E-05 5.0775077 4.73167134228703E-07 -1.69450439553486E-07 0.1630163 2.52600588379073E-13 9.59545880229807E-13
8.63828483920367E-05 4.56167687595712E-05 5.2415241 -6.59467886861478E-08 6.44344222218081E-08 0.1640164 8.50077370507366E-15 9.23049691346403E-13
8.63817204301075E-05 4.56148233486943E-05 5.5695569 -1.12796192922815E-09 -1.94541087689259E-09 0.3280328 5.0569215937201E-18 9.27358400150241E-13
8.6389684106614E-05 4.56599210266535E-05 5.7325732 7.96367650649188E-09 4.50976779591912E-08 0.163016300000001 2.09722070081097E-15 8.49659632323788E-13
8.65235313751669E-05 4.57656875834446E-05 5.8965896 1.3384726855287E-07 1.05766556791089E-07 0.1640164 2.91016558345067E-14 5.75327519052013E-13
8.64472727272727E-05 4.56384848484848E-05 6.060606 -7.625864789415E-08 -1.27202734959745E-07 0.1640164 2.19959171598831E-14 8.22158196077869E-13
