x y time dx dy dt dr^2 TotalDisplacementSquared
24
2.14023771367521E-05 3.09953258547009E-05 0 0 0 0 0 0
2.13821308724832E-05 3.07340604026846E-05 0.1640164 -2.02462642689163E-08 -2.61265452016293E-07 0.1640164 6.86695476341245E-14 6.86695476341245E-14
2.14274725274725E-05 3.08412087912088E-05 0.3270327 4.53416549893078E-08 1.0714838852423E-07 0.1630163 1.35366428405088E-14 2.43818478948256E-14
2.14324175824176E-05 3.08387362637363E-05 0.4910491 4.94505494505404E-09 -2.47252747253057E-09 0.1640164 3.05669605120218E-17 2.54227283742372E-14
2.14623072529983E-05 3.10902341519132E-05 0.6550655 2.98896705807046E-08 2.51497888176932E-07 0.1640164 6.41445801648795E-14 1.25992037130226E-14
2.13888E-05 3.07354E-05 0.8190819 -7.35072529982865E-08 -3.54834151913195E-07 0.1640164 1.31310591607311E-13 6.77457885843571E-14
2.13911788953009E-05 3.07236191261336E-05 0.9830983 2.3788953009074E-09 -1.17808738664458E-08 0.1640164 1.44448131909784E-16 7.39499469603458E-14
2.13930338004946E-05 3.0727328936521E-05 1.310131 1.85490519373488E-09 3.70981038746976E-09 0.3270327 1.72033663887232E-17 7.19096460863086E-14
2.1428522804629E-05 3.07111980939415E-05 1.4741474 3.54890041343587E-08 -1.61308425795674E-08 0.1640164 1.51967349677532E-15 8.14121803828782E-14
2.14258948545861E-05 3.08495525727069E-05 1.6381638 -2.62795004287142E-09 1.38354478765478E-07 0.1640164 1.91488679158951E-14 2.18029327953987E-14
2.14166666666667E-05 3.08460686600221E-05 1.8021802 -9.22818791946156E-09 -3.48391268478565E-09 0.1640164 9.72970998721067E-17 2.24819008285358E-14
2.13864705882353E-05 3.07307843137255E-05 1.9651965 -3.01960784313735E-08 -1.15284346296658E-07 0.1630163 1.42022836536814E-14 7.02352451873395E-14
2.13821370309951E-05 3.07259380097879E-05 2.1292129 -4.33355724018725E-09 -4.84630393756191E-09 0.1640164 4.22663802092074E-17 7.2979472867887E-14
2.13892769104355E-05 3.07321281840592E-05 2.2932293 7.13987944039118E-09 6.19017427123225E-09 0.1640164 8.92961359315465E-17 6.94446297607613E-14
2.14248231132075E-05 3.0841391509434E-05 2.4572457 3.55462027720499E-08 1.09263325374801E-07 0.1640164 1.32020068034714E-14 2.41996045117842E-14
2.14202819956616E-05 3.0845715835141E-05 2.6212621 -4.54111754594422E-09 4.32432570703511E-09 0.1640164 3.93215413866072E-17 2.27037419252692E-14
2.13801600673968E-05 3.07274641954507E-05 2.7842784 -4.01219282648064E-08 -1.18251639690282E-07 0.1630163 1.55932194171265E-14 7.22434666669784E-14
2.125E-05 3.06717877094972E-05 2.9482948 -1.30160067396798E-07 -5.56764859535086E-08 0.1640164 2.00415142328701E-14 1.27895723206597E-13
2.14364501679731E-05 3.08407054871221E-05 3.1123112 1.86450167973124E-07 1.68917777624856E-07 0.1640164 6.32968807349264E-14 2.50684295267877E-14
2.14296338672769E-05 3.08426773455378E-05 3.2763276 -6.81630069623651E-09 1.97185841569691E-09 0.1640164 5.03501807930691E-17 2.40444967086149E-14
2.1234756097561E-05 3.08683644189383E-05 3.440344 -1.94877769715912E-07 2.56870734005474E-08 0.1640164 3.86371708693333E-14 4.42160189504127E-14
2.13579472329472E-05 3.0880148005148E-05 3.6033603 1.23191135386257E-07 1.17835862096989E-08 0.1630163 1.53149087417165E-14 1.5239953379732E-14
2.14297782470961E-05 3.08426610348469E-05 3.7673767 7.18310141488594E-08 -3.74869703011207E-08 0.1640164 6.56496753601074E-15 2.40573680691271E-14
2.14207182320442E-05 3.08441988950276E-05 3.9313931 -9.0600150518938E-09 1.53786018073987E-09 0.1640164 8.44488866760475E-17 2.31757537165869E-14
25
2.39657258064516E-05 6.43505184331797E-05 0 0 0 0 0 0
2.3966726618705E-05 6.43468225419664E-05 0.3270327 1.00081225342308E-09 -3.69589121329739E-09 0.3270327 1.46612370271306E-17 1.46612370271306E-17
2.39663636363636E-05 6.43506060606061E-05 0.4910491 -3.62982341400198E-10 3.78351863962223E-09 0.1640164 1.44467694765372E-17 4.14505562515431E-19
2.39656862745098E-05 6.43500576701269E-05 0.6550655 -6.77361853831826E-10 -5.48390479181648E-10 0.1640164 7.59551198683566E-19 2.13865365301109E-19
2.39720376522702E-05 6.43560354374308E-05 0.8190819 6.35137776040651E-09 5.97776730391786E-09 0.1640164 7.60737013951758E-17 7.02767335439732E-17
2.39686073059361E-05 6.4351598173516E-05 0.9830983 -3.43034633413808E-09 -4.43726391480936E-09 0.1640164 3.14565870218039E-17 9.46887847266917E-18
2.3962703962704E-05 6.43511072261072E-05 1.310131 -5.90334323210939E-09 -4.90947408749776E-10 0.3270327 3.50904906742499E-17 9.47821674668713E-18
2.39653263403263E-05 6.43537296037296E-05 1.4741474 2.6223776223766E-09 2.62237762237305E-09 0.1640164 1.37537287886645E-17 1.04711894856252E-17
2.39081137309293E-05 6.43196948682386E-05 1.6381638 -5.72126093970731E-08 -3.40347354910477E-08 0.1640164 4.43164589396764E-15 4.26924340167524E-15
2.39668087697929E-05 6.43529232643118E-05 1.8021802 5.8695038863668E-08 3.32283960732553E-08 0.1640164 4.54923389280863E-15 6.95602237248001E-18
2.39658169177289E-05 6.43522595596755E-05 1.9651965 -9.91852064082366E-10 -6.63704636266971E-10 0.1630163 1.42427436122672E-18 3.03982273927125E-18
2.39604810996564E-05 6.43510882016037E-05 2.1292129 -5.33581807249561E-09 -1.17135807188617E-09 0.1640164 2.98430342353437E-17 2.78315854251151E-17
2.39662084765178E-05 6.4348224513173E-05 2.2932293 5.72737686139746E-09 -2.8636884306934E-09 0.1640164 4.10035571405582E-17 5.49503939018074E-18
2.39687137891078E-05 6.43493626882966E-05 2.7842784 2.50531259001008E-09 1.1381751236712E-09 0.4910491 7.57203378580696E-18 1.02637865882555E-17
2.39641255605381E-05 6.43517376681614E-05 2.9482948 -4.58822856964503E-09 2.37497986479696E-09 0.1640164 2.66923707654978E-17 4.0473209242649E-18
2.39585201793722E-05 6.43489349775785E-05 3.1123112 -5.60538116592113E-09 -2.80269058295346E-09 0.1640164 3.92753725190393E-17 5.4428393248726E-17
2.39606455266138E-05 6.43556058890147E-05 3.440344 2.12534724161983E-09 6.67091143624532E-09 0.3280328 4.90181602876896E-17 5.16914501033429E-17
2.39056539509537E-05 6.43188010899183E-05 3.6033603 -5.49915756601393E-08 -3.68047990964726E-08 0.1630163 4.37866663011654E-15 4.61461768653105E-15
2.39662084765178E-05 6.43505154639175E-05 3.7673767 6.05545255640756E-08 3.17143739992787E-08 0.1640164 4.67265208445641E-15 2.32979209266664E-19
2.39102384291725E-05 6.43173211781206E-05 3.9313931 -5.59700473452445E-08 -3.31942857969096E-08 0.1640164 4.23450680939582E-15 4.180906780773E-15
2.37921031426269E-05 6.4548549556809E-05 4.0954095 -1.18135286545595E-07 2.312283786884E-07 0.1640164 6.74225090380757E-14 6.93611553194641E-14
2.38332560296846E-05 6.45723562152134E-05 4.2584258 4.1152887057688E-08 2.38066584043395E-08 0.1630163 2.26031709756374E-15 6.67602432943025E-14
2.37899050905953E-05 6.45575927523727E-05 4.5864586 -4.33509390892617E-08 -1.47634628406195E-08 0.3280328 2.09726375496723E-15 7.37926977934613E-14
2.37875E-05 6.45398706896552E-05 4.750475 -2.40509059533878E-09 -1.77220627175672E-08 0.1640164 3.19855967737171E-16 6.76187151176697E-14
2.37581329561528E-05 6.43239038189533E-05 4.9144914 -2.93670438472446E-08 -2.15966870701848E-07 0.1640164 4.75041125050748E-14 4.38031291856232E-14
62
0.000119200370619946 5.84700471698113E-05 0 0 0 0 0 0
0.000119122035632599 5.8517846394607E-05 0.1640164 -7.83349873470769E-08 4.77992247956323E-08 0.1640164 8.42113613373008E-15 8.42113613373008E-15
0.000119153057300346 5.85201897192668E-05 0.3270327 3.10216677470976E-08 2.34332465980458E-09 0.1630163 9.67835040272563E-16 4.75282547746072E-15
0.000119133016702792 5.85237791661354E-05 0.4910491 -2.00405975538018E-08 3.58944686864504E-09 0.1640164 4.14509679136274E-16 7.42367758492956E-15
0.000119172414813062 5.841306791292E-05 0.6550655 3.9398110269687E-08 -1.10711253215385E-07 0.1640164 1.38091926813435E-14 4.02816285442587E-15
0.000119187215985031 5.84752071638599E-05 0.8190819 1.4801171968756E-08 6.21392509399072E-08 0.1640164 4.08036119902145E-15 1.99669958337466E-16
0.000119251776198934 5.84900088809947E-05 0.9830983 6.45602139035333E-08 1.48017171347448E-08 0.1640164 4.38711204940697E-15 3.041003464479E-15
0.000119184846574191 5.85647330811265E-05 1.1461146 -6.69296247434374E-08 7.4724200131854E-08 0.1630163 1.00632807536427E-14 9.20641779820134E-15
0.000119219034542564 5.85323384882208E-05 1.310131 3.41879683731179E-08 -3.23945929056819E-08 0.1640164 2.21822683100617E-15 4.22855035668238E-15
0.000119164496073298 5.85015706806283E-05 1.4741474 -5.45384692655375E-08 -3.0767807592575E-08 0.1640164 3.9211026138817E-15 2.28071483140139E-15
0.000119170416773204 5.84770519048837E-05 1.6381638 5.92069990536004E-09 -2.45187757446104E-08 0.1640164 6.36225051383824E-16 9.46299248094923E-16
0.000119244202898551 5.85037376048818E-05 1.8021802 7.37861253469418E-08 2.66856999981115E-08 0.1640164 6.15651887810382E-15 3.05631406291079E-15
0.000119122912229571 5.84043548929492E-05 1.9651965 -1.21290668980052E-07 -9.93827119325488E-08 0.1630163 2.45883498126965E-14 1.03152774788767E-14
0.000119138221153846 5.84951336772983E-05 2.1292129 1.53089242754874E-08 9.07787843490908E-08 0.1640164 8.47515085037134E-15 4.49188899440045E-15
0.000119141600265604 5.84750996015936E-05 2.2932293 3.37911175809324E-09 -2.0034075704686E-08 0.1640164 4.12782585614772E-16 3.47948161637925E-15
0.000119180932835821 5.85636940298507E-05 2.4572457 3.93325702166436E-08 8.85944282571174E-08 0.1640164 9.39602379805272E-15 9.14756184694025E-15
0.000119191087308003 5.84953853408785E-05 2.6212621 1.01544721823359E-08 -6.8308688972273E-08 0.1640164 4.76919029441257E-15 7.28202793656335E-16
0.000119189622509122 5.85185587987651E-05 2.7842784 -1.46479888171314E-09 2.31734578866138E-08 0.1630163 5.39154786186534E-16 2.46890003004456E-15
0.000119158218536846 5.8549618831082E-05 2.9482948 -3.14039722751858E-08 3.10600323169012E-08 0.1640164 1.95093508218759E-15 8.10844738702139E-15
0.000119191158348737 5.84107516943931E-05 3.1123112 3.29398118905715E-08 -1.38867136688887E-07 0.1640164 2.03691128595563E-14 3.60081934590473E-15
0.000119141172242551 5.84949359644537E-05 3.2763276 -4.99861061859406E-08 8.41842700606392E-08 0.1640164 9.58560213727476E-15 4.12389998496734E-15
0.000119176126487498 5.85179836876588E-05 3.440344 3.49542449473574E-08 2.3047723205039E-08 0.1640164 1.75299678477596E-15 2.8856877014839E-15
0.000119136641929499 5.85379715522573E-05 3.6033603 -3.94845579992449E-08 1.9987864598491E-08 0.1630163 1.95854505160334E-15 8.67506771675346E-15
0.000119169474567519 5.84374515879163E-05 3.7673767 3.28326380196415E-08 -1.00519964340926E-07 0.1640164 1.11822453504298E-14 2.01703801466694E-15
0.000119145180553604 5.85727132218631E-05 3.9313931 -2.42940139146697E-08 1.35261633946804E-07 0.1640164 1.88859087300454E-14 1.3586261666746E-14
0.000119066342949086 5.85328985174118E-05 4.0954095 -7.88376045177444E-08 -3.98147044513522E-08 0.1640164 7.80057857664479E-15 2.19137084512927E-14
0.000119053693274125 5.84376692299361E-05 4.2584258 -1.26496749608833E-08 -9.52292874756964E-08 0.1630163 9.22863146974482E-15 2.25625747675581E-14
0.000119111816278461 5.85320596702434E-05 4.4224422 5.81230043357124E-08 9.43904403072935E-08 0.1640164 1.2287838854414E-14 1.16874216056706E-14
0.000119116112454655 5.85239721886336E-05 4.5864586 4.29617619424505E-09 -8.08748160977757E-09 0.1640164 8.38644886804883E-17 1.00073460731403E-14
0.000119137374239225 5.85222022109055E-05 4.750475 2.12617845695604E-08 -1.76997772813792E-09 0.1640164 4.55196304240501E-16 6.68869229549627E-15
0.000119111240944146 5.84933103528862E-05 4.9144914 -2.61332950791058E-08 -2.88918580192856E-08 0.1640164 1.51768857149817E-15 8.48527479503266E-15
0.000119132622677465 5.84621248213435E-05 5.0775077 2.13817333196289E-08 -3.11855315426968E-08 0.1630163 1.42971589735226E-15 4.65254731560342E-15
0.000119183636865342 5.85110720198675E-05 5.2415241 5.1014187876703E-08 4.89471985240542E-08 0.1640164 4.99827560807272E-15 1.96305686527991E-15
0.000119108375667578 5.85476748729973E-05 5.4055405 -7.52611977636803E-08 3.66028531297147E-08 0.1640164 7.00401674605927E-15 1.44891315630412E-14
0.000119153128320935 5.8485587141339E-05 5.5695569 4.47526533566958E-08 -6.20877316582593E-08 0.1640164 5.85768640493259E-15 2.47332553091675E-15
0.00011910994360145 5.85116825567343E-05 5.7335733 -4.31847194849269E-08 2.6095415395254E-08 0.1640164 2.54589070164268E-15 9.91055111826773E-15
0.000119213230950975 5.8542232722977E-05 5.8965896 1.03287349524351E-07 3.05501662427048E-08 0.1630163 1.16015892292223E-14 5.37614219999238E-15
0.00011925012433687 5.85360576923077E-05 6.060606 3.6893385895425E-08 -6.17503066926872E-09 0.1640164 1.39925292659515E-15 6.83282142799183E-15
0.000119235276532138 5.85583333333333E-05 6.2246224 -1.48478047325113E-08 2.22756410256366E-08 0.1640164 7.16661488477812E-16 9.01286937535058E-15
0.000119116373288628 5.86042539815591E-05 6.3886388 -1.18903243509408E-07 4.5920648225767E-08 0.1640164 1.62466872505322E-14 2.50670199880439E-14
0.000119202610062893 5.85975471698113E-05 6.5526552 8.62367742649752E-08 -6.70681174777599E-09 0.1640164 7.4817625594484E-15 1.62612651047123E-14
0.000119192508332126 5.86722214171859E-05 6.7156715 -1.01017307673033E-08 7.46742473745954E-08 0.163016300000001 5.67828818545735E-15 4.09362418712524E-14
0.000119231320096999 5.85641482267354E-05 6.8796879 3.88117648733015E-08 -1.0807319045054E-07 0.1640164 1.31861675867391E-14 9.81287904407805E-15
0.000119195603360858 5.84653411560191E-05 7.0437043 -3.5716736141481E-08 -9.88070707162549E-08 0.1640164 1.10385224641272E-14 4.48733250291023E-17
0.000119177788475781 5.85660272552214E-05 7.2077207 -1.78148850762341E-08 1.00686099202328E-07 0.1640164 1.04550607028604E-14 9.72213003041109E-15
0.000119160540964887 5.85648015986297E-05 7.3717371 -1.7247510894137E-08 -1.22565659169993E-09 0.1640164 2.98978866124152E-16 1.05648032028134E-14
0.000119234778080436 5.85520349302996E-05 7.5347534 7.42371155485983E-08 -1.27666683301157E-08 0.1630163 5.67413714522712E-15 7.90586620724196E-15
0.000119156460875808 5.8652727925341E-05 7.6987698 -7.83172046282203E-08 1.00692995041356E-07 0.1640164 1.62726637911772E-14 3.53003240711962E-14
0.000119215609116249 5.85772257747172E-05 7.8627862 5.91482404409618E-08 -7.55021506238265E-08 0.1640164 9.19908909608481E-15 1.17194651191231E-14
0.000119222729868646 5.84936821816105E-05 8.0268026 7.12075239790977E-09 -8.35435931066542E-08 0.1640164 7.03023706388253E-15 1.05854978519387E-15
0.000119151019313305 5.85476126609442E-05 8.1898189 -7.17105553417667E-08 5.39304793336939E-08 0.163016299999999 8.05090034858657E-15 8.4519568818954E-15
0.000119149249229119 5.85964271350047E-05 8.3538353 -1.77008418553726E-09 4.88144740604923E-08 0.164016400000001 2.38598607582637E-15 1.85852922023554E-14
0.000119134517766497 5.85542011755276E-05 8.5178517 -1.4731462621711E-08 -4.22259594770438E-08 0.1640164 2.00004764473181E-15 1.1418494985429E-14
0.000119120773919043 5.84328714351426E-05 8.6818681 -1.37438474542222E-08 -1.21329740385057E-07 0.1640164 1.49097992447504E-14 7.71767004277594E-15
0.000119214919125993 5.85192962542565E-05 8.8458845 9.41452069499462E-08 8.64248191139296E-08 0.164016400000001 1.63325693505237E-14 2.63713134689319E-15
0.000119184950670004 5.85498453835959E-05 9.0089008 -2.99684559887794E-08 3.05491293394127E-08 0.163016299999999 1.83135765774757E-15 6.60552977941857E-15
0.000119227508795443 5.86156810185961E-05 9.1729172 4.25581254387168E-08 6.58356350001412E-08 0.1640164 6.14552487672938E-15 2.19456984811691E-14
0.000119251973338011 5.85873530959481E-05 9.3369336 2.44645425677419E-08 -2.83279226479962E-08 0.164016400000001 1.40098504459971E-15 1.64235208184763E-14
0.000119154197493583 5.85660576777895E-05 9.50095 -9.77758444279004E-08 -2.12954181585587E-08 0.1640164 1.00136105881369E-14 1.13499752403761E-14
0.00011923181352459 5.86263234289617E-05 9.6649664 7.76160310071958E-08 6.02657511722242E-08 0.1640164 9.65620903366243E-15 2.54109254265072E-14
0.00011921822079314 5.86616827438371E-05 9.8279827 -1.35927314497621E-08 3.53593148753362E-08 0.163016300000001 1.43504349671852E-15 3.70428219152497E-14
0.000119246196660482 5.82156771799629E-05 9.9919991 2.7975867341965E-08 -4.46005563874188E-07 0.1640164 1.99703612160267E-13 6.68041177267223E-14
33
2.11101936218679E-05 3.10340736522399E-05 0 0 0 0 0 0
2.12582080696203E-05 3.09357199367089E-05 0.1630163 1.4801444775237E-07 -9.83537155310792E-08 0.1630163 3.15817301022076E-14 3.15817301022076E-14
2.11057692307692E-05 3.10360334110334E-05 0.4910491 -1.52438838851023E-07 1.00313474324551E-07 0.3280328 3.33003927213104E-14 2.34158911224244E-17
2.13654028436019E-05 3.08654028436019E-05 0.6550655 2.59633612832666E-07 -1.70630567431516E-07 0.1640164 9.65244034545436E-14 9.35815885446924E-14
2.14166666666667E-05 3.1111054072553E-05 0.8190819 5.12638230647724E-08 2.4565122895115E-07 0.1640164 6.29725058404267E-14 9.98517122998209E-14
2.13798533218292E-05 3.07223899913719E-05 1.310131 -3.68133448375048E-08 -3.88664081181172E-07 0.4910491 1.5241499035853E-13 1.69863058235328E-13
2.14189976689977E-05 3.08412004662005E-05 1.4741474 3.91443471685058E-08 1.18810474828592E-07 0.1640164 1.56482088442441E-14 1.32560005416753E-13
2.13690664556962E-05 3.10073180379747E-05 1.6381638 -4.99312133014662E-08 1.66117571774219E-07 0.1640164 3.00881737139193E-14 6.77310069890163E-14
2.14308390022676E-05 3.08486394557823E-05 1.8011801 6.17725465713725E-08 -1.58678582192373E-07 0.1630163 2.89947399564939E-14 1.3719930118755E-13
2.14274376417234E-05 3.08455215419501E-05 1.9651965 -3.40136054422047E-09 -3.11791383219884E-09 0.1640164 2.12906402167966E-17 1.36195666428806E-13
2.13803169307756E-05 3.07314428690575E-05 2.1292129 -4.71207109477092E-08 -1.14078672892564E-07 0.1640164 1.52343050091462E-14 1.64551992944866E-13
2.14270946681175E-05 3.08403155603917E-05 2.2932293 4.67777373418734E-08 1.08872691334181E-07 0.1640164 1.40414196291731E-14 1.37968471270774E-13
2.13845822566753E-05 3.07226528854436E-05 2.4572457 -4.25124114422388E-08 -1.17662674948146E-07 0.1640164 1.56518102025874E-14 1.72272016903498E-13
2.1415613147914E-05 3.08144753476612E-05 2.620262 3.10308912387534E-08 9.18224622176034E-08 0.1630163 9.39428077877454E-15 1.41504502264118E-13
2.14213325867861E-05 3.08429451287794E-05 2.7842784 5.71943887208093E-09 2.84697811182077E-08 0.1640164 8.43240417930129E-16 1.33337567970597E-13
2.13803867403315E-05 3.07676795580111E-05 2.9482948 -4.09458464546226E-08 -7.52655707683445E-08 0.1640164 7.34146848497021E-15 1.43970134705121E-13
2.13830275229358E-05 3.07343619683069E-05 3.1123112 2.64078260428846E-09 -3.33175897041293E-08 0.1640164 1.11703551645582E-15 1.64265431057893E-13
2.138893728223E-05 3.07280052264808E-05 3.4393439 5.90975929418391E-09 -6.35674182608525E-09 0.3270327 7.53334215586948E-17 1.71375909438708E-13
2.14152249134948E-05 3.08419838523645E-05 3.6033603 2.62876312648466E-08 1.13978625883639E-07 0.1640164 1.36821667158392E-14 1.29942580087788E-13
2.14136952998379E-05 3.07587115072934E-05 3.9313931 -1.52961365688498E-09 -8.32723450711192E-08 0.3280328 6.93662317158289E-15 1.67937579400215E-13
2.13478181818182E-05 3.06750909090909E-05 4.0944094 -6.58771180197455E-08 -8.36205982024474E-08 0.1630163 1.13321991223226E-14 1.85334041370376E-13
2.14149874055416E-05 3.08126574307305E-05 4.2584258 6.71692237233827E-08 1.3756652163957E-07 0.1640164 2.34362524916122E-14 1.41924393713645E-13
2.13822553897181E-05 3.10031094527363E-05 4.4224422 -3.27320158234876E-08 1.90452022005839E-07 0.1640164 3.73433575459818E-14 7.49763871766724E-14
2.14368421052632E-05 3.08394736842105E-05 4.750475 5.45867155450814E-08 -1.63635768525793E-07 0.3280328 2.97563742550267E-14 1.44568379261482E-13
2.13205064548163E-05 3.06477159880834E-05 4.9134913 -1.16335650446871E-07 -1.91757696127109E-07 0.1630163 5.03049975888731E-14 1.93503732355268E-13
2.14446308724832E-05 3.0841163310962E-05 5.0775077 1.24124417666934E-07 1.93447322878551E-07 0.1640164 5.2828737790034E-14 1.4906267437113E-13
2.14303468208092E-05 3.08442196531792E-05 5.4055405 -1.42840516739717E-08 3.05634221722428E-09 0.3280328 2.13375359973482E-16 1.38542611751748E-13
2.14329268292683E-05 3.08075880758808E-05 5.5695569 2.58000845904505E-09 -3.66315772984329E-08 0.1640164 1.34852889901981E-15 1.55452439457707E-13
2.14263005780347E-05 3.08442196531792E-05 5.7325732 -6.62625123361238E-09 3.66315772984329E-08 0.163016300000001 1.38577966078202E-15 1.35968148696397E-13
2.14303468208092E-05 3.08401734104046E-05 5.8965896 4.04624277456733E-09 -4.04624277456733E-09 0.1640164 3.27441611814767E-17 1.40095374576184E-13
2.14102393617021E-05 3.08161569148936E-05 6.060606 -2.01074591071198E-08 -2.4016495511006E-08 0.1640164 9.81101968374666E-16 1.37515150408346E-13
2.14063876651982E-05 3.0807268722467E-05 6.2246224 -3.85169650389017E-09 -8.88819242665661E-09 0.1640164 9.38355305713557E-17 1.3917138747371E-13
2.13599526066351E-05 3.06855450236967E-05 6.5516551 -4.64350585631657E-08 -1.21723698770278E-07 0.3270327 1.69728735060821E-14 1.83851755386181E-13
19
0.000119202653799759 5.85373190591074E-05 0 0 0 0 0 0
0.000119194876447209 5.86057542768274E-05 0.1640164 -7.77735254948197E-09 6.84352177200083E-08 0.1640164 4.74386623706387E-15 4.74386623706387E-15
0.000119197961264016 5.86943425076453E-05 0.3280328 3.08481680704631E-09 8.85882308178907E-08 0.1640164 7.85739073417691E-15 2.46783832824282E-14
0.00011916392479436 5.87171954563259E-05 0.4920492 -3.40364696567406E-08 2.28529486806295E-08 0.1640164 1.68073853009371E-15 3.38554541355272E-14
0.000119185369632581 5.85526043972259E-05 0.6550655 2.1444838221214E-08 -1.64591059099976E-07 0.1630163 2.75500978219859E-14 5.32383996434213E-16
0.000119056167726668 5.8776253512794E-05 0.8190819 -1.29201905913135E-07 2.23649115568051E-07 0.1640164 6.6712059385958E-14 7.85478427681658E-14
0.000119144168323393 5.85020874751491E-05 0.9830983 8.80005967253226E-08 -2.74166037644861E-07 0.1640164 8.2911121221896E-14 4.6618154539393E-15
0.00011913853968718 5.86133971641573E-05 1.1471147 -5.62863621273379E-09 1.11309689008181E-07 0.1640164 1.24215284127132E-14 9.8984974997168E-15
0.000119228571428571 5.85399835796387E-05 1.3111311 9.00317413911864E-08 -7.34135845185335E-08 0.1640164 1.34952688497893E-14 6.78823152933961E-16
0.000119172442899702 5.87271102284012E-05 1.4741474 -5.61285288693369E-08 1.87126648762444E-07 0.1630163 3.8166794430099E-14 3.69333864241541E-14
0.000119240797824116 5.85943789664551E-05 1.6381638 6.83549244139527E-08 -1.3273126194607E-07 0.1640164 2.22899835894334E-14 4.71079962070522E-15
0.000119276697247706 5.85167889908257E-05 1.8021802 3.58994235903793E-08 -7.75899756294365E-08 0.1640164 7.30897293229803E-15 5.90391588762994E-15
0.000119245352878948 5.8524557956778E-05 1.9661966 -3.13443687582549E-08 7.7689659523088E-09 0.1640164 1.0428262848216E-15 1.98605709628472E-15
0.000119157167284127 5.85440296380735E-05 2.130213 -8.81855948216383E-08 1.94716812955278E-08 0.1640164 8.15584550652077E-15 2.11405497442131E-15
0.000119168710972346 5.86129943502825E-05 2.2932293 1.15436882195894E-08 6.89647122089596E-08 0.1630163 4.88938826777571E-15 6.87886522720335E-15
0.000119128385698808 5.86715533586132E-05 2.4572457 -4.03252735378885E-08 5.85590083307324E-08 0.1640164 5.05528514258431E-15 2.35345979826243E-14
0.000119122756005057 5.85195322376738E-05 2.6212621 -5.62969375134514E-09 -1.52021120939388E-07 0.1640164 2.31421146634019E-14 6.70002861492959E-15
0.000119244791666667 5.856975E-05 2.7852785 1.22035661609786E-07 5.02177623261701E-08 0.1640164 1.74145263575859E-14 2.82736575473152E-15
0.000119256646341463 5.88810365853659E-05 2.9492949 1.18546747967372E-08 3.11286585365856E-07 0.1640164 9.70398715432709E-14 1.21056932416988E-13
13
0.000119125722721122 5.84683540410875E-05 0 0 0 0 0 0
0.000119147801724138 5.85926293103448E-05 0.1640164 2.20790030160316E-08 1.2427526925736E-07 0.1640164 1.59318249231713E-14 1.59318249231713E-14
0.000119185661764706 5.86562028657617E-05 0.3280328 3.78600405679492E-08 6.35735554168662E-08 0.1640164 5.47497962014811E-15 3.88798698772506E-14
0.000119273158586997 5.8598365276212E-05 0.4920492 8.74968222914845E-08 -5.78375895497416E-08 0.1640164 1.1000880676032E-14 3.86402558050423E-14
0.000119241712249296 5.85453339963534E-05 0.6560656 -3.14463377018228E-08 -5.30312798585584E-08 0.1640164 3.80118879829382E-15 1.93794841586882E-14
0.000119124587155963 5.86349541284404E-05 0.8190819 -1.17125093332248E-07 8.96201320869778E-08 0.1630163 2.17500555633752E-14 2.77568786142248E-14
0.000119177825103155 5.8524590709437E-05 0.9830983 5.3237947191235E-08 -1.10363419003392E-07 0.1640164 1.50143632752549E-14 5.87722108052713E-15
0.00011907727477986 5.87518062768119E-05 1.1471147 -1.00550323294513E-07 2.27215567374941E-07 0.1640164 6.17372815721474E-14 8.26923729497063E-14
0.000118882162661738 5.9379235982748E-05 1.6381638 -1.95112118122495E-07 6.2742970593608E-07 0.4910491 4.31736774529283E-13 8.89027414170587E-13
0.00011889168190128 5.93750761730652E-05 2.130213 9.51923954218614E-09 -4.15980968279683E-09 0.4920492 1.07919938058611E-16 8.76920129970659E-13
0.000118910337552743 5.93653305203938E-05 2.2932293 1.86556514629075E-08 -9.74565267139127E-09 0.1630163 4.43011077496878E-16 8.50957575186581E-13
0.000118929913739988 5.93314849044978E-05 2.6212621 1.95761872450646E-08 -3.38456158959701E-08 0.3280328 1.52875282243138E-15 7.83336044464363E-13
0.000118895132743363 5.93790560471976E-05 2.7852785 -3.47809966248462E-08 4.75711426998018E-08 0.1640164 3.47273134398247E-15 8.82549881776029E-13
13
0.000119128326000419 5.8823538654934E-05 0 0 0 0 0 0
0.000119065350877193 5.88173976608187E-05 0.1640164 -6.29751232260389E-08 -6.14099411529168E-09 0.1640164 4.00357795405884E-15 4.00357795405884E-15
0.000119189609404626 5.87130261660978E-05 0.6560656 1.24258527433483E-07 -1.04371494720873E-07 0.4920492 2.63335905502068E-14 1.59686658200163E-14
0.000119189259688639 5.85748178204704E-05 0.8190819 -3.4971598783784E-10 -1.38208345627483E-07 0.1630163 1.91016691023579E-14 6.55749678563371E-14
0.000119196509671993 5.86541631623213E-05 0.9830983 7.24998335464022E-09 7.93453418509173E-08 0.1640164 6.3482455320815E-15 3.33370705671496E-14
0.000119274778440948 5.85917887502261E-05 1.1471147 7.82687689544588E-08 -6.23744120951955E-08 0.1640164 1.00165674778677E-14 7.51563356689463E-14
0.000119214829675729 5.8580985915493E-05 1.3111311 -5.99487652189339E-08 -1.08028347331199E-08 0.1640164 3.71055568954596E-15 6.63147172524539E-14
0.000119199099312633 5.88011377103579E-05 1.4751475 -1.57303630954715E-08 2.20151794864947E-07 0.1640164 4.8714257105373E-14 5.51066403968418E-15
0.00011917776219249 5.86913034095814E-05 1.6381638 -2.13371201430306E-08 -1.09834300776548E-07 0.1630163 1.25188463230713E-14 1.9930097199982E-14
0.000119371951219512 5.8140243902439E-05 1.8021802 1.94189027021906E-07 -5.51059507142334E-07 0.1640164 3.41375958627667E-13 5.26244966165374E-13
0.000119255211726384 5.80100977198697E-05 1.9661966 -1.16739493127838E-07 -1.3014618256932E-07 0.1640164 3.05661380931112E-14 6.77786142292033E-13
0.00011924341563786 5.8177366255144E-05 2.130213 -1.1796088524278E-08 1.67268535274324E-07 0.1640164 2.81179105972905E-14 4.3078439489665E-13
0.00011875 5.76190476190476E-05 2.2932293 -4.93415637860082E-07 -5.58318636096409E-07 0.1630163 5.55178691097426E-13 1.59392921812371E-12
144
9.37077647823262E-06 4.15864197530864E-05 0 0 0 0 0 0
9.36852331606218E-06 4.15888924870466E-05 0.1640164 -2.25316217044202E-09 2.47273396021797E-09 0.1640164 1.11911530043262E-17 1.11911530043262E-17
9.36954022988506E-06 4.15845648604269E-05 0.3270327 1.01691382288038E-09 -4.32762661970543E-09 0.1630163 1.97624658827482E-17 4.96893675506936E-18
9.38466923346167E-06 4.15870668533427E-05 0.4910491 1.51290035766163E-08 2.50199291573949E-09 0.1640164 2.35146717771679E-16 1.93427386596067E-16
9.39088098918083E-06 4.1594513137558E-05 0.6550655 6.21175571916055E-09 7.44628421529114E-09 0.1640164 9.40330577294178E-17 4.69694232671121E-16
9.38348837209302E-06 4.15939534883721E-05 0.8190819 -7.39261708781136E-09 -5.59649185866817E-10 0.1640164 5.49639946182419E-17 2.18349412872818E-16
9.40661157024793E-06 4.15934710743802E-05 0.9830983 2.31231981549112E-08 -4.82413991925057E-10 0.1640164 5.34915016170891E-16 1.3338749517338E-15
9.37673038892551E-06 4.15804218852999E-05 1.1461146 -2.98811813224233E-08 -1.30491890802347E-08 0.1630163 1.06316633287526E-15 7.14234705230643E-17
9.3670424403183E-06 4.15823938992042E-05 1.310131 -9.68794860720834E-09 1.97201390430735E-09 0.1640164 9.77451870546915E-17 3.01505386261864E-17
9.38670668953688E-06 4.158756432247E-05 1.4741474 1.96642492185752E-08 5.17042326573858E-09 0.1640164 4.13415974077128E-16 2.55081671272115E-16
9.37002652519894E-06 4.15786637931034E-05 1.6381638 -1.6680164337938E-08 -8.90052936653518E-09 0.1640164 3.57447305345172E-16 6.07173448101977E-17
9.36659417865507E-06 4.15838909334225E-05 1.8021802 -3.43234654387103E-09 5.22714031910709E-09 0.1640164 3.91039987128584E-17 2.38865586487317E-17
9.36971484759095E-06 4.15837430350705E-05 1.9651965 3.12066893588536E-09 -1.4789835208262E-10 0.1630163 9.76044852994864E-18 8.29187895622365E-18
9.37381960273527E-06 4.15848257896451E-05 2.1292129 4.10475514431141E-09 1.08275457459683E-09 0.1640164 1.80213722635614E-17 1.1801326190971E-17
9.3683818663137E-06 4.15804930509596E-05 2.2932293 -5.43773642156609E-09 -4.33273868543438E-09 0.1640164 4.8341601906686E-17 4.08599643418787E-17
9.36774516344229E-06 4.15806370913943E-05 2.4572457 -6.36702871403827E-10 1.44040434634007E-10 0.1640164 4.26138193263432E-19 4.26280456039132E-17
9.36781045751634E-06 4.15841503267974E-05 2.6212621 6.52940740444308E-11 3.5132354031191E-09 0.1640164 1.23470863138347E-17 1.39475745707494E-17
9.36797844546048E-06 4.1588096015676E-05 2.7842784 1.67987944143633E-10 3.94568887864466E-09 0.1630163 1.55966806764378E-17 1.06388436632774E-17
9.36654569449027E-06 4.15841306499505E-05 2.9482948 -1.432750970217E-09 -3.96536572552009E-09 0.1640164 1.77769006797872E-17 2.31395242413784E-17
9.37030831099196E-06 4.1581350536193E-05 3.1123112 3.76261650169063E-09 -2.78011375748122E-09 0.1640164 2.1886315443331E-17 2.59161404774518E-17
9.37057667103539E-06 4.15853538663172E-05 3.2763276 2.68360043429894E-10 4.00333012414222E-09 0.1640164 1.60986691957743E-17 1.17603752092155E-18
9.36165912031048E-06 4.15824708926261E-05 3.440344 -8.91755072490774E-09 -2.88297369103674E-09 0.1640164 8.78342482345126E-17 9.87197144151968E-17
9.36457995458968E-06 4.15836847226727E-05 3.6033603 2.92083427920531E-09 1.21383004658782E-09 0.1630163 1.00046562685802E-17 4.58772966212872E-17
9.36115648480888E-06 4.15833877817707E-05 3.7673767 -3.42346978079888E-09 -2.96940902060783E-10 0.1640164 1.18083192393598E-17 1.01737123532244E-16
9.35416666666667E-06 4.1589859437751E-05 3.9313931 -6.98981814221966E-09 6.47165598034149E-09 0.1640164 9.0739888789193E-17 2.87717270848245E-16
9.32809538850284E-06 4.15851231838282E-05 4.0954095 -2.60712781638226E-08 -4.73625392282884E-09 0.1640164 7.02143646316924E-16 1.82335651236258E-15
9.27898435004791E-06 4.15526988182689E-05 4.2584258 -4.91110384549351E-08 -3.24243655592511E-08 0.1630163 3.46323358004207E-15 9.56289624164412E-15
9.3129727063466E-06 4.15908418283459E-05 4.4224422 3.39883562986874E-08 3.81430100770146E-08 0.1640164 2.61009758162176E-15 3.36083079385228E-15
9.30140421263791E-06 4.15532430625209E-05 4.5864586 -1.15684937086815E-08 -3.75987658250381E-08 0.1640164 1.54749723825385E-15 5.91320403062245E-15
9.35215588723051E-06 4.15893034825871E-05 4.750475 5.07516745926004E-08 3.60604200661641E-08 0.1640164 3.87608636930141E-15 3.55042305100546E-16
9.35373306904526E-06 4.15909316154609E-05 4.9144914 1.57718181474387E-09 1.62813287379038E-09 0.1640164 5.13831913147567E-18 3.10834698813656E-16
9.35665329321297E-06 4.15871782012705E-05 5.0775077 2.92022416771331E-09 -3.75341419037767E-09 0.1630163 2.26158272742254E-17 2.0003959874709E-16
9.35831946755408E-06 4.15896838602329E-05 5.2415241 1.66617434110528E-09 2.50565896246968E-09 0.1640164 9.05446377116224E-18 1.65831510509323E-16
9.35365442910071E-06 4.15938026271472E-05 5.4055405 -4.66503845336952E-09 4.11876691423885E-09 0.1640164 3.87268246652449E-17 3.47671395872733E-16
9.3303090190442E-06 4.15707869205893E-05 5.5695569 -2.33454100565105E-08 -2.30157065578922E-08 0.1640164 1.07473091906562E-15 1.88200070504978E-15
9.35927097203728E-06 4.15887982689747E-05 5.7335733 2.8961952993086E-08 1.80113483854072E-08 0.1640164 1.16320339183423E-15 1.38034010641723E-16
9.3620429386112E-06 4.15865481382087E-05 5.8965896 2.77196657392054E-09 -2.25013076604341E-09 0.1630163 1.27468871512279E-17 7.62911970584453E-17
9.36200536552649E-06 4.15856807511737E-05 6.060606 -3.75730847110844E-11 -8.67387034944045E-10 0.1640164 7.53772005083728E-19 7.74785419305569E-17
9.36054866100588E-06 4.15874428478119E-05 6.2246224 -1.45670452061353E-09 1.76209663817417E-09 0.1640164 5.2269726226406E-18 1.05654968040882E-16
9.37950647532377E-06 4.1590392019601E-05 6.3886388 1.89578143178863E-08 2.9491717890977E-09 0.1640164 3.68096337953066E-16 9.19917504741657E-17
9.38397502601457E-06 4.15928720083247E-05 6.5526552 4.46855069080243E-09 2.47998872367816E-09 0.1640164 2.61182893458417E-17 2.15833261211834E-16
9.36569499341238E-06 4.15872035573122E-05 6.7156715 -1.8280032602183E-08 -5.66845101241142E-09 0.163016300000001 3.66290928816982E-16 2.64358370427049E-17
9.36917650918635E-06 4.15827591863517E-05 6.8796879 3.48151577396649E-09 -4.44437096054173E-09 0.1640164 3.18733853192842E-17 1.59596497682727E-17
9.36436877076412E-06 4.1583803986711E-05 7.0437043 -4.80773842223137E-09 1.04480035925292E-09 0.1640164 2.42059565272948E-17 4.79009487328263E-17
9.36553156146179E-06 4.1581561461794E-05 7.2077207 1.16279069767344E-09 -2.24252491694443E-09 0.1640164 6.38100020971253E-18 5.1112146214703E-17
9.37024683122081E-06 4.15798865910607E-05 7.3717371 4.71526975902137E-09 -1.67487073331074E-09 0.1640164 2.50389608736423E-17 4.29627320113081E-17
9.37080039525692E-06 4.15841567852437E-05 7.5347534 5.53564036103182E-10 4.27019418303587E-09 0.1630163 1.85409915029002E-17 5.12159548103392E-18
9.38931297709924E-06 4.15841429562804E-05 7.6987698 1.85125818423195E-08 -1.38289633824229E-11 0.1640164 3.42715877708807E-16 3.48785593928218E-16
9.39379432624113E-06 4.15814716312057E-05 7.8627862 4.48134914189779E-09 -2.67132507468659E-09 0.1640164 2.72184677862374E-17 5.54305237089851E-16
9.39004432321855E-06 4.15918002045687E-05 8.0268026 -3.75000302258677E-09 1.03285733630258E-08 0.1640164 1.20741950384817E-16 4.00199108554989E-16
9.38806722689076E-06 4.15940336134454E-05 8.1898189 -1.97709632779208E-09 2.23340887667689E-09 0.163016299999999 8.89702509978806E-18 3.56940858724594E-16
9.36502153030805E-06 4.15822292149718E-05 8.3538353 -2.30456965827077E-08 -1.18043984735294E-08 0.164016400000001 6.7044795430409E-16 5.06800353041901E-17
9.38002095703807E-06 4.15879322389102E-05 8.5178517 1.49994267300233E-08 5.70302393838773E-09 0.1640164 2.57507284271161E-16 8.77480017517138E-17
9.36354807381029E-06 4.15860310780188E-05 8.6818681 -1.64728832277774E-08 -1.90116089145675E-09 0.1640164 2.74970294571195E-16 5.24008988008858E-17
9.38629146083274E-06 4.1583803810868E-05 8.8458845 2.27433870224498E-08 -2.22726715074373E-09 0.164016400000001 5.22222372213721E-16 2.47557838772113E-16
9.37550641458474E-06 4.15754557731263E-05 9.0089008 -1.07850462480048E-08 -8.34803774176862E-09 0.163016299999999 1.86006956709596E-16 1.42581154461735E-16
9.36903561827957E-06 4.15821572580645E-05 9.1729172 -6.47079630516956E-09 6.70148493825451E-09 0.1640164 8.6781105200648E-17 2.11994571878344E-17
9.36734017886717E-06 4.15810698906923E-05 9.3369336 -1.69543941239603E-09 -1.0873673722358E-09 0.164016400000001 4.05688260330878E-18 4.04291809651244E-17
9.38253968253968E-06 4.15888007054674E-05 9.50095 1.5199503672509E-08 7.73081477508697E-09 0.1640164 2.90790408977317E-16 1.44041909810094E-16
9.36909121171771E-06 4.15767310252996E-05 9.6649664 -1.34484708219738E-08 -1.20696801677695E-08 0.1640164 3.26538546801729E-16 9.67115693533024E-17
9.34744268077601E-06 4.15575837742504E-05 9.8279827 -2.16485309416949E-08 -1.91472510491622E-08 0.163016300000001 8.35276114673164E-16 1.37597977917485E-15
9.34920212765957E-06 4.15540780141844E-05 9.9919991 1.75944688355933E-09 -3.50576006604086E-09 0.1640164 1.53860069767135E-17 1.51144067785506E-15
9.34108176555716E-06 4.15602387843705E-05 10.1560155 -8.12036210241018E-09 6.16077018607797E-09 0.1640164 1.03895369959927E-16 1.56721908378296E-15
9.33348640705364E-06 4.15637398971345E-05 10.3200319 -7.59535850352577E-09 3.50111276398479E-09 0.164016400000001 6.99472613832185E-17 1.904925274535E-15
9.33978300180832E-06 4.15628390596745E-05 10.4840483 6.29659475468003E-09 -9.00837459958836E-10 0.1640164 4.04586136339292E-17 1.51664468265048E-15
9.33918286537077E-06 4.15632649388049E-05 10.6470646 -6.0013643754786E-10 4.25879130396822E-10 0.163016300000001 5.4153677738019E-19 1.53430179807602E-15
9.34139571768438E-06 4.15743457573354E-05 10.811081 2.21285231360824E-09 1.10808185305515E-08 0.1640164 1.27681254668856E-16 1.00901046378745E-15
9.34208995734781E-06 4.15755137650252E-05 10.9750974 6.94239663431517E-10 1.16800768975622E-09 0.1640164 1.84621067361118E-18 9.41857056065884E-16
9.36994856722998E-06 4.1593772961058E-05 11.1391138 2.7858609882168E-08 1.82591960328367E-08 0.1640164 1.10950038433239E-15 5.47551041022769E-17
9.35443864229765E-06 4.15713353226408E-05 11.3021301 -1.55099249323278E-08 -2.24376384172373E-08 0.163016300000001 7.44005389149129E-16 4.94464924906464E-16
9.37173290368779E-06 4.15971177944862E-05 11.4661465 1.72942613901412E-08 2.57824718454103E-08 0.1640164 9.63827331489903E-16 1.1536283944311E-16
9.35942847364819E-06 4.1584787816564E-05 11.6301629 -1.23044300396042E-08 -1.23299779222208E-08 0.164016400000001 3.03427354161967E-16 1.31440424861511E-16
9.3529466616934E-06 4.15728273032451E-05 11.7941793 -6.4818119547887E-09 -1.19605133189395E-08 0.1640164 1.85067765069772E-16 5.02657050512208E-16
9.37081209031318E-06 4.1596048798252E-05 11.9581957 1.78654286197855E-08 2.32214950069505E-08 0.1640164 8.58411370126475E-16 9.27197790212338E-17
9.35254716981132E-06 4.15693396226415E-05 12.121212 -1.82649205018635E-08 -2.67091756104989E-08 0.163016300000001 1.04698738273186E-15 6.24038541533983E-16
9.37303149606299E-06 4.15915354330709E-05 12.2852284 2.04843262516725E-08 2.21958104293591E-08 0.1640164 9.12261622601008E-16 3.12552871185964E-17
9.38208377331925E-06 4.15901091165083E-05 12.4492448 9.05227725626112E-09 -1.4263165625934E-09 0.1640164 8.39781024609506E-17 1.41466324634759E-16
9.4050866495507E-06 4.16053433889602E-05 12.6132612 2.30028762314518E-08 1.52342724519343E-08 0.164016400000001 7.61215372059255E-16 1.53529185056024E-15
9.37669329628343E-06 4.15964744703022E-05 12.7772776 -2.83933532672744E-08 -8.86891865801687E-09 0.1640164 8.84840227922763E-16 1.36106074135581E-16
9.37981938172977E-06 4.15933483848558E-05 12.9402939 3.12608544633619E-09 -3.12608544633974E-09 0.163016299999999 1.95448204356121E-17 1.29780041855138E-16
9.36782639885222E-06 4.15980093256815E-05 13.1043103 -1.1992982877544E-08 4.66094082564439E-09 0.164016400000001 1.65556007681223E-16 1.43021161287217E-16
9.37014260249554E-06 4.16022281639929E-05 13.2683267 2.3162036433213E-09 4.21883831137393E-09 0.1640164 2.31633960148513E-17 2.50307653837276E-16
9.35414364640884E-06 4.15720994475138E-05 13.4323431 -1.59989560867047E-08 -3.01287164790551E-08 0.1640164 1.16370615253959E-15 4.81722246170855E-16
9.36768927161823E-06 4.160127377108E-05 13.5963595 1.35456252093871E-08 2.91743235662025E-08 0.164016400000001 1.03462511785866E-15 2.30172695234115E-16
9.34583078802688E-06 4.15925473427001E-05 13.7593758 -2.18584835913482E-08 -8.72642837995841E-09 0.163016299999999 5.53943857183783E-16 6.59834814313968E-16
9.31416913946588E-06 4.15777077151335E-05 13.9233922 -3.16616485610037E-08 -1.48396275665306E-08 0.1640164 1.22267453591384E-15 3.28029040754552E-15
9.31416913946588E-06 4.15777077151335E-05 14.0874086 0 0 0.164016400000001 0 3.28029040754552E-15
9.32665568971826E-06 4.15699780461032E-05 14.251425 1.24865502523832E-08 -7.729669030347E-09 0.1640164 2.15661720523997E-16 2.21697370765157E-15
9.3399343122102E-06 4.15773763523957E-05 14.4154414 1.32786224919421E-08 7.39830629249383E-09 0.1640164 2.31056751281065E-16 1.03302230100777E-15
9.32044198895028E-06 4.15755064456722E-05 14.5784577 -1.94923232599233E-08 -1.86990672348486E-09 0.163016300000001 3.83447217223882E-16 2.65266109003165E-15
9.27757607192254E-06 4.15624135546335E-05 14.7424741 -4.28659170277328E-08 -1.30928910387169E-08 0.1640164 2.00891063838019E-15 9.26261330052521E-15
9.31334586466165E-06 4.15770676691729E-05 14.9064905 3.57697927391101E-08 1.46541145394607E-08 0.1640164 1.49422114553453E-15 3.38573684866233E-15
9.25202131569276E-06 4.15605475927968E-05 15.0705069 -6.13245489688943E-08 -1.65200763761675E-08 0.164016400000001 4.03361322971272E-15 1.47721573079218E-14
9.25E-06 4.15674010455564E-05 15.2335232 -2.02131569275998E-09 6.85345275962135E-09 0.163016299999999 5.10555318581592E-17 1.49486689303871E-14
9.3117033603708E-06 4.15722286597142E-05 15.3975396 6.17033603707995E-08 4.82761415779009E-09 0.164016400000001 3.83061053950524E-15 3.69102038501606E-15
9.31346599690881E-06 4.15704211746522E-05 15.561556 1.76263653801101E-09 -1.80748506193851E-09 0.1640164 6.37388981426228E-18 3.54044578148117E-15
9.33763308763309E-06 4.15692055692056E-05 15.7255724 2.41670907242764E-08 -1.21560544666721E-09 0.1640164 5.85525970677372E-16 1.39481246711673E-15
9.26940369143398E-06 4.1609914813062E-05 15.8895888 -6.82293961991061E-08 4.07092438564263E-08 0.1640164 6.31249304105657E-15 1.08284597465783E-14
9.25690764572294E-06 4.15896101438304E-05 16.0526051 -1.24960457110443E-08 -2.03046692315638E-08 0.163016300000002 5.68430751015724E-16 1.29762896102177E-14
9.34725609756098E-06 4.13583841463415E-05 16.2166215 9.03484518380395E-08 -2.3122599748897E-07 0.164016399999998 6.16283046642997E-14 5.25534462504779E-14
9.27701561840439E-06 4.15923385394681E-05 16.3806379 -7.02404791565865E-08 2.33954393126666E-07 0.164016400000001 5.96683829754135E-14 8.82613086796126E-15
9.33773546273546E-06 4.15727886977887E-05 16.5446543 6.07198443310733E-08 -1.95498416794351E-08 0.164016399999998 4.06909580528075E-15 1.27751437361288E-15
9.31961552818216E-06 4.15713885778275E-05 16.7086707 -1.81199345533045E-08 -1.40011996114708E-09 0.164016400000001 3.30292364121641E-16 2.84337903972859E-15
9.32568306010929E-06 4.15639344262295E-05 16.871687 6.0675319271315E-09 -7.45415159803997E-09 0.163016299999999 9.23793197333219E-17 2.53900628190745E-15
9.34051383399209E-06 4.15776679841897E-05 17.0357034 1.48307738828048E-08 1.37335579602151E-08 0.164016400000001 4.08562468209475E-16 9.92421095249692E-16
9.3175625233296E-06 4.15694288913774E-05 17.1997198 -2.29513106624939E-08 -8.23909281234592E-09 0.164016400000001 5.94645311496756E-16 3.1204143780362E-15
9.32214070729872E-06 4.15640519187359E-05 17.3637362 4.57818396911946E-09 -5.37697264148562E-09 0.164016399999998 4.98716032423873E-17 2.86575822786724E-15
9.33270227182144E-06 4.15805101634117E-05 17.5277526 1.05615645227228E-08 1.64582446758246E-08 0.164016400000001 3.82420462976946E-16 1.48456844396418E-15
9.29841897233202E-06 4.15923913043478E-05 17.6907689 -3.42832994894273E-08 1.18811409361115E-08 0.163016299999999 1.31650613382551E-15 5.27126808462351E-15
9.33343646864686E-06 4.15745668316832E-05 17.8547853 3.50174963148486E-08 -1.78244726646568E-08 0.164016400000001 1.54393687393353E-15 1.53476806165579E-15
9.26598946576373E-06 4.15880361173815E-05 18.0188017 -6.74470028831315E-08 1.34692856983207E-08 0.164016400000001 4.73051985514014E-15 1.09829306156889E-14
9.29453965723396E-06 4.15911717815863E-05 18.1828181 2.85501914702255E-08 3.13566420479816E-09 0.164016399999998 8.24945822991791E-16 5.83463465084545E-15
9.32007148231753E-06 4.1574021820918E-05 18.3468345 2.55318250835739E-08 -1.71499606683057E-08 0.164016400000001 9.45995243022643E-16 2.72470533280205E-15
9.30740181268882E-06 4.1600884764782E-05 18.5098508 -1.26696696287105E-08 2.68629438640602E-08 0.163016299999999 8.82138281544319E-16 4.22558479614282E-15
9.28506600660066E-06 4.1579001650165E-05 18.6738672 -2.23358060881615E-08 -2.1883114617026E-08 0.164016400000001 9.7775893894985E-16 7.40131319832531E-15
9.3004963314631E-06 4.15894475615019E-05 18.8378836 1.54303248624394E-08 1.04459113369231E-08 0.164016399999998 3.47211989019275E-16 4.94846665374633E-15
9.29959728698601E-06 4.16080966511234E-05 19.0019 -8.99044477089106E-10 1.86490896214124E-08 0.164016400000001 3.48596824679257E-16 5.53636517502504E-15
9.2546279491833E-06 4.15647912885662E-05 19.1649163 -4.49693378027067E-08 -4.33053625571134E-08 0.163016299999999 3.89759576861699E-15 1.39582712778202E-14
9.28061224489796E-06 4.15867346938776E-05 19.3289327 2.59842957146557E-08 2.19434053113119E-08 0.164016400000001 1.15669666044318E-15 8.12968816052889E-15
9.26734979040522E-06 4.16089892873777E-05 19.4929491 -1.32624544927431E-08 2.22545935001861E-08 0.164016400000001 6.71159631030607E-16 1.12064636330742E-14
9.17269603880356E-06 4.16469280517381E-05 19.6569655 -9.46537516016601E-08 3.79387643603337E-08 0.164016399999998 1.03986825334577E-14 4.28971146901285E-14
9.23255813953488E-06 4.16162790697674E-05 19.8209819 5.9862100731328E-08 -3.06489819706286E-08 0.164016400000001 4.52283119980358E-15 1.99958879450196E-14
9.14903846153846E-06 4.16105769230769E-05 19.9839982 -8.35196779964225E-08 -5.70214669052405E-09 0.163016299999999 7.00805108950635E-15 4.97513169094084E-14
9.1734693877551E-06 4.16173469387755E-05 20.1480146 2.443092621664E-08 6.77001569859215E-09 0.164016400000001 6.42703268362092E-16 3.9886578767351E-14
9.19401584653878E-06 4.15876772310259E-05 20.312031 2.05464587836808E-08 -2.96697077496546E-08 0.164016399999998 1.30244852649941E-15 3.12459021675723E-14
9.21511627906977E-06 4.15988372093023E-05 20.4760474 2.11004325309858E-08 1.11599782764671E-08 0.164016400000001 5.69773368125902E-16 2.43842908222923E-14
9.20108695652174E-06 4.15923913043478E-05 20.6400638 -1.40293225480299E-08 -6.44590495449648E-09 0.164016400000001 2.38371581839063E-16 2.88301932029351E-14
9.23255813953488E-06 4.16162790697674E-05 20.8030801 3.14711830131458E-08 2.38877654196159E-08 0.163016299999999 1.56106069698951E-15 1.99958879450196E-14
9.25E-06 4.1625E-05 20.9670965 1.74418604651159E-08 8.72093023255616E-09 0.164016400000001 3.80273120605684E-16 1.60753931461873E-14
9.26744186046512E-06 4.16162790697674E-05 21.1311129 1.74418604651159E-08 -8.72093023255616E-09 0.164016399999998 3.80273120605684E-16 1.15696220218138E-14
9.25E-06 4.16234491315136E-05 21.2951293 -1.74418604651159E-08 7.17006174620138E-09 0.164016400000001 3.55628281928912E-16 1.59581325609811E-14
9.32887323943662E-06 4.15728873239437E-05 21.4591457 7.88732394366196E-08 -5.05618075699843E-08 0.164016400000001 8.77748428397045E-15 1.93900806009828E-15
9.37518642803878E-06 4.1592375093214E-05 21.622162 4.63131886021575E-08 1.94877692703557E-08 0.163016299999999 2.52468458963363E-15 5.49137333282259E-17
9.33244301994302E-06 4.1565349002849E-05 21.7861784 -4.27434080957578E-08 -2.70260903650126E-08 0.164016400000001 2.55740849605832E-15 1.91343054000794E-15
9.34805924412666E-06 4.15950800136193E-05 21.9501948 1.56162241836402E-08 2.97310107703339E-08 0.164016399999998 1.12779945917942E-15 5.91072837923034E-16
9.28490678302261E-06 4.15822094406981E-05 22.1142112 -6.31524611040497E-08 -1.28705729212015E-08 0.164016400000001 4.15388499081848E-15 7.39133128586681E-15
9.30084745762712E-06 4.15911016949153E-05 22.2782276 1.59406746045097E-08 8.89225421711615E-09 0.164016399999998 3.33177291908679E-16 4.91198850213299E-15
9.19915254237288E-06 4.15911016949153E-05 22.4412439 -1.01694915254239E-07 0 0.163016300000002 1.03418557885668E-14 2.94766959392762E-14
9.21363636363636E-06 4.16522727272727E-05 22.6052603 1.44838212634824E-08 6.11710323574712E-08 0.164016399999998 3.9516762780713E-15 2.90296298245068E-14
9.26377410468319E-06 4.16952479338843E-05 22.7692767 5.01377410468322E-08 4.29752066115725E-08 0.164016400000001 4.36066146058655E-15 2.32930808809862E-14
9.28636363636364E-06 4.16522727272727E-05 22.9332931 2.25895316804419E-08 -4.29752066115725E-08 0.164016400000001 2.35715532484903E-15 1.14621420815801E-14
9.25E-06 4.1625E-05 23.0963094 -3.6363636363637E-08 -2.72727272727238E-08 0.163016299999999 2.0661157024792E-15 1.60753931461873E-14
9.21825396825397E-06 4.16329365079365E-05 23.2603258 -3.17460317460316E-08 7.93650793650613E-09 0.164016400000001 1.07079868984627E-15 2.54269245319708E-14
9.3286149825784E-06 4.19490418118467E-05 23.4243422 1.10361014324429E-07 3.16105303910184E-07 0.164016399999998 1.12102116642867E-13 1.3327234921534E-13
18
2.12134670487106E-05 3.11095988538682E-05 0 0 0 0 0 0
2.125E-05 3.11211401425178E-05 0.1640164 3.65329512893986E-08 1.15412886496173E-08 0.1640164 1.46785787360736E-15 1.46785787360736E-15
2.125E-05 3.11575809199319E-05 0.3270327 0 3.64407774140432E-08 0.1630163 1.32793025853984E-15 3.63693519365105E-15
2.125E-05 3.11177995391705E-05 0.4910491 0 -3.9781380761351E-08 0.1640164 1.58255825527958E-15 1.40190776934109E-15
2.125E-05 3.11291035353535E-05 0.6550655 0 1.1303996183031E-08 0.1640164 1.2778032970598E-16 1.71508912975816E-15
2.125E-05 3.11324969400245E-05 0.8190819 0 3.39340467094473E-09 0.1640164 1.15151952607895E-17 1.85897887953424E-15
2.125E-05 3.11373106060606E-05 1.1461146 0 4.81366603612443E-09 0.3270327 2.31713807073379E-17 2.1025977394871E-15
2.125E-05 3.1125E-05 1.310131 0 -1.23106060606055E-08 0.1640164 1.51551021579417E-16 1.57185183208676E-15
2.125E-05 3.11138790035587E-05 1.4741474 0 -1.11209964412815E-08 0.1640164 1.23676561846996E-16 1.35297621128685E-15
2.13691362620998E-05 3.11848473566642E-05 1.8021802 1.19136262099776E-07 7.09683531054672E-08 0.3280328 1.92299560896088E-14 2.98952411702424E-14
2.14225997842503E-05 3.08449298813376E-05 1.9651965 5.34635221504942E-08 -3.39917475326537E-07 0.1630163 1.18402238233103E-13 1.1378616609468E-13
2.12567624683009E-05 3.10745984784446E-05 2.2932293 -1.65837315949339E-07 2.29668597106983E-07 0.3280328 8.02496798583706E-14 3.09951963729311E-15
2.125E-05 3.1139549436796E-05 2.6212621 -6.76246830093064E-09 6.49509583513641E-08 0.3280328 4.26435796828173E-15 2.23169394762858E-15
2.12879506641366E-05 3.11819259962049E-05 3.1123112 3.79506641366234E-08 4.23765594089396E-08 0.4910491 3.23602569575018E-15 1.07790244855305E-14
2.1135342019544E-05 3.10778501628665E-05 3.2763276 -1.5260864459265E-07 -1.04075833338484E-07 0.1640164 3.41211774895058E-14 7.1114995626108E-15
2.12891389432485E-05 3.11484833659491E-05 3.4393439 1.53796923704558E-07 7.0633203082668E-08 0.1630163 2.86425431187031E-14 7.23824090273101E-15
2.125E-05 3.1125E-05 3.6033603 -3.91389432485312E-08 -2.34833659491187E-08 0.1640164 2.08332535491197E-15 1.57185183208676E-15
2.125E-05 3.11773072060683E-05 3.9313931 0 5.23072060682672E-08 0.3280328 2.73604380666817E-15 5.91907748756249E-15
15
9.3342E-06 4.16224E-05 0 0 0 0 0 0
9.25548876110821E-06 4.16112127548353E-05 0.1640164 -7.87112388917919E-08 -1.11872451646633E-08 0.1640164 6.32061358225501E-15 6.32061358225501E-15
9.26134521880065E-06 4.16264181523501E-05 0.3270327 5.85645769244181E-09 1.52053975147481E-08 0.1630163 2.6550221028487E-16 5.32396469191367E-15
9.26501416430595E-06 4.16327195467422E-05 0.4910491 3.66894550530006E-09 6.30139439212485E-09 0.1640164 5.3168732405964E-17 4.89317290564874E-15
9.34103486441616E-06 4.16263143331489E-05 0.6550655 7.60207001102096E-08 -6.40521359334656E-09 0.1640164 5.82017360642281E-15 6.20373755875728E-17
9.41872427983539E-06 4.16781305114638E-05 0.8190819 7.76894154192327E-08 5.18161783149793E-08 0.1640164 8.72056160335184E-15 1.02502437897132E-14
9.44303662691652E-06 4.16630110732538E-05 0.9830983 2.43123470811337E-08 -1.51194382100073E-08 0.1640164 8.19687632379739E-16 1.34946706293954E-14
9.34782608695652E-06 4.1945652173913E-05 1.1461146 -9.52105399600036E-08 2.82641100659212E-07 0.1630163 8.89510387013265E-14 1.04677638185258E-13
9.33333333333333E-06 4.19479166666667E-05 1.310131 -1.44927536231876E-08 2.26449275361773E-09 0.1640164 2.15167835013604E-16 1.05961851388888E-13
9.39990202482038E-06 4.19041476159373E-05 1.4741474 6.65686914870456E-08 -4.37690507293667E-08 0.1640164 6.34712048804733E-15 8.36984751518494E-14
9.30625E-06 4.16625E-05 1.6381638 -9.36520248203792E-08 -2.41647615937296E-07 0.1640164 6.71642720411359E-14 2.38921250000013E-15
9.29215871516297E-06 4.15873878129428E-05 1.8021802 -1.40912848370345E-08 -7.51121870571581E-08 0.1640164 5.84040495286794E-15 2.99332287327382E-15
9.25314070351759E-06 4.16187185929648E-05 1.9651965 -3.90180116453784E-08 3.13307800219818E-08 0.1630163 2.5040230095447E-15 6.58416230398215E-15
9.26681673728813E-06 4.16080508474576E-05 2.1292129 1.36760337705475E-08 -1.06677455071988E-08 0.1640164 3.00834693899517E-16 4.74640227238039E-15
9.35E-06 4.195E-05 2.2932293 8.31832627118647E-08 3.41949152542377E-07 0.1640164 1.23848678119841E-13 1.07571400000003E-13
47
9.5115990990991E-06 4.16551801801802E-05 0 0 0 0 0 0
9.49134396355353E-06 4.1598861047836E-05 0.1640164 -2.02551355455682E-08 -5.63191323441927E-08 0.1640164 3.58211518397204E-15 3.58211518397204E-15
9.43605527638191E-06 4.15543969849246E-05 0.3270327 -5.52886871716218E-08 -4.44640629113664E-08 0.1630163 5.03389181974741E-15 1.58641215966464E-14
9.36640708915145E-06 4.15206766917293E-05 0.4910491 -6.96481872304595E-08 -3.37202931953016E-08 0.1640164 5.98792815766624E-15 3.91719081580892E-14
9.4363863150392E-06 4.14091233071989E-05 0.6550655 6.9979225887753E-08 -1.1155338453046E-07 0.1640164 1.73412496560498E-14 6.62009476273863E-14
9.40233415233415E-06 4.13530405405405E-05 0.8190819 -3.40521627050503E-08 -5.60827666583208E-08 0.1640164 4.30482650094288E-15 1.03227190433119E-13
9.41847498493068E-06 4.13509644364075E-05 0.9820982 1.61408325965287E-08 -2.07610413306725E-09 0.1630163 2.64836685280501E-16 1.01219319398835E-13
9.43547297297297E-06 4.13663851351351E-05 1.1461146 1.69979880422915E-08 1.54206987276595E-08 0.1640164 5.26729546735123E-16 8.91977651215428E-14
9.4957015130674E-06 4.1372764786795E-05 1.310131 6.02285400944282E-08 6.37965165991261E-09 0.1640164 3.66817699720798E-15 8.00111876625166E-14
9.5E-06 4.1375E-05 1.4741474 4.29848693259949E-09 2.23521320495479E-09 0.1640164 2.34731679813328E-17 7.86354724657097E-14
9.45266272189349E-06 4.13631656804734E-05 1.6381638 -4.73372781065091E-08 -1.18343195266277E-08 0.1640164 2.38086901719131E-15 8.87459645971398E-14
9.42644348894349E-06 4.13481265356265E-05 1.8011801 -2.62192329500017E-08 -1.50391448468383E-08 0.1630163 9.1362405421064E-16 1.01533418574652E-13
9.41505662891406E-06 4.13457694870087E-05 1.9651965 -1.13868600294325E-08 -2.35704861787411E-09 0.1640164 1.35216259516909E-16 1.05055425598311E-13
9.45075937351685E-06 4.15417655434267E-05 2.1292129 3.57027446027924E-08 1.95996056418011E-07 0.1640164 3.96891401035843E-14 1.65643520388543E-14
9.48852040816327E-06 4.13606049562682E-05 2.2932293 3.7761034646417E-08 -1.81160587158452E-07 0.1640164 3.42450540771629E-14 8.73071885180947E-14
9.49460306406685E-06 4.13668175487465E-05 2.4572457 6.0826559035867E-09 6.21259247829897E-09 0.1640164 7.55950081428551E-17 8.34418724141644E-14
9.47434422457432E-06 4.15883571099862E-05 2.620262 -2.02588394925325E-08 2.21539561239673E-07 0.1630163 4.94901977718512E-14 5.85324838600798E-15
9.48878205128205E-06 4.1363782051282E-05 2.7842784 1.44378267077307E-08 -2.2457505870414E-07 0.1640164 5.06424078320104E-14 8.54334871964169E-14
9.52118270079435E-06 4.15671888790821E-05 2.9482948 3.24006495123008E-08 2.0340682780003E-07 0.1640164 4.24241396844902E-14 7.83431449038974E-15
9.50539693593315E-06 4.13722144846797E-05 3.1123112 -1.57857648612048E-08 -1.94974394402415E-07 0.1640164 3.82642048448417E-14 8.01080516580272E-14
9.5E-06 4.13724149432955E-05 3.2763276 -5.39693593314716E-09 2.00458615864818E-10 0.1640164 2.91671011231695E-17 8.0090718290343E-14
9.5E-06 4.1366724738676E-05 3.4393439 0 -5.69020461957592E-09 0.1630163 3.23784286126432E-17 8.33410808333087E-14
9.51731049562682E-06 4.13606049562682E-05 3.6033603 1.73104956268215E-08 -6.11978240773681E-09 0.1640164 3.37104995564252E-16 8.68071825930799E-14
9.5E-06 4.135E-05 3.7673767 -1.73104956268215E-08 -1.06049562682173E-08 0.1640164 4.12118356297009E-16 9.32694814747179E-14
9.49403430275913E-06 4.13573825503356E-05 3.9313931 -5.96569724086571E-09 7.38255033557067E-09 0.1640164 9.00915930269073E-17 8.89919504115315E-14
9.43194760820046E-06 4.16136104783599E-05 4.0954095 -6.2086694558678E-08 2.56227928024337E-07 0.1640164 6.95075087408676E-14 8.0724001118029E-15
9.25783619817998E-06 4.1935540950455E-05 4.2584258 -1.74111410020476E-07 3.21930472095097E-07 0.1630163 1.33954011962691E-13 1.4299777139198E-13
9.25E-06 4.19375E-05 4.4224422 -7.83619817998016E-09 1.95904954499326E-09 0.1640164 6.52438770356626E-17 1.48138569312555E-13
9.21610169491525E-06 4.19120762711864E-05 4.5864586 -3.38983050847457E-08 -2.5423728813557E-08 0.1640164 1.79546107440378E-15 1.53314317453688E-13
9.15E-06 4.18875E-05 4.750475 -6.6101694915254E-08 -2.45762711864401E-08 0.1640164 4.97342717609876E-15 1.84726407150394E-13
9.15733885017422E-06 4.17222343205575E-05 4.9134913 7.3388501742162E-09 -1.65265679442513E-07 0.1630163 2.7366603523475E-14 1.2999658171006E-13
9.15796533223277E-06 4.16797358646306E-05 5.0775077 6.26482058553535E-10 -4.2498455926868E-08 0.1640164 1.80651123593763E-15 1.25659822706899E-13
9.23039667896679E-06 4.16372232472325E-05 5.2415241 7.24313467340192E-08 -4.25126173981525E-08 0.1640164 7.05362262774541E-15 7.93972525291567E-14
9.23148148148148E-06 4.16666666666667E-05 5.4055405 1.08480251469167E-09 2.94434194341946E-08 0.1640164 8.68091744473789E-16 7.85978190715743E-14
9.25E-06 4.16276276276276E-05 5.5695569 1.8518518518519E-08 -3.90390390390394E-08 0.1640164 1.86698209721237E-15 6.91932318016217E-14
9.23076923076923E-06 4.16346153846154E-05 5.7325732 -1.92307692307701E-08 6.98775698776188E-09 0.163016300000001 4.18651232927147E-16 7.92883257627934E-14
9.26086956521739E-06 4.16413043478261E-05 5.8965896 3.01003344481607E-08 6.68896321069923E-09 0.1640164 9.5077236272522E-16 6.30578378840577E-14
9.25E-06 4.1625E-05 6.060606 -1.08695652173907E-08 -1.6304347826086E-08 0.1640164 3.83979206049106E-16 6.93449319251685E-14
9.26960332103321E-06 4.16372232472325E-05 6.2246224 1.96033210332107E-08 1.22232472324697E-08 0.1640164 5.336979684372E-16 5.88844080426033E-14
9.29475587703436E-06 4.15768535262206E-05 6.3886388 2.51525560011476E-08 -6.03697210118526E-08 0.1640164 4.27715428843978E-15 5.31560476759198E-14
9.30744732974032E-06 4.15727584517393E-05 6.5516551 1.26914527059654E-08 -4.09507448127044E-09 0.1630163 1.77842606794909E-16 4.84712862514933E-14
9.39876033057851E-06 4.13445645263827E-05 6.7156715 9.13130008381895E-08 -2.28193925356635E-07 0.1640164 6.04105316917447E-14 1.09214672065272E-13
9.39165360501567E-06 4.1450039184953E-05 6.8796879 -7.10672556283853E-09 1.05474658570266E-07 0.1640164 1.11754091487397E-14 5.64697494737245E-14
9.39876033057851E-06 4.13513986013986E-05 7.0437043 7.10672556283853E-09 -9.86405835543778E-08 0.1640164 9.78047027217368E-15 1.05015835288273E-13
9.41176470588235E-06 4.13529411764706E-05 7.2077207 1.300437530384E-08 1.54257507198707E-09 0.1640164 1.7149331489584E-16 1.01315321432324E-13
9.41176470588235E-06 4.13529411764706E-05 7.370737 0 0 0.163016300000001 0 1.01315321432324E-13
9.26073619631902E-06 4.13151840490798E-05 7.5347534 -1.51028509563336E-07 -3.7757127390833E-08 0.1640164 2.42352113697302E-14 1.78529565154508E-13
