x y time dx dy dt dr^2 TotalDisplacementSquared
12
2.07336901121305E-05 1.86713812436289E-05 0 0 0 0 0 0
2.07554101660795E-05 1.86229240060393E-05 0.1630163 2.17200539490392E-08 -4.84572375896946E-08 0.1630163 2.81986461837328E-15 2.81986461837328E-15
2.07595592140202E-05 1.86048858204992E-05 0.3270327 4.14904794066473E-09 -1.80381855400533E-08 0.1640164 3.42590736391323E-16 5.09085172978409E-15
2.07265690376569E-05 1.8373640167364E-05 0.4910491 -3.29901763632776E-08 -2.31245653135186E-07 0.1640164 5.45629038303991E-14 8.87004581970595E-14
2.05571895424837E-05 1.84055010893246E-05 0.6550655 -1.69379495173246E-07 3.18609219606039E-08 0.1640164 2.97045317333232E-14 1.01844707538546E-13
2.05551546391753E-05 1.8390206185567E-05 0.8190819 -2.03490330840239E-09 -1.529490375761E-08 0.1640164 2.380749124291E-16 1.1093432837948E-13
2.05357981220657E-05 1.84034624413146E-05 0.9820982 -1.93565171095287E-08 1.32562557475424E-08 0.1630163 5.50403071055728E-16 1.10941724365369E-13
2.05060865644725E-05 1.83870604147881E-05 1.1461146 -2.9711557593231E-08 -1.64020265264533E-08 0.1640164 1.15180312879036E-15 1.32641708619248E-13
2.04499284692418E-05 1.78004291845494E-05 1.310131 -5.61580952307246E-08 -5.86631230238744E-07 0.1640164 3.47289931951366E-13 8.39078159189884E-13
2.02488076311606E-05 1.78068362480127E-05 1.4741474 -2.01120838081199E-07 6.40706346336373E-09 0.1640164 4.04906419727073E-14 9.825490697966E-13
2.02594969199179E-05 1.78069815195072E-05 1.6381638 1.06892887572911E-08 1.45271494467636E-10 0.1640164 1.14281997943856E-16 9.7204606660257E-13
2.02888257575758E-05 1.76554924242424E-05 1.8011801 2.93288376578928E-08 -1.51489095264761E-07 0.1630163 2.38091267024989E-14 1.22993438730794E-12
15
3.49322845417237E-05 1.90509575923393E-06 0 0 0 0 0 0
3.50023413111342E-05 1.8665452653486E-06 0.1630163 7.005676941057E-08 -3.85504938853309E-08 0.1630163 6.39409151904872E-15 6.39409151904872E-15
3.50025354969574E-05 1.8630831643002E-06 0.3270327 1.9418582316888E-10 -3.4621010483924E-09 0.1640164 1.20238518031995E-17 6.70025484431791E-15
3.50741758241758E-05 1.88576007326007E-06 0.4910491 7.16403272184181E-08 2.26769089598704E-08 0.1640164 5.64657868393626E-15 2.05070047879972E-14
3.51261061946903E-05 1.90763274336283E-06 0.6550655 5.19303705144409E-08 2.18726701027587E-08 0.1640164 3.17517707919123E-15 3.75732694471746E-14
3.51796737213404E-05 1.84545855379189E-06 0.8190819 5.35675266501201E-08 -6.21741895709449E-08 0.1640164 6.73510976021512E-15 6.47580024643687E-14
3.50643124415341E-05 1.87979420018709E-06 0.9820982 -1.15361279806244E-07 3.43356463952036E-08 0.1630163 1.4487161491911E-14 1.80715352185651E-14
3.50525316455696E-05 1.84177215189873E-06 1.1461146 -1.17807959645191E-08 -3.80220482883564E-08 0.1640164 1.58446330959974E-15 1.84692452292814E-14
3.4996806039489E-05 1.87137049941928E-06 1.310131 -5.57256060806566E-08 2.95983475205457E-08 0.1640164 3.9814053490035E-15 5.30041682344279E-15
3.50016685205784E-05 1.8670745272525E-06 1.4741474 4.86248108945375E-09 -4.29597216677702E-09 0.1640164 4.20990992030182E-17 6.25975060310189E-15
3.52017304189435E-05 1.88251366120219E-06 1.6381638 2.00061898365114E-07 1.54391339496829E-08 0.1640164 4.02631300345693E-14 7.31110319022981E-14
3.50483108108108E-05 1.84493243243243E-06 1.8011801 -1.53419608132722E-07 -3.75812287697535E-08 0.1630163 2.49499249154426E-14 1.70817210101056E-14
3.51186951754386E-05 1.86595394736842E-06 1.9651965 7.03843646277846E-08 2.10215149359887E-08 0.1640164 5.39586287426094E-15 3.62810057981157E-14
3.50018050541516E-05 1.86823104693141E-06 2.1292129 -1.16890121286971E-07 2.27709956298683E-09 0.1640164 1.36684856369026E-14 6.19210866139313E-15
3.50025510204082E-05 1.80697278911565E-06 2.2932293 7.45966256538111E-10 -6.12582578157617E-08 0.1640164 3.75313061627822E-15 1.45654952915514E-14
12
4.29912280701754E-05 8.88965835641736E-07 0 0 0 0 0 0
4.28934075342466E-05 8.66010273972603E-07 0.1640164 -9.78205359288609E-08 -2.29555616691332E-08 0.1640164 1.00958150609549E-14 1.00958150609549E-14
4.27656675749319E-05 8.18119891008174E-07 0.3280328 -1.27739959314695E-07 -4.78903829644284E-08 0.1640164 1.86109859861996E-14 5.589668488554E-14
4.26399721448468E-05 8.78481894150418E-07 0.4920492 -1.25695430085088E-07 6.03620031422434E-08 0.1640164 1.94429125676194E-14 1.23490638107675E-13
4.2890671641791E-05 7.05783582089552E-07 0.6550655 2.5069949694425E-07 -1.72698312060865E-07 0.1630163 9.26749447567722E-14 4.36673333058822E-14
4.28757961783439E-05 8.74203821656051E-07 0.8190819 -1.48754634470976E-08 1.68420239566499E-07 0.1640164 2.85866565084027E-14 1.35424387087107E-14
4.29922555663117E-05 8.75847047434656E-07 0.9830983 1.16459387967765E-07 1.64322577860543E-09 0.1640164 1.3565489236786E-14 1.73158352332268E-16
4.30495570321152E-05 8.3610188261351E-07 1.1471147 5.73014658034623E-08 -3.97451648211459E-08 0.1640164 4.86313610988541E-15 6.19686533073763E-15
4.30682912154031E-05 8.48375451263538E-07 1.3111311 1.8734183287954E-08 1.22735686500274E-08 0.1640164 5.01610110873588E-16 7.58630765635394E-15
4.31778629395852E-05 6.20378719567178E-07 1.4741474 1.09571724182082E-07 -2.2799673169636E-07 0.1630163 6.39884724044564E-14 1.06971613400851E-13
4.30806174957118E-05 8.13893653516295E-07 1.6381638 -9.72454438733763E-08 1.93514933949117E-07 0.1640164 4.69047060154613E-14 1.36263019268023E-14
4.35536006546645E-05 3.03191489361702E-07 1.8021802 4.72983158952651E-07 -5.10702164154593E-07 0.1640164 4.84529769125014E-13 6.59394508544691E-13
14
2.4516217870257E-05 2.34883720930233E-06 0 0 0 0 0 0
2.4691507311586E-05 2.39454443194601E-06 0.1640164 1.75289441329014E-07 4.5707222643681E-08 0.1640164 3.28155384432367E-14 3.28155384432367E-14
2.47612980769231E-05 2.37451923076923E-06 0.3270327 6.97907653370251E-08 -2.00252011767761E-08 0.1630163 5.27175960849806E-15 6.07238739260948E-14
2.47553571428571E-05 2.55565476190476E-06 0.4910491 -5.94093406593288E-09 1.81135531135531E-07 0.1640164 3.28453753373268E-14 9.99610917641692E-14
2.49527091254753E-05 2.4101711026616E-06 0.6550655 1.97351982618141E-07 -1.45483659243165E-07 0.1640164 6.01133001500923E-14 1.94286462356607E-13
2.50245781364637E-05 2.37564196625092E-06 0.8190819 7.18690109884008E-08 -3.45291364106801E-08 0.1640164 6.35741600171823E-15 2.59148655252767E-13
2.50720439691028E-05 2.53951277480689E-06 0.9830983 4.74658326391086E-08 1.63870808555976E-07 0.1640164 2.91066471649131E-14 3.45299823438579E-13
2.4992816091954E-05 2.56336206896552E-06 1.1461146 -7.92278771487709E-08 2.38492941586248E-08 0.1630163 6.84584534936535E-15 2.73166780338241E-13
2.47042602377807E-05 2.33784676354029E-06 1.310131 -2.8855585417331E-07 -2.25515305425227E-07 0.1640164 1.34121633958722E-13 3.54807218819571E-14
2.454703125E-05 2.60109375E-06 1.4741474 -1.57228987780712E-07 2.6324698645971E-07 0.1640164 9.40199304786659E-14 6.45828266959414E-14
2.46258675920982E-05 2.59970635344367E-06 1.6381638 7.88363420982385E-08 -1.38739655632669E-09 0.1640164 6.217093704635E-15 7.4958388982065E-14
2.47941051738762E-05 2.88613231552163E-06 1.8021802 1.68237581777927E-07 2.86425962077955E-07 0.1640164 1.10343715674767E-13 3.65907384679921E-13
2.47471153846154E-05 3.37427884615385E-06 2.2932293 -4.69897892607811E-08 4.88146530632218E-07 0.4910491 2.40495075663043E-13 1.10484421272559E-12
2.46254266211604E-05 3.37969283276451E-06 2.4572457 -1.21688763454973E-07 5.41398661065928E-09 0.1640164 1.48374664022207E-14 1.07458986769747E-12
12
2.09349148418492E-05 7.06528791565288E-06 0 0 0 0 0 0
2.13023399014778E-05 7.22783251231527E-06 0.4910491 3.67425059628683E-07 1.62544596662392E-07 0.4910491 1.61421920347281E-13 1.61421920347281E-13
2.14346658711217E-05 7.38723150357995E-06 0.6550655 1.32325969643887E-07 1.5939899126468E-07 0.1640164 4.29182006583925E-14 3.5339876506635E-13
2.15637876386688E-05 7.31735340729002E-06 0.8190819 1.29121767547062E-07 -6.98780962899361E-08 0.1640164 2.15553791955831E-14 4.59018006654017E-13
2.15677966101695E-05 7.34049636803874E-06 1.310131 4.00897150070989E-09 2.3142960748725E-08 0.4910491 5.51668484710531E-16 4.76279024936904E-13
2.14427266338721E-05 7.56254392129304E-06 1.4741474 -1.25069976297389E-07 2.22047553254302E-07 0.1640164 6.49476148772516E-14 5.05136351262772E-13
2.15002258355917E-05 7.36720867208672E-06 1.6381638 5.74992017195868E-08 -1.95335249206321E-07 0.1640164 4.14620177808854E-14 4.1073266281176E-13
2.13055239179954E-05 7.39293849658314E-06 1.8011801 -1.94701917596245E-07 2.57298244964224E-08 0.1630163 3.85708605842715E-14 2.44705990505949E-13
2.13184180138568E-05 7.34901847575058E-06 1.9651965 1.28940958613697E-08 -4.39200208325659E-08 0.1640164 2.09522593801521E-15 2.27577713673294E-13
2.14494868505452E-05 7.13406029506094E-06 2.1292129 1.31068836688407E-07 -2.14958180689641E-07 0.1640164 6.33860593962526E-14 2.69513992302955E-13
2.15286016949153E-05 7.14971751412429E-06 2.2932293 7.91148443700322E-08 1.56572190633577E-08 0.1640164 6.50430710849239E-15 3.59592436601577E-13
2.14506451612903E-05 6.8541935483871E-06 2.4562456 -7.79565336249313E-08 -2.95523965737197E-07 0.1630163 9.34116354598551E-14 3.10538594282234E-13
22
3.23409461663948E-05 9.08584828711256E-06 0 0 0 0 0 0
3.23380102040816E-05 8.99319727891156E-06 0.1630163 -2.93596231314552E-09 -9.26510082009973E-08 0.1630163 8.59282919536547E-15 8.59282919536547E-15
3.22527083333333E-05 9.05979166666667E-06 0.3270327 -8.53018707483031E-08 6.65943877551029E-08 0.1640164 1.17112216336372E-14 8.46486265244147E-15
3.23554572271386E-05 8.93485742379547E-06 0.4910491 1.02748893805312E-07 -1.24934242871191E-07 0.1640164 2.61659002200132E-14 2.30088116891509E-14
3.24103448275862E-05 8.95919540229885E-06 0.6550655 5.48876004475645E-08 2.43379785033753E-08 0.1640164 3.60498588052224E-15 2.08571274067976E-14
3.24578591749644E-05 8.65007112375533E-06 0.8190819 4.75143473782325E-08 -3.09124278543518E-07 0.1640164 9.78154327918297E-14 2.03570387676482E-13
3.23915938864629E-05 8.71200873362445E-06 0.9820982 -6.62652885015547E-08 6.19376098691209E-08 0.1630163 8.22735597649369E-15 1.42321203300285E-13
3.24141181399246E-05 8.54178885630498E-06 1.1461146 2.25242534617038E-08 -1.7021987731947E-07 0.1640164 2.94821486286624E-14 3.01354801960912E-13
3.23028937381404E-05 8.51873814041746E-06 1.310131 -1.1122440178417E-07 -2.30507158875266E-08 0.1640164 1.2902203055174E-14 3.23061905780595E-13
3.20468933177022E-05 8.69827080890973E-06 1.4741474 -2.56000420438191E-07 1.79532668492273E-07 0.1640164 9.77681943204871E-14 2.3668337943427E-13
3.20457870099473E-05 8.69953188999415E-06 1.6381638 -1.10630775488829E-09 1.26108108441692E-09 0.1640164 2.81424235000012E-18 2.36359286317316E-13
3.20795819935691E-05 8.67644694533762E-06 1.8011801 3.37949836217888E-08 -2.3084944656528E-08 0.1630163 1.67501558779193E-15 2.35920689483959E-13
3.20855547550432E-05 8.72226224783862E-06 1.9651965 5.97276147409786E-09 4.5815302500996E-08 0.1640164 2.13471582288423E-15 1.97419580947053E-13
3.20017458100559E-05 8.87534916201117E-06 2.1292129 -8.38089449873607E-08 1.53086914172556E-07 0.1640164 3.04595425507701E-14 1.59366763408896E-13
3.19947129909366E-05 8.9463746223565E-06 2.4572457 -7.03281911930986E-09 7.10254603453233E-08 0.3280328 5.09407656203002E-15 1.39330314948373E-13
3.1992774566474E-05 8.93135838150289E-06 2.620262 -1.93842446256554E-09 -1.50162408536048E-08 0.1630163 2.29244978770541E-16 1.45090593926687E-13
3.19468973747017E-05 8.90065632458234E-06 2.7842784 -4.58771917723197E-08 -3.07020569205516E-08 0.1640164 3.04733302406699E-15 1.89570513220594E-13
3.19441141498216E-05 8.89714625445898E-06 2.9482948 -2.78322488003013E-09 -3.51007012336169E-09 0.1640164 2.00669330037351E-17 1.93084106505098E-13
3.19906855439642E-05 8.93181818181818E-06 3.2753275 4.65713941425925E-08 3.4671927359204E-08 0.3270327 3.37103729918662E-15 1.46407776962432E-13
3.19947368421053E-05 8.87142857142857E-06 3.4393439 4.05129814102878E-09 -6.03896103896098E-08 0.1640164 3.66331805963637E-15 1.65836710699008E-13
3.24904013961606E-05 8.36387434554974E-06 3.7673767 4.95664554055296E-07 -5.07554225878833E-07 0.3280328 5.03294642354296E-13 5.43583238000099E-13
3.23739530988275E-05 8.37018425460636E-06 3.9313931 -1.16448297333086E-07 6.30990905662543E-09 0.1640164 1.36000209040777E-14 5.13264465011647E-13
15
6.80882870207527E-05 3.04840837143862E-05 0 0 0 0 0 0
6.82521510516252E-05 3.0876673040153E-05 0.1640164 1.63864030872503E-07 3.9258932576675E-07 0.1640164 1.80977799319776E-13 1.80977799319776E-13
6.82159498207885E-05 3.10150836320191E-05 0.3280328 -3.62012308367099E-08 1.38410591866155E-07 0.1640164 2.0468021054832E-14 2.9825870303913E-13
6.78682277318641E-05 3.09903581267218E-05 0.4920492 -3.47722088924428E-07 -2.47255052973543E-08 0.1640164 1.21522001738177E-13 3.04739871211878E-13
6.75625E-05 3.09361263736264E-05 0.6560656 -3.05727731864096E-07 -5.42317530953902E-08 0.1640164 9.64105290745637E-14 4.80794556964947E-13
6.74568511198946E-05 3.08461791831357E-05 0.8190819 -1.05648880105406E-07 -8.9947190490669E-08 0.1630163 1.92521829446911E-14 5.2982442538144E-13
6.74208053691275E-05 3.08051454138702E-05 0.9830983 -3.60457507670731E-08 -4.10337692654572E-08 0.1640164 2.98306636849273E-15 5.48612370131893E-13
6.73721864951769E-05 3.08275149288011E-05 1.1471147 -4.8618873950673E-08 2.23695149308547E-08 0.1640164 2.86419010247316E-15 6.3074496176454E-13
6.74419479463196E-05 3.08744408296055E-05 1.3111311 6.97614511427957E-08 4.69259008044283E-08 0.1640164 7.06870023185572E-15 5.70132876541366E-13
6.75622393326917E-05 3.09256496631376E-05 1.4741474 1.20291386372045E-07 5.12088335321046E-08 0.1630163 1.70923622670275E-14 4.71706657211109E-13
6.7508055756698E-05 3.0770999275887E-05 1.6381638 -5.41835759936475E-08 -1.54650387250594E-07 0.1640164 2.68526021842182E-14 4.18988859217837E-13
6.74360561056106E-05 3.07740305280528E-05 1.8021802 -7.19996510874807E-08 3.03125216576561E-09 0.1640164 5.19313824641143E-15 5.09474321422601E-13
6.73786806883365E-05 3.08349904397706E-05 1.9661966 -5.7375417274045E-08 6.09599117177488E-08 0.1640164 7.00804934400652E-15 6.26676676925153E-13
6.75163954635108E-05 3.06347386587771E-05 2.130213 1.37714775174331E-07 -2.00251780993433E-07 0.1640164 5.90661350923584E-14 3.49756865513974E-13
6.75842950326142E-05 3.05810336176618E-05 2.2932293 6.78995691033037E-08 -5.37050411153039E-08 0.1630163 7.49458292561081E-15 2.63407207853027E-13
11
1.37977560414269E-05 6.27445339470656E-07 0 0 0 0 0 0
1.37309805579036E-05 5.76077768385461E-07 0.1640164 -6.67754835232923E-08 -5.13675710851953E-08 0.1640164 7.09759255896208E-15 7.09759255896208E-15
1.38225513905683E-05 3.57013301088271E-07 0.3280328 9.15708326646847E-08 -2.1906446729719E-07 0.1640164 5.63744582271052E-14 7.37482967226954E-14
1.40187452180566E-05 5.87796480489671E-07 0.4920492 1.96193827488299E-07 2.307831794014E-07 0.1640164 9.17528938391274E-14 5.04082482059631E-14
1.42448759439051E-05 4.9217907227616E-07 0.6550655 2.26130725848451E-07 -9.56174082135114E-08 0.1630163 6.02777939262166E-14 2.18213170232797E-13
1.41380733944954E-05 6.10779816513761E-07 0.8190819 -1.06802549409657E-07 1.18600744237602E-07 0.1640164 2.54729210941153E-14 1.16093640454967E-13
1.41792775665399E-05 6.55893536121673E-07 0.9830983 4.12041720445107E-08 4.51137196079116E-08 0.1640164 3.7330314907349E-15 1.46367974017241E-13
1.40394898586355E-05 5.70835894283958E-07 1.1471147 -1.39787707904398E-07 -8.50576418377148E-08 0.1640164 2.67754057161584E-14 6.16398676665854E-14
1.4051424600417E-05 5.57852675469076E-07 1.3111311 1.19347417814311E-08 -1.29832188148824E-08 0.1640164 3.11002032184553E-16 6.91908767029145E-14
1.431947405828E-05 6.44456289978678E-07 1.4741474 2.68049457863073E-07 8.66036145096022E-08 0.1630163 7.93506979068152E-14 2.7247906154632E-13
1.45774700598802E-05 9.31137724550898E-07 1.8021802 2.5799600160021E-07 2.8668143457222E-07 0.3280328 1.48748181770082E-13 7.00183015328338E-13
16
2.13803317535545E-05 2.08625592417062E-05 0 0 0 0 0 0
2.13804E-05 2.08628E-05 0.1630163 6.82464454975218E-11 2.40758293838184E-10 0.1630163 6.26221333749194E-20 6.26221333749194E-20
2.12094226579521E-05 2.09082244008715E-05 0.3270327 -1.7097734204793E-07 4.5424400871461E-08 0.1640164 3.12966276883061E-14 3.12952257212336E-14
2.10506756756757E-05 2.08735521235521E-05 0.8190819 -1.58746982276394E-07 -3.46722773193377E-08 0.4920492 2.64027711963709E-14 1.0879397313373E-13
2.09716981132075E-05 2.0747641509434E-05 0.9820982 -7.8977562468129E-08 -1.25910614118162E-07 0.1630163 2.20909381210199E-14 1.8018753721379E-13
2.11808275426406E-05 2.10290587492104E-05 1.1461146 2.09129429433009E-07 2.81417239776399E-07 0.1640164 1.22930781098343E-13 6.75240161715373E-14
2.1199814986124E-05 2.11542553191489E-05 1.310131 1.89874434834003E-08 1.25196569938577E-07 0.1640164 1.60347041344203E-14 1.17672904919076E-13
2.11923277661795E-05 2.1151617954071E-05 1.4741474 -7.48721994441581E-09 -2.63736507795542E-09 0.1640164 6.30141570504767E-17 1.18900438462893E-13
2.0879582806574E-05 2.08685208596713E-05 1.8011801 -3.12744959605585E-07 -2.83097094399679E-07 0.3270327 1.7795337461624E-13 2.50785048790889E-13
2.1036369193154E-05 2.08484107579462E-05 1.9651965 1.56786386580077E-07 -2.01101017250913E-08 0.1640164 2.49863872082308E-14 1.18510422549953E-13
2.08903203342618E-05 2.08687325905292E-05 2.1292129 -1.46048858892197E-07 2.03218325830363E-08 0.1640164 2.17432460632458E-14 2.40149301272906E-13
2.08797831632653E-05 2.08683035714286E-05 2.2932293 -1.05371709965318E-08 -4.29019100675276E-10 0.1640164 1.11216029998896E-16 2.50581888564464E-13
2.08759422110553E-05 2.08718592964824E-05 2.4562456 -3.84095221003022E-09 3.55572505383961E-09 0.1630163 2.73960945382388E-17 2.54495301601423E-13
2.08763054830287E-05 2.08717362924282E-05 2.620262 3.63271973444768E-10 -1.23004054213283E-10 0.1640164 1.4709652404336E-19 2.54126699640086E-13
2.08670280612245E-05 2.11187818877551E-05 2.7842784 -9.27742180423152E-09 2.47045595326902E-07 0.1640164 6.11175967257573E-14 3.29130724907948E-13
2.09405940594059E-05 2.11961633663366E-05 2.9482948 7.35659981814543E-08 7.73814785815325E-08 0.1640164 1.13998493158979E-14 3.04660951625558E-13
23
4.9065107102593E-05 2.93940248027058E-05 0 0 0 0 0 0
4.91311360448808E-05 2.93657082748948E-05 0.1640164 6.60289422877724E-08 -2.83165278109401E-08 0.1640164 5.16164696690973E-15 5.16164696690973E-15
4.89706678700361E-05 2.93736462093863E-05 0.3280328 -1.60468174844681E-07 7.93793449147273E-09 0.1640164 2.5813045941974E-14 9.33405571161805E-15
4.89758735440932E-05 2.93683444259567E-05 0.4920492 5.2056740570734E-09 -5.30178342954457E-09 0.1640164 5.52079499222804E-17 8.62210971251466E-15
4.90455641272903E-05 2.93951301832208E-05 0.6550655 6.96905831970867E-08 2.67857572640899E-08 0.1630163 5.5742541785608E-15 3.83149749766944E-16
4.88510638297872E-05 2.91694790902421E-05 0.8190819 -1.94500297503026E-07 -2.25651092978715E-07 0.1640164 8.87487814912546E-14 9.62352996192098E-14
4.9044311887516E-05 2.89388581167448E-05 0.9830983 1.93248057728745E-07 -2.30620973497334E-07 0.1640164 9.05308452327905E-14 2.07609152978794E-13
4.90051569506726E-05 2.88795964125561E-05 1.1471147 -3.91549368433388E-08 -5.92617041887244E-08 0.1640164 5.04505866255773E-15 2.68230589307283E-13
4.91266423357664E-05 2.88846715328467E-05 1.3111311 1.21485385093784E-07 5.07512029066248E-09 0.1640164 1.47844556373498E-14 2.63227338437796E-13
4.9035974025974E-05 2.89688311688312E-05 1.4741474 -9.06683097923988E-08 8.41596359844523E-08 0.1630163 1.53035867296459E-14 1.81638362440759E-13
4.89672103861518E-05 2.91175099866844E-05 1.6381638 -6.87636398222296E-08 1.48678817853252E-07 0.1640164 2.68338290398418E-14 8.60442105692808E-14
4.88011363636364E-05 2.90758116883117E-05 1.8021802 -1.66074022515431E-07 -4.1698298372733E-08 0.1640164 2.93193290416375E-14 1.70940137197685E-13
4.85E-05 2.88675E-05 1.9661966 -3.01136363636367E-07 -2.08311688311689E-07 0.1640164 1.340768689914E-13 5.96574405265398E-13
4.86471471471471E-05 2.9368993993994E-05 2.1292129 1.47147147147145E-07 5.01493993993993E-07 0.1630163 2.7314850892559E-13 1.75317065741075E-13
4.84563989962359E-05 2.94134253450439E-05 2.2932293 -1.90748150911261E-07 4.44313510499228E-08 0.1640164 3.83590020321868E-14 3.70901939787895E-13
4.84125498007968E-05 2.93456175298805E-05 2.4572457 -4.38491954390727E-08 -6.78078151634374E-08 0.1640164 6.52065173789288E-15 4.28174296189918E-13
4.84555609519184E-05 2.91724137931034E-05 2.6212621 4.30111511215969E-08 -1.7320373677703E-07 0.1640164 3.18494935543314E-14 4.20657949379178E-13
4.8486793837124E-05 2.93705062362436E-05 2.7852785 3.12328852055828E-08 1.98092443140133E-07 0.1640164 4.02161091474921E-14 3.34999355985877E-13
4.84419889502762E-05 2.93393186003683E-05 2.9482948 -4.480488684775E-08 -3.11876358752592E-08 0.1630163 2.98014651692743E-15 3.9126900032085E-13
4.83043147208122E-05 2.95269035532995E-05 3.1123112 -1.37674229464061E-07 1.87584952931171E-07 0.1640164 5.41423080247127E-14 5.96461810535104E-13
4.83347491909385E-05 2.96185275080906E-05 3.2763276 3.04344701263304E-08 9.16239547911211E-08 0.1640164 9.32120606343589E-15 5.83824143841447E-13
4.81101789709172E-05 2.96144295302013E-05 3.440344 -2.24570220021285E-07 -4.09797788927335E-09 0.1640164 5.04485771431892E-14 9.60465980568212E-13
4.82055966697502E-05 2.95988667900092E-05 3.6043604 9.54176988330033E-08 -1.55627401920917E-08 0.1640164 9.34673613287227E-15 7.80718423928034E-13
11
4.74769028243179E-05 1.06585686931546E-05 0 0 0 0 0 0
4.74644298688194E-05 1.06469475277497E-05 0.1640164 -1.2472955498481E-08 -1.16211654048719E-08 0.1640164 2.9062610423448E-16 2.9062610423448E-16
4.72221774193548E-05 1.05490591397849E-05 0.3270327 -2.42252449464537E-07 -9.78883879648009E-08 0.1630163 6.82683857699156E-14 7.68773742127989E-14
4.73937046802901E-05 1.05936058009229E-05 0.4910491 1.71527260935214E-07 4.45466611379288E-08 0.1640164 3.14060062624745E-14 1.11421085367844E-14
4.73206566916043E-05 1.06074397339983E-05 0.6550655 -7.30479886857296E-08 1.38339330754622E-08 0.1640164 5.52738635536685E-15 2.702702445234E-14
4.71115810968495E-05 1.05068553092182E-05 0.8190819 -2.09075594754843E-07 -1.00584424780134E-07 0.1640164 5.38298308304418E-14 1.56476915425917E-13
4.70026340996169E-05 1.03577586206897E-05 0.9830983 -1.08946997232621E-07 -1.49096688528548E-07 0.1640164 3.40992707361837E-14 3.15417522925888E-13
4.75899253731343E-05 1.025E-05 1.1461146 5.87291273517472E-07 -1.07758620689655E-07 0.1630163 3.56522960282711E-13 1.79702473567045E-13
4.78768115942029E-05 1.025E-05 1.310131 2.86886221068571E-07 0 0.1640164 8.23037038390047E-14 3.26855401257043E-13
4.855E-05 1.03477419354839E-05 1.8021802 6.73188405797099E-07 9.77419354838709E-08 0.4920492 4.62736115651772E-13 1.2481508217411E-12
4.85031007751938E-05 1.03779069767442E-05 1.9651965 -4.68992248061966E-08 3.01650412603145E-08 0.1630163 3.10946700165864E-15 1.13185323344044E-12
11
5.81615314215985E-05 3.13422818791946E-06 0 0 0 0 0 0
5.80574666666667E-05 3.06826666666667E-06 0.1640164 -1.04064754931862E-07 -6.59615212527962E-08 0.1640164 1.51803955050116E-14 1.51803955050116E-14
5.79224971558589E-05 2.83546643913538E-06 0.3280328 -1.34969510807743E-07 -2.32800227531285E-07 0.1640164 7.24127147862997E-14 1.46395962734195E-13
5.79837307501242E-05 2.88524590163934E-06 0.4920492 6.12335942652678E-08 4.97794625039631E-08 0.1640164 6.2275479538269E-15 9.3605257658E-14
5.81227532679739E-05 3.12357026143791E-06 0.6560656 1.39022517849661E-07 2.38324359798564E-07 0.1640164 7.61257609426547E-14 1.61733659542521E-15
5.82126468942361E-05 3.33855623950755E-06 0.8190819 8.98936262622954E-08 2.14985978069646E-07 0.1630163 5.42998348091476E-14 4.43627442087531E-14
5.8088752362949E-05 3.27391304347826E-06 0.9830983 -1.23894531287192E-07 -6.46431960292939E-08 0.1640164 1.95285976757547E-14 2.48086502504002E-14
5.79857921928817E-05 3.15513777267509E-06 1.1471147 -1.02960170067213E-07 -1.18775270803175E-07 0.1640164 2.4708361574637E-14 3.13214872446234E-14
5.79545970488082E-05 3.39074914869466E-06 1.3111311 -3.11951440735712E-08 2.35611376019579E-07 0.1640164 5.64858575236103E-14 1.08624837959171E-13
5.77008547008547E-05 3.54884004884005E-06 1.4751475 -2.53742347953477E-07 1.58090900145384E-07 0.1640164 8.93779118537208E-14 3.84126036251323E-13
5.77116060961313E-05 3.5820633059789E-06 1.8021802 1.07513952765999E-08 3.32232571388493E-08 0.3270327 1.2193773153078E-15 4.02989091464105E-13
14
4.09618794326241E-05 3.89233156028369E-05 0 0 0 0 0 0
4.09852604464797E-05 3.88878076702919E-05 0.1630163 2.33810138555626E-08 -3.55079325449523E-08 0.1630163 1.80748508253089E-15 1.80748508253089E-15
4.11108213820078E-05 3.88826597131682E-05 0.3270327 1.25560935528142E-07 -5.14795712373939E-09 0.1640164 1.57920499932501E-14 2.38366056509709E-14
4.11393356643357E-05 3.8886013986014E-05 0.4910491 2.85142823278406E-08 3.35427284579737E-09 0.1640164 8.24315442995856E-16 3.28821247908637E-14
4.14443298969072E-05 3.88848797250859E-05 0.6550655 3.04994232571552E-07 -1.134260928076E-09 0.1640164 9.30227684497629E-14 2.34235767185464E-13
4.17368247694335E-05 3.89109025032938E-05 0.8190819 2.92494872526255E-07 2.60227782078957E-08 0.1640164 8.62304354398077E-14 6.00694360082827E-13
4.14937275985663E-05 3.88966547192354E-05 0.9820982 -2.43097170867159E-07 -1.42477840584405E-08 0.1630163 5.92992338341927E-14 2.83573274330488E-13
4.11451020408163E-05 3.89336734693878E-05 1.1461146 -3.48625557749983E-07 3.70187501523915E-08 0.1640164 1.22910167379332E-13 3.36778095522419E-14
4.12312593703148E-05 3.89152923538231E-05 1.310131 8.61573294985192E-08 -1.83811155646652E-08 0.1640164 7.76095083571798E-15 7.26299233549985E-14
4.11301652892562E-05 3.88914350112697E-05 1.4741474 -1.01094081058648E-07 -2.38573425533701E-08 0.1640164 1.07891860188013E-14 2.93365016610656E-14
4.09721982758621E-05 3.8907974137931E-05 1.6381638 -1.57967013394128E-07 1.65391266613142E-08 0.1640164 2.52271200313795E-14 3.41839071226734E-16
4.0535192563081E-05 3.88034528552457E-05 1.9651965 -4.37005712781058E-07 -1.04521282685354E-07 0.3270327 2.01898691537473E-13 1.96428762900606E-13
4.06793168880455E-05 3.88515180265655E-05 2.1292129 1.4412432496453E-07 4.80651713197844E-08 0.1640164 2.30820817404816E-14 8.49964835571686E-14
4.07172177879133E-05 3.88292474344356E-05 2.4572457 3.79008998678003E-08 -2.22705921298925E-08 0.3280328 1.93245748460505E-15 6.87081406989579E-14
11
5.18666830951207E-06 2.25931493346476E-05 0 0 0 0 0 0
4.98875046485682E-06 2.24877277798438E-05 0.1640164 -1.97917844655251E-07 -1.05421554803801E-07 0.1640164 5.02851774502309E-14 5.02851774502309E-14
4.96462601238685E-06 2.21588851834207E-05 0.3280328 -2.41244524699731E-08 -3.28842596423133E-07 0.1640164 1.08719442429283E-13 2.37888134753496E-13
4.98892773892774E-06 2.23698523698524E-05 0.4920492 2.43017265408882E-08 2.10967186431695E-07 0.1640164 4.50977276637737E-14 8.89628677417848E-14
4.96222933070866E-06 2.26280757874016E-05 0.6560656 -2.66984082190778E-08 2.58223417549203E-07 0.1640164 6.73921383722227E-14 5.1592712308294E-14
4.95368956743003E-06 2.26283715012723E-05 0.8190819 -8.5397632786357E-09 2.95713870691827E-10 0.1630163 7.30150035484544E-17 5.55196952838691E-14
4.94258720930233E-06 2.22177325581395E-05 0.9830983 -1.11023581277001E-08 -4.10638943132732E-07 0.1640164 1.68747603973162E-13 2.00513339563316E-13
5.00154457193292E-06 2.23748896734334E-05 1.1471147 5.89573626305961E-08 1.57157115293828E-07 0.1640164 2.8174329495833E-14 8.19080779286333E-14
4.94409937888199E-06 2.23379917184265E-05 1.3111311 -5.74451930509339E-08 -3.68979550068609E-08 0.1640164 4.66140928834739E-15 1.23945095222662E-13
4.7299605781866E-06 2.2611038107753E-05 1.4751475 -2.14138800695391E-07 2.73046389326456E-07 0.1640164 1.20409756687475E-13 2.0890196005568E-13
4.77585487906589E-06 2.25771476230192E-05 1.6381638 4.58943008792918E-08 -3.38904847337744E-08 0.1630163 3.25485180868916E-15 1.69023729410003E-13
15
1.83527520576132E-05 3.31037808641975E-05 0 0 0 0 0 0
1.83410565338276E-05 3.31441149212234E-05 0.1630163 -1.16955237855514E-08 4.03340570258237E-08 0.1630163 1.7636214327808E-15 1.7636214327808E-15
1.8258034987795E-05 3.30284784377543E-05 0.3270327 -8.30215460326649E-08 -1.15636483469082E-07 0.1640164 2.02643734147492E-14 1.46417787431912E-14
1.81975190839695E-05 3.30812659033079E-05 0.4910491 -6.05159038254897E-08 5.27874655536138E-08 0.1640164 6.44869113538988E-15 2.46041995701297E-14
1.81973861720067E-05 3.30797639123103E-05 0.6550655 -1.32911962719362E-10 -1.50199099760329E-09 0.1640164 2.27364254671523E-18 2.47153723882232E-14
1.80655195989061E-05 3.3116226071103E-05 0.8190819 -1.31866573100638E-07 3.64621587927232E-08 0.1640164 1.87182821251316E-14 8.26573685098247E-14
1.81143048128342E-05 3.31470588235294E-05 0.9820982 4.87852139281166E-08 3.08327524264058E-08 0.1630163 3.33065572020014E-15 5.87300703066027E-14
1.80993470149254E-05 3.3089552238806E-05 1.1461146 -1.49577979088491E-08 -5.75065847234413E-08 0.1640164 3.5307430048363E-15 6.44165694401368E-14
1.81210448859455E-05 3.28732523914643E-05 1.310131 2.1697871020173E-08 -2.16299847341659E-07 0.1640164 4.72564215668332E-14 1.0683159014292E-13
1.80759239421532E-05 3.26805034815212E-05 1.4741474 -4.51209437923623E-08 -1.92748909943155E-07 0.1640164 3.91880418529882E-14 2.55797548194489E-13
1.80768608414239E-05 3.268190399137E-05 1.6381638 9.36899270762126E-10 1.40050984885676E-09 0.1640164 2.83920808029938E-18 2.54096058997094E-13
1.76505235602094E-05 3.225E-05 1.9651965 -4.26337281214522E-07 -4.31903991370014E-07 0.3270327 3.68304535114739E-13 1.22206662663581E-12
1.78830858960764E-05 3.23390774125133E-05 2.2932293 2.32562335866927E-07 8.90774125132552E-08 0.3280328 6.20200254839379E-14 8.05357672310575E-13
1.78821656050955E-05 3.23391719745223E-05 2.4572457 -9.202909808117E-10 9.4562009039123E-11 0.1640164 8.55877462916876E-19 8.06078363463527E-13
1.74375E-05 3.18125E-05 2.620262 -4.4466560509554E-07 -5.26671974522294E-07 0.1630163 4.75110869102195E-13 2.50509259920787E-12
11
1.51155077767612E-05 3.28366880146386E-05 0 0 0 0 0 0
1.49352179034158E-05 3.30624263839812E-05 0.1640164 -1.80289873345425E-07 2.25738369342544E-07 0.1640164 8.346224982434E-14 8.346224982434E-14
1.49966931216931E-05 3.28701499118166E-05 0.3280328 6.1475218277339E-08 -1.92276472164579E-07 0.1640164 4.07494442103026E-14 1.52366208216968E-14
1.49963481436397E-05 3.26655508216677E-05 0.4920492 -3.44978053437472E-10 -2.04599090148896E-07 0.1640164 4.18609066996136E-14 4.34869569836258E-14
1.50484944991314E-05 3.26918066010423E-05 0.6560656 5.21463554917574E-08 2.6255779374587E-08 0.1640164 3.40860834163972E-15 2.54814033843591E-14
1.49984152139461E-05 3.23193343898574E-05 0.8190819 -5.00792851853245E-08 -3.72472211184899E-07 0.1630163 1.41243482909641E-13 2.81365441340898E-13
1.49982728842832E-05 3.23087219343696E-05 0.9830983 -1.42329662869756E-10 -1.06124554877667E-08 0.1640164 1.12644469212762E-16 2.92492201928942E-13
1.4998322147651E-05 3.2319211409396E-05 1.1471147 4.92633677584564E-11 1.04894750263753E-08 0.1640164 1.10031513208354E-16 2.81514508643396E-13
1.52506510416667E-05 3.23551432291667E-05 1.3111311 2.5232889401566E-07 3.59318197706884E-08 0.1640164 6.49609664271994E-14 2.5014908246453E-13
1.51915688367129E-05 3.23455176093917E-05 1.4751475 -5.90822049537518E-08 -9.62561977498666E-09 0.1640164 3.58335949824975E-15 2.47033651831414E-13
1.51911037891269E-05 3.23167215815486E-05 1.6381638 -4.65047586061473E-10 -2.87960278430788E-08 0.1630163 8.2942748879667E-16 2.76079848625937E-13
12
3.00274106705825E-05 9.12469407733725E-06 0 0 0 0 0 0
3.01287444933921E-05 9.13281938325991E-06 0.1640164 1.01333822809593E-07 8.12530592266292E-09 0.1640164 1.03345642415429E-14 1.03345642415429E-14
3.01271186440678E-05 9.37842242503259E-06 0.3270327 -1.62584932427379E-09 2.45603041772682E-07 0.1630163 6.03234975140191E-14 7.43197544007591E-14
3.05547839506173E-05 9.42476851851852E-06 0.8190819 4.27665306549489E-07 4.63460934859246E-08 0.4920492 1.85045574807475E-13 3.68167246744924E-13
3.04115767045455E-05 9.31569602272727E-06 0.9830983 -1.43207246071832E-07 -1.09072495791246E-07 0.1640164 3.24051246656094E-14 1.84065284793617E-13
3.025E-05 9.64375E-06 1.310131 -1.61576704545453E-07 3.28053977272727E-07 0.3270327 1.33726443456224E-13 3.18965060421823E-13
3.03730876216968E-05 9.36196105702364E-06 1.8021802 1.23087621696801E-07 -2.81788942976357E-07 0.4920492 9.45555709987074E-14 1.75788174181199E-13
3.02508E-05 9.3696E-06 1.9651965 -1.22287621696799E-07 7.63894297635659E-09 0.1630163 1.50126158700554E-14 1.09881703452905E-13
3.05166093928981E-05 9.63616838487972E-06 2.2932293 2.65809392898053E-07 2.66568384879726E-07 0.3280328 1.41713337170217E-13 5.0092135719125E-13
3.07051211453744E-05 9.60132158590308E-06 2.4572457 1.88511752476394E-07 -3.4846798976643E-08 0.1640164 3.67509802206399E-14 6.86465269564434E-13
3.06256038647343E-05 9.38446054750403E-06 2.9482948 -7.95172806401503E-08 -2.16861038399058E-07 0.4910491 5.33517078959221E-14 4.25313716552466E-13
3.075E-05 9.13219284603421E-06 3.1123112 1.24396135265702E-07 -2.5226770146981E-07 0.1640164 7.91133916739039E-14 5.22191570520037E-13
16
3.12617894056848E-05 3.55109819121447E-05 0 0 0 0 0 0
3.0321608040201E-05 3.55342622201919E-05 0.3280328 -9.40181365483749E-07 2.32803080471697E-08 0.3280328 8.84482972745658E-13 8.84482972745658E-13
3.0919436997319E-05 3.53379356568365E-05 0.4920492 5.97828957118029E-07 -1.96326563355406E-07 0.1640164 3.95943581447774E-13 1.47150177990012E-13
3.10790704070407E-05 3.53437843784378E-05 0.6550655 1.59633409721668E-07 5.84872160138161E-09 0.1630163 2.55170330437363E-14 6.13412477431399E-14
3.09340738603578E-05 3.53413156376226E-05 0.8190819 -1.44996546682943E-07 -2.46874081522463E-09 0.1640164 2.10300932311917E-14 1.36184123359172E-13
3.11624797406807E-05 3.53333333333333E-05 0.9830983 2.28405880322953E-07 -7.98230428928548E-09 0.1640164 5.22329633478697E-14 4.14214271169128E-14
3.10727366966137E-05 3.53324118866621E-05 1.1471147 -8.97430440670277E-08 -9.21446671277692E-10 0.1640164 8.05466302238449E-15 6.76281808079824E-14
3.12656572608396E-05 3.5307123193393E-05 1.3111311 1.92920564225957E-07 -2.52886932690757E-08 0.1640164 3.78578621085192E-14 4.15733375145913E-14
3.14151880766501E-05 3.53268275372605E-05 1.4741474 1.49530815810465E-07 1.97043438674882E-08 0.1630163 2.27477260441914E-14 5.74439860429377E-14
3.14741705165897E-05 3.56035279294414E-05 1.6381638 5.89824399395624E-08 2.76700392180942E-07 0.1640164 8.00420352543111E-14 5.36705015866888E-14
3.13783832551425E-05 3.56431793576326E-05 1.8021802 -9.57872614471214E-08 3.96514281912133E-08 0.1640164 1.07474352131421E-14 3.10702903249195E-14
3.12870896464646E-05 3.56550662878788E-05 1.9661966 -9.12936086779013E-08 1.18869302461633E-08 0.1640164 8.47582209611092E-15 2.14004095142025E-14
3.11350683890577E-05 3.56617274569402E-05 2.130213 -1.52021257406897E-07 6.66116906143088E-09 0.1640164 2.3154833876839E-14 3.87824353306798E-14
3.099404489235E-05 3.57494846541457E-05 2.2932293 -1.41023496707774E-07 8.77571972054483E-08 0.1630163 2.75889522850435E-14 1.28570682362858E-13
3.09816936836221E-05 3.59069312465064E-05 2.4572457 -1.23512087278392E-08 1.57446592360763E-07 0.1640164 2.4941981803055E-14 2.35229488899278E-13
3.10143182557761E-05 3.56512365766352E-05 2.6212621 3.26245721539777E-08 -2.55694669871218E-07 0.1640164 6.64441269087813E-14 8.09133409484514E-14
21
6.74719419924338E-05 3.03480453972257E-05 0 0 0 0 0 0
6.74954954954955E-05 3.03156906906907E-05 0.1640164 2.35535030616916E-08 -3.23547065350347E-08 0.1640164 1.60159454144533E-15 1.60159454144533E-15
6.74703443877551E-05 3.03488520408163E-05 0.3280328 -2.51511077403848E-08 3.31613501256349E-08 0.1640164 1.73225336272339E-15 3.2030145916388E-18
6.73809523809524E-05 3.03725038402458E-05 0.6550655 -8.93920068027256E-08 2.36517994294516E-08 0.3270327 8.55033849646955E-15 8.87732483250466E-15
6.74497175141243E-05 3.03502824858757E-05 1.1471147 6.87651331719081E-08 -2.22213543700711E-08 0.4920492 5.22243213019054E-15 4.98932001757784E-16
6.65866800535475E-05 3.09287148594378E-05 1.6381638 -8.63037460576763E-07 5.78432373562045E-07 0.4910491 1.07941766914341E-12 1.12086572478629E-12
6.6591621253406E-05 3.09298365122616E-05 2.1292129 4.94119985846453E-09 1.12165282383003E-09 0.4910491 2.56735610984958E-17 1.11344550509713E-12
6.67530319735391E-05 3.11394707828004E-05 2.6212621 1.61410720133148E-07 2.0963427053886E-07 0.4920492 6.99999479582613E-14 1.14318575619921E-12
6.6752792256143E-05 3.11349590469099E-05 2.7842784 -2.39717396169681E-10 -4.51173589053866E-09 0.1630163 2.0413225176001E-17 1.13640943526644E-12
6.6693445243805E-05 3.11059152677858E-05 2.9482948 -5.93470123380086E-08 -2.90437791241303E-08 0.1640164 4.36560897925902E-15 1.18042392832838E-12
6.65711237553343E-05 3.08581970128023E-05 3.1123112 -1.22321488470675E-07 -2.47718254983496E-07 0.1640164 7.632688039375E-14 1.07172816716644E-12
6.6749430523918E-05 3.08453872437358E-05 3.2763276 1.7830676858371E-07 -1.28097690665108E-08 0.1640164 3.19573939063019E-14 7.6937173442688E-13
6.71285122296341E-05 3.07676369516879E-05 3.440344 3.79081705716132E-07 -7.77502920478739E-08 0.1640164 1.49748047522182E-13 2.94001074552616E-13
6.71953766721427E-05 3.06679770007041E-05 3.6033603 6.68644425085603E-08 -9.96599509838312E-08 0.1630163 1.44029595020802E-14 1.78844607291944E-13
6.73381566713157E-05 3.08793584379358E-05 3.7673767 1.42779999172987E-07 2.11381437231783E-07 0.1640164 6.50682401700122E-14 3.0019205937531E-13
6.73001129761136E-05 3.10584247901872E-05 3.9313931 -3.80436952020489E-08 1.79066352251375E-07 0.1640164 3.351208125324E-14 5.34164092793897E-13
6.69547613393493E-05 3.09560080740917E-05 4.0954095 -3.45351636764306E-07 -1.02416716095554E-07 0.1640164 1.29756936751583E-13 6.37094444386887E-13
6.67253422743783E-05 3.10516205644035E-05 4.2594259 -2.29419064970998E-07 9.5612490311801E-08 0.1640164 6.1774855675791E-14 1.0524291548697E-12
6.67739894551845E-05 3.10874340949033E-05 4.4224422 4.86471808062134E-08 3.58135304998761E-08 0.1630163 3.64915716725798E-15 1.03383339050609E-12
6.69103221083455E-05 3.10966325036603E-05 4.5864586 1.36332653161006E-07 9.19840875698341E-09 0.1640164 1.86712030415796E-14 8.75799550123434E-13
6.65935222672065E-05 3.16336032388664E-05 4.750475 -3.16799841139058E-07 5.36970735206072E-07 0.1640164 3.88699709813482E-13 2.42428017787226E-12
11
1.73942796610169E-05 3.38843220338983E-05 0 0 0 0 0 0
1.74343575418994E-05 3.38866719872306E-05 0.1640164 4.00778808824924E-08 2.34995333234167E-09 0.1640164 1.61175881669544E-15 1.61175881669544E-15
1.72068345323741E-05 3.38974820143885E-05 0.3280328 -2.27523009525342E-07 1.0810027157838E-08 0.1640164 5.18835765506221E-14 3.53088613384363E-14
1.70743534482759E-05 3.39243534482759E-05 0.4920492 -1.32481084098238E-07 2.68714338873721E-08 0.1640164 1.82733116030078E-14 1.03955295735923E-13
1.72336892052195E-05 3.39068801897983E-05 0.6550655 1.59335756943594E-07 -1.74732584775228E-08 0.1630163 2.56931982026105E-14 2.62981648908566E-14
1.73072976054732E-05 3.3907354618016E-05 0.8190819 7.36084002537467E-08 4.74428217628997E-10 0.1640164 5.41842167004946E-15 8.09637791775237E-15
1.74446308724832E-05 3.38998881431767E-05 0.9830983 1.37333267010018E-07 -7.46647483923368E-09 0.1640164 1.89161744741697E-14 2.77754825418901E-15
1.7513671875E-05 3.38795572916667E-05 1.1471147 6.904100251678E-08 -2.03308515100673E-08 0.1640164 5.18000355164643E-15 1.42772035283087E-14
1.75185714285714E-05 3.38730612244898E-05 1.3111311 4.89955357142691E-09 -6.49606717686879E-09 0.1640164 6.62045139656742E-17 1.55752493103512E-14
1.75125661375661E-05 3.38859126984127E-05 1.4741474 -6.00529100529101E-09 1.28514739229004E-08 0.1630163 2.01223902049219E-16 1.39942207480187E-14
1.77511971268955E-05 3.36871508379888E-05 1.6381638 2.38630989329316E-07 -1.98761860423872E-07 0.1640164 9.64510262274468E-14 1.66266557945508E-13
11
1.76443569553806E-05 3.32375984251968E-05 0 0 0 0 0 0
1.7911877394636E-05 3.30184729064039E-05 0.1640164 2.67520439255438E-07 -2.19125518792907E-07 0.1640164 1.19583178405683E-13 1.19583178405683E-13
1.79222957014643E-05 3.27458667926311E-05 0.3280328 1.04183068283206E-08 -2.72606113772859E-07 0.1640164 7.44226343835101E-14 3.19049945040406E-13
1.77260408483896E-05 3.31565200314218E-05 0.4920492 -1.96254853074706E-07 4.10653238790758E-07 0.1640164 2.07152049884713E-13 1.32459643142499E-14
1.77235049205148E-05 3.31640802422407E-05 0.6560656 -2.53592787486667E-09 7.56021081888747E-09 0.1640164 6.35877178125489E-17 1.16693236100522E-14
1.78419098822325E-05 3.28397337429595E-05 0.9830983 1.18404961717701E-07 -3.24346499281177E-07 0.3270327 1.19220386555325E-13 1.97323464279533E-13
1.80688377535101E-05 3.26491809672387E-05 1.1471147 2.26927871277677E-07 -1.9055277572086E-07 0.1640164 8.78066190975426E-14 5.26419052810653E-13
1.79674250258532E-05 3.21472337125129E-05 1.3111311 -1.01412727656989E-07 -5.01947254725763E-07 0.1640164 2.62235587857561E-13 1.29326818482516E-12
1.79510656807308E-05 3.20282731622445E-05 1.4751475 -1.63593451223996E-08 -1.18960550268476E-07 0.1640164 1.44192406930123E-14 1.55653783382082E-12
1.79582331730769E-05 3.185546875E-05 1.6381638 7.16749234616998E-09 -1.72804412244453E-07 0.1630163 2.99127378376833E-14 2.00880071909512E-12
1.81352785145889E-05 3.18740053050398E-05 1.8021802 1.77045341511935E-07 1.85365550397876E-08 0.1640164 3.16886568238207E-14 2.10039017463516E-12
13
2.2809399877526E-05 9.08634415186773E-06 0 0 0 0 0 0
2.28749084249084E-05 9.12619047619048E-06 0.1640164 6.55085473824002E-08 3.98463243227489E-08 0.1640164 5.87909934218586E-15 5.87909934218586E-15
2.27169444444444E-05 9.10652777777778E-06 0.3280328 -1.57963980463983E-07 -1.96626984126986E-08 0.1640164 2.53392408328942E-14 8.9553858611798E-15
2.27516871165644E-05 9.59815950920245E-06 0.4920492 3.47426721199717E-08 4.91631731424675E-07 0.1640164 2.4290881260966E-13 2.65285722781485E-13
2.28543593130779E-05 9.62483487450462E-06 0.9830983 1.02672196513524E-07 2.66753653021699E-08 0.4910491 1.12531550509158E-14 2.91993609211153E-13
2.29894651539708E-05 9.81361426256078E-06 1.1471147 1.35105840892887E-07 1.88779388056155E-07 0.1640164 5.38912455982303E-14 5.61345317688624E-13
2.28691106405506E-05 9.86924298570672E-06 1.4741474 -1.20354513420271E-07 5.56287231459454E-08 0.3270327 1.75797637394783E-14 6.16495959247431E-13
2.26071691854036E-05 9.93816807961666E-06 1.6381638 -2.61941455146943E-07 6.89250939099377E-08 0.1640164 7.33639944949915E-14 7.6650125672193E-13
2.2593793262575E-05 1.00701430549146E-05 1.8021802 -1.33759228286259E-08 1.31974975297968E-07 0.1640164 1.75963094164167E-14 1.01434649404693E-12
2.24918950534759E-05 1.00170454545455E-05 1.9661966 -1.01898209099051E-07 -5.30976003691741E-08 0.1640164 1.32026001825585E-14 9.67014228101097E-13
2.24622145432692E-05 9.85637019230769E-06 2.130213 -2.96805102067061E-08 -1.60675262237763E-07 0.1640164 2.66974725813044E-14 7.13477759278652E-13
2.23551893408135E-05 9.83713183730715E-06 2.2932293 -1.07025202455766E-07 -1.92383550005388E-08 0.1630163 1.18245082638245E-14 7.69989360268203E-13
2.21515335929893E-05 1.0044182083739E-05 2.4572457 -2.03655747824175E-07 2.07050246431892E-07 0.1640164 8.43454681693315E-14 1.35024155206169E-12
18
2.39424964936886E-05 1.31293828892006E-05 0 0 0 0 0 0
2.37875605815832E-05 1.31661954765751E-05 0.1640164 -1.5493591210544E-07 3.68125873745591E-08 0.1640164 2.53603034491542E-14 2.53603034491542E-14
2.38014028934678E-05 1.31698816308637E-05 0.3270327 1.38423118845772E-08 3.6861542885358E-09 0.1630163 2.05197331748798E-16 2.15475520995788E-14
2.40033453422542E-05 1.31017756047349E-05 0.4910491 2.01942448786468E-07 -6.81060261287101E-08 0.1640164 4.54191834169199E-14 4.46474452732537E-15
2.38279312288613E-05 1.30713077790304E-05 0.6550655 -1.75414113392915E-07 -3.04678257045072E-08 0.1640164 3.16983995805825E-14 1.64979183262234E-14
2.37301587301587E-05 1.28753607503607E-05 0.8190819 -9.77724987026001E-08 -1.95947028669689E-07 0.1640164 4.79546995470299E-14 1.09614572841636E-13
2.35122685185185E-05 1.28814814814815E-05 0.9830983 -2.17890211640213E-07 6.12073112073119E-09 0.1640164 4.75136076780693E-14 2.46551218568086E-13
2.32852673492605E-05 1.2901023890785E-05 1.1461146 -2.27001169257996E-07 1.95424093035008E-08 0.1630163 5.19114366058827E-14 4.84097980443083E-13
2.31997076023392E-05 1.29008771929825E-05 1.310131 -8.55597469213407E-08 -1.46697802525964E-10 0.1640164 7.32049181348914E-15 6.0395019031628E-13
2.34705588822355E-05 1.28812375249501E-05 1.4741474 2.70851279896348E-07 -1.96396680323563E-08 0.1640164 7.37461323819112E-14 2.84301230903062E-13
2.34302919708029E-05 1.28149635036496E-05 1.6381638 -4.02669114326102E-08 -6.62740213004653E-08 0.1640164 6.01367005565621E-15 3.61213023274812E-13
2.30533205619413E-05 1.28393997445722E-05 1.8021802 -3.76971408861667E-07 2.44362409225243E-08 0.1640164 1.42704572969574E-13 8.74724061767414E-13
2.29451788491446E-05 1.28024883359253E-05 1.9651965 -1.08141712796616E-07 -3.69114086468087E-08 0.1630163 1.30570821348775E-14 1.1015025330798E-12
2.29244574290484E-05 1.28080133555927E-05 2.1292129 -2.07214200962227E-08 5.52501966730468E-09 0.1640164 4.59903093128245E-16 1.13968191426491E-12
2.28606128550075E-05 1.28796711509716E-05 2.4572457 -6.38445740409388E-08 7.1657795378945E-08 0.3280328 9.21096927303967E-15 1.23282815985533E-12
2.28606194690265E-05 1.2884587020649E-05 2.6212621 6.61401907464665E-12 4.91586967736701E-09 0.1640164 2.41658184301048E-17 1.23038291375163E-12
2.29278319123021E-05 1.29068209500609E-05 2.7842784 6.72124432755226E-08 2.2233929411934E-08 0.1630163 5.0118601481602E-15 1.07907802947399E-12
2.27532338308458E-05 1.26345771144279E-05 2.9482948 -1.74598081456299E-07 -2.7224383563304E-07 0.1640164 1.0460119608841E-13 1.65917843598052E-12
11
3.58239436619718E-05 2.46614301191766E-05 0 0 0 0 0 0
3.59040368271955E-05 2.4633321529745E-05 0.1640164 8.00931652236372E-08 -2.81085894315538E-08 0.1640164 7.2050079153725E-15 7.2050079153725E-15
3.59340490797546E-05 2.45587423312883E-05 0.3280328 3.0012252559132E-08 -7.45791984566999E-08 0.1640164 6.46279214611695E-15 2.26679848065011E-14
3.59772871664549E-05 2.45803684879288E-05 0.4920492 4.32380867002919E-08 2.16261566405009E-08 0.1640164 2.33722279254145E-15 3.00852184276932E-14
3.62099910594546E-05 2.47301072865445E-05 0.8190819 2.32703892999737E-07 1.49738798615637E-07 0.3270327 7.65728096280874E-14 1.53749146420918E-13
3.61416437886067E-05 2.46689258750858E-05 0.9830983 -6.83472708479016E-08 -6.1181411458687E-08 0.1640164 8.41451454043358E-15 1.0098955682048E-13
3.59534418356457E-05 2.45780416221985E-05 1.1471147 -1.88201952961052E-07 -9.08842528872888E-08 0.1640164 4.36799225212346E-14 2.37234184131265E-14
3.59885082393755E-05 2.4625E-05 1.3111311 3.50664037298642E-08 4.6958377801495E-08 0.1640164 3.43474191629378E-15 2.84086537192824E-14
3.57922732362822E-05 2.45495520716685E-05 1.4751475 -1.96235003093349E-07 -7.54479283314673E-08 0.1640164 4.4200566328557E-14 1.35197133775797E-14
3.57179237947123E-05 2.4702566096423E-05 1.6381638 -7.43494415699075E-08 1.53014024754484E-07 0.1630163 2.89411312333228E-14 1.293238087775E-14
3.57899874055416E-05 2.46081024349286E-05 1.8021802 7.20636108292751E-08 -9.44636614943839E-08 0.1640164 1.41165473486788E-14 3.99686925800901E-15
11
3.69968609865471E-05 1.33764573991031E-05 0 0 0 0 0 0
3.68705128205128E-05 1.33679487179487E-05 0.1640164 -1.26348166034262E-07 -8.50868115442083E-09 0.1640164 1.6036256715209E-14 1.6036256715209E-14
3.66480641258318E-05 1.35450695704779E-05 0.3280328 -2.22448694680999E-07 1.77120852529201E-07 0.1640164 8.08552181659514E-14 1.5008931438054E-13
3.65485971943888E-05 1.34063126252505E-05 0.4920492 -9.94669314430467E-08 -1.38756945227417E-07 0.1640164 2.91471602995402E-14 2.01831761888457E-13
3.63236708144796E-05 1.36009615384615E-05 0.6550655 -2.24926379909135E-07 1.94648913211036E-07 0.1630163 8.84800757932662E-14 5.03587116357249E-13
3.63588975434392E-05 1.35369982025165E-05 0.8190819 3.52267289595432E-08 -6.39633359450613E-08 0.1640164 5.33223077840989E-15 4.32770704302687E-13
3.64883134738772E-05 1.33886342804766E-05 0.9830983 1.29415930437993E-07 -1.4836392203985E-07 0.1640164 3.87603364141783E-14 2.58768849082733E-13
3.64310897435897E-05 1.33464209401709E-05 1.1471147 -5.72237302874328E-08 -4.22133403056861E-08 0.1640164 5.05652140777252E-15 3.20999288222678E-13
3.60775577557756E-05 1.33495599559956E-05 1.3111311 -3.53531987814165E-07 3.13901582465981E-09 0.1640164 1.24994719828182E-13 8.45841902552649E-13
3.60114566284779E-05 1.3378682487725E-05 1.4741474 -6.61011272976779E-08 2.91225317294401E-08 0.1630163 5.21748088435607E-15 9.71026699921113E-13
3.59854651162791E-05 1.33623338870432E-05 1.6381638 -2.59915121988286E-08 -1.63486006818516E-08 0.1640164 9.42835450636493E-16 1.02312107998809E-12
41
4.86869031377899E-05 1.45047748976808E-05 0 0 0 0 0 0
4.8777027027027E-05 1.48225357710652E-05 0.1640164 9.01238892371197E-08 3.17760873384419E-07 0.1640164 1.09094288065253E-13 1.09094288065253E-13
4.87227648384673E-05 1.48213749060856E-05 0.3280328 -5.42621885597043E-08 -1.16086497953383E-09 0.1640164 2.94573271478962E-15 1.0152162689745E-13
4.86012965964344E-05 1.46688276607239E-05 0.4920492 -1.21468242032961E-07 -1.52547245361717E-07 0.1640164 3.80251958900258E-14 3.42417889849566E-14
4.85760018424689E-05 1.4754030400737E-05 0.6560656 -2.52947539654542E-08 8.52027400130542E-08 0.1640164 7.89933148390496E-15 7.4427403107686E-14
4.8802324120603E-05 1.49240577889447E-05 0.8190819 2.26322278134113E-07 1.70027388207737E-07 0.1630163 8.01310863205593E-14 1.8912014618021E-13
4.86957634056488E-05 1.49970323372902E-05 0.9830983 -1.06560714954227E-07 7.2974548345492E-08 0.1640164 1.66804706777846E-14 2.42395891197384E-13
4.88782514450867E-05 1.52977781791908E-05 1.1471147 1.82488039437914E-07 3.00745841900536E-07 0.1640164 1.23749945958356E-13 6.65468379190959E-13
4.90036438982566E-05 1.53325235781652E-05 1.3111311 1.25392453169944E-07 3.47453989744384E-08 0.1640164 1.69305100618695E-14 7.85492587384759E-13
4.91944169144367E-05 1.53668648827222E-05 1.4751475 1.90773016180088E-07 3.43413045569765E-08 0.1640164 3.75736689011233E-14 1.00076937579502E-12
4.90916407061267E-05 1.54327622014538E-05 1.6381638 -1.02776208310047E-07 6.58973187316238E-08 0.1630163 1.49054056106074E-14 1.0249729351871E-12
4.91864724245577E-05 1.53623829344433E-05 1.8021802 9.48317184310596E-08 -7.03792670105034E-08 0.1640164 1.39462960455235E-14 9.85061017001401E-13
4.92498474679683E-05 1.54418344519016E-05 1.9661966 6.33750434105238E-08 7.94515174582777E-08 0.1640164 1.03289397537088E-14 1.19498692703646E-12
4.92021678170837E-05 1.5440681622088E-05 2.130213 -4.76796508845823E-08 -1.15282981355769E-09 0.1640164 2.27467812505467E-15 1.14141908651842E-12
4.91667012879103E-05 1.54188824262568E-05 2.2942294 -3.54665291734264E-08 -2.17991958312567E-08 0.1640164 1.73307963049898E-15 1.06579883865822E-12
4.90579002079002E-05 1.53597713097713E-05 2.4572457 -1.08801080010053E-07 -5.91111164854414E-08 0.1630163 1.53317991035095E-14 8.68657690718136E-13
4.89899216770329E-05 1.5395876526146E-05 2.6212621 -6.7978530867272E-08 3.61052163747395E-08 0.1640164 5.92466730833941E-15 8.85882347378464E-13
4.88689059948682E-05 1.54574294378353E-05 2.7852785 -1.21015682164732E-07 6.1552911689267E-08 0.1640164 1.84335562672221E-14 9.40675712861744E-13
4.88637784446111E-05 1.54453613403351E-05 2.9492949 -5.12755025705758E-09 -1.2068097500233E-08 0.1640164 1.7193074891378E-16 9.15987730268214E-13
4.88901470239507E-05 1.54558335309462E-05 3.1123112 2.63685793395254E-08 1.04721906110878E-08 0.1630163 8.04968752579803E-16 9.45820601170394E-13
4.89961377179431E-05 1.54519421761201E-05 3.2763276 1.05990693992382E-07 -3.89135482610925E-09 0.1640164 1.12491698553695E-14 9.92751878908601E-13
4.89864937580715E-05 1.54268725785622E-05 3.440344 -9.64395987159605E-09 -2.50695975578576E-08 0.1640164 7.21490683717897E-16 9.40018672847616E-13
4.89789848904022E-05 1.5355128750798E-05 3.6043604 -7.50886766924452E-09 -7.17438277641609E-08 0.1640164 5.20355991592781E-15 8.08413425720481E-13
4.90231334841629E-05 1.53382918552036E-05 3.7683768 4.41485937606814E-08 -1.68368955944231E-08 0.1640164 2.23257938430318E-15 8.0780136430026E-13
4.89830739692805E-05 1.53458973322555E-05 3.9313931 -4.00595148823797E-08 7.60547705183612E-09 0.1630163 1.66260801379761E-15 7.95204111370697E-13
4.89966945791097E-05 1.53449757602468E-05 4.0954095 1.36206098292249E-08 -9.2157200865195E-10 0.1640164 1.86370307087108E-16 8.01908226571739E-13
4.8931293612453E-05 1.52724100912507E-05 4.2594259 -6.54009666567106E-08 -7.25656689961323E-08 0.1640164 9.5430627564884E-15 6.48990494513177E-13
4.90184776970954E-05 1.52800829875519E-05 4.4234423 8.71840846424021E-08 7.67289630119627E-09 0.1640164 7.65993795258245E-15 7.11044322598235E-13
4.89553642914331E-05 1.52848945823325E-05 4.5874587 -6.31134056622855E-08 4.81159478066395E-09 0.1640164 4.00645341862553E-15 6.80658113396634E-13
4.90061421468266E-05 1.52730330505996E-05 4.750475 5.0777855393406E-08 -1.18615317329418E-08 0.1630163 2.71908653340523E-15 6.92134134416948E-13
4.89563738538894E-05 1.52547323277137E-05 4.9144914 -4.97682929371734E-08 -1.83007228858951E-08 0.1640164 2.81179944002663E-15 6.35050613696762E-13
4.87647714604236E-05 1.50855629877369E-05 5.0785078 -1.9160239346575E-07 -1.69169339976794E-07 0.1640164 6.53297427699881E-14 3.43378281220845E-13
4.87756211180124E-05 1.49447346132129E-05 5.2425242 1.08496575887926E-08 -1.40828374524027E-07 0.1640164 1.99503461408736E-14 2.01435431305858E-13
4.87735627418463E-05 1.49259950248756E-05 5.4065406 -2.05837616609728E-09 -1.87395883372528E-08 0.1640164 3.55409083490857E-16 1.84936282529267E-13
4.87528260869565E-05 1.48492028985507E-05 5.5695569 -2.07366548898023E-08 -7.67921263248965E-08 0.1630163 6.32703952151762E-15 1.22976483010102E-13
4.86928095502499E-05 1.49384369794559E-05 5.7335733 -6.00165367066623E-08 8.92340809051326E-08 0.1640164 1.15647058732459E-14 1.88097686877655E-13
4.86248218865774E-05 1.52622542034768E-05 5.8975897 -6.79876636724899E-08 3.23817224020916E-07 0.1640164 1.09479916984255E-13 5.77628980461317E-13
4.85003854455751E-05 1.53246222633364E-05 6.0616061 -1.24436441002288E-07 6.23680598596437E-08 0.1640164 1.93742027399721E-14 7.06938552481656E-13
4.84542632450331E-05 1.5326848785872E-05 6.2256225 -4.61222005419728E-08 2.22652253554756E-09 0.1640164 2.13221478543526E-15 7.2992679734769E-13
4.82647859001656E-05 1.5208836053939E-05 6.3886388 -1.89477344867512E-07 -1.18012731933002E-07 0.1630163 4.98286691163327E-14 6.73885074051206E-13
4.84744158532978E-05 1.53014640638864E-05 6.5526552 2.09629953132243E-07 9.2628009947461E-08 0.1640164 5.25246654770533E-14 6.7986447362028E-13
42
5.55775061124694E-05 3.74705378973105E-05 0 0 0 0 0 0
5.51985952262556E-05 3.76016907011437E-05 0.1630163 -3.78910886213845E-07 1.31152803833196E-07 0.1630163 1.6077451764467E-13 1.6077451764467E-13
5.51183478471214E-05 3.75021770682148E-05 0.3270327 -8.02473791341569E-08 -9.95136329289039E-08 0.1640164 1.63426049966098E-14 2.11827349772897E-13
5.50778645833333E-05 3.75766927083333E-05 0.4910491 -4.04832637881043E-08 7.4515640118527E-08 0.1640164 7.19147526921106E-15 2.60910501540757E-13
5.49014598540146E-05 3.74767504731008E-05 0.6550655 -1.76404729318733E-07 -9.9942235232497E-08 0.1640164 4.11070789092833E-14 4.57077139668738E-13
5.4906125E-05 3.7477125E-05 0.8190819 4.66514598540613E-09 3.74526899165062E-10 0.1640164 2.19038574633491E-17 4.50795988102535E-13
5.48828900147773E-05 3.74289634789951E-05 0.9820982 -2.32349852227145E-08 -4.81615210048574E-08 0.1630163 2.85939664380108E-15 4.84219955431329E-13
5.48158536585366E-05 3.74126524390244E-05 1.1461146 -6.70363562407061E-08 -1.6311039970752E-08 0.1640164 4.75992308295833E-15 5.83465186862932E-13
5.48010296789824E-05 3.73924389259035E-05 1.310131 -1.48239795541443E-08 -2.02135131209005E-08 0.1640164 6.28336482510503E-16 6.09015101095523E-13
5.48547579298831E-05 3.7358421443146E-05 1.4741474 5.37282509006971E-08 -3.40174827575055E-08 0.1640164 4.04391407800544E-15 5.34935034726228E-13
5.48645394340759E-05 3.74329721051575E-05 1.6381638 9.78150419272339E-09 7.45506620115535E-08 0.1640164 5.65347903063315E-15 5.09732673239652E-13
5.49915862687907E-05 3.7548350908683E-05 1.8011801 1.27046834714811E-07 1.15378803525431E-07 0.1630163 2.94531665140125E-14 3.493569279554E-13
5.49079039403124E-05 3.7505012823502E-05 1.9651965 -8.36823284782397E-08 -4.33380851809915E-08 0.1640164 8.88092172669489E-15 4.49555589493288E-13
5.48545380875203E-05 3.77166734197731E-05 2.1292129 -5.33658527921688E-08 2.11660596271116E-07 0.1640164 4.76481222580799E-14 5.83265460516838E-13
5.48784607938044E-05 3.77653436592449E-05 2.2932293 2.39227062841891E-08 4.8670239471825E-08 0.1640164 2.94108808620438E-15 5.75574794817157E-13
5.48837719298246E-05 3.78050152555301E-05 2.4572457 5.31113602011146E-09 3.96715962852099E-08 0.1640164 1.6020437176408E-15 5.93142219331525E-13
5.47257610417033E-05 3.77607337673764E-05 2.620262 -1.58010888121233E-07 -4.4281488153743E-08 0.1630163 2.69282909579707E-14 8.09683308577649E-13
5.46669470515318E-05 3.77511067823623E-05 2.7842784 -5.88139901715437E-08 -9.62698501407289E-09 0.1640164 3.55176428035962E-15 9.07836702714866E-13
5.46315024098388E-05 3.77763420309124E-05 2.9482948 -3.54446416929974E-08 2.52352485501035E-08 0.1640164 1.89314039413047E-15 9.88439173518906E-13
5.46299373586219E-05 3.77894118670611E-05 3.1123112 -1.56505121690031E-09 1.30698361486594E-08 0.1640164 1.73270002264326E-16 9.99567151852678E-13
5.45975267720551E-05 3.77750722420534E-05 3.2753275 -3.24105865668116E-08 -1.43396250077004E-08 0.1630163 1.25607096696626E-15 1.05310067476693E-12
5.46487796723504E-05 3.77885740554998E-05 3.4393439 5.12529002953102E-08 1.35018134464531E-08 0.1640164 2.80915875502382E-15 9.63679798492022E-13
5.45745290128108E-05 3.77823285606632E-05 3.6033603 -7.42506595395369E-08 -6.24549483667636E-09 0.1640164 5.55216664781117E-15 1.10317648019343E-12
5.45780216476248E-05 3.78206930246542E-05 3.7673767 3.4926348139237E-09 3.8364463991087E-08 0.1640164 1.48403059526684E-15 1.12157780867092E-12
5.44909247757074E-05 3.77775362318841E-05 3.9313931 -8.70968719173888E-08 -4.31567927701835E-08 0.1640164 9.44837386000259E-15 1.27490697883054E-12
5.45032791559738E-05 3.77718491588252E-05 4.0944094 1.23543802663804E-08 -5.68707305885141E-09 0.1630163 1.84973511743042E-16 1.24475203037753E-12
5.44194608567208E-05 3.77316838995569E-05 4.2584258 -8.38182992529397E-08 -4.01652592683348E-08 0.1640164 8.63875534174791E-15 1.40926604885112E-12
5.44326758147513E-05 3.77171760486512E-05 4.4224422 1.32149580304599E-08 -1.45078509056944E-08 0.1640164 3.85112853648675E-16 1.37146678827017E-12
5.43440969507428E-05 3.76888193901485E-05 4.5864586 -8.85788640085181E-08 -2.83566585026236E-08 0.1640164 8.65031523047396E-15 1.56894497034689E-12
5.42517480022831E-05 3.75269335045662E-05 4.750475 -9.23489484596587E-08 -1.61885885582343E-07 0.1640164 3.47353682323842E-14 1.76081503124256E-12
5.42364635585718E-05 3.75162658601357E-05 4.9134913 -1.52844437112591E-08 -1.06676444304767E-08 0.1630163 3.47412857257731E-16 1.80048617794831E-12
5.43201430178371E-05 3.7669853768279E-05 5.0775077 8.36794592652055E-08 1.5358790814323E-07 0.1640164 3.05914974307304E-14 1.62068876816343E-12
5.41814347686375E-05 3.75406892673522E-05 5.2415241 -1.38708249199524E-07 -1.29164500926777E-07 0.1640164 3.59234466956607E-14 1.95393641178735E-12
5.42533010972661E-05 3.75576064720104E-05 5.4055405 7.18663286286016E-08 1.69172046582275E-08 0.1640164 5.45096100400252E-15 1.76109985898986E-12
5.42853033472803E-05 3.76660564853556E-05 5.5695569 3.20022500142017E-08 1.08450013345234E-07 0.1640164 1.27855494005528E-14 1.70801550463353E-12
5.42842522974102E-05 3.76995091896408E-05 5.7325732 -1.05104987014215E-09 3.34527042851249E-08 0.163016300000001 1.12018812981754E-15 1.72493328287668E-12
5.42262445580163E-05 3.76768881317433E-05 5.8965896 -5.80077393939149E-08 -2.26210578974459E-08 0.1640164 3.87661008999195E-15 1.86848820779365E-12
5.42467876039305E-05 3.77068216175359E-05 6.060606 2.0543045914188E-08 2.99334857925757E-08 0.1640164 1.31803030712677E-15 1.82664174541173E-12
5.42443004676539E-05 3.7703429462198E-05 6.2246224 -2.48713627652819E-09 -3.39215533792725E-09 0.1640164 1.76925646946508E-17 1.83167577236364E-12
5.42346628592483E-05 3.77277542372881E-05 6.3886388 -9.63760840559758E-09 2.43247750901645E-08 0.1640164 6.84578178966733E-16 1.86938824827291E-12
5.41802217332431E-05 3.77438219363575E-05 6.5516551 -5.44411260052797E-08 1.6067699069346E-08 0.1630163 3.22200715410581E-15 2.02708780242787E-12
5.4203901792991E-05 3.76887734311328E-05 6.7156715 2.36800597479743E-08 -5.50485052246401E-08 0.1640164 3.59108315713486E-15 1.93441557471244E-12
