x y time dx dy dt dr^2 TotalDisplacementSquared
34
1.44216160220994E-05 5.13087016574586E-05 0 0 0 0 0 0
1.44132653061224E-05 5.13112244897959E-05 0.4920492 -8.35071597699866E-09 2.5228323373554E-09 0.4920492 7.60991403309067E-17 7.60991403309067E-17
1.44130434782609E-05 5.1320652173913E-05 0.8190819 -2.21827861579982E-10 9.42768411712791E-09 0.3270327 8.8930435412519E-17 2.16303351393229E-16
1.44722222222222E-05 5.13472222222222E-05 1.3111311 5.91787439613523E-08 2.65700483091749E-08 0.4920492 4.20809120399517E-15 4.0448214005774E-15
1.44868421052632E-05 5.13508771929825E-05 1.4751475 1.46198830409361E-08 3.65497076023757E-09 0.1640164 2.27099791388842E-16 6.03321772160657E-15
1.44821428571429E-05 5.13482142857143E-05 1.6381638 -4.69924812029987E-09 -2.66290726817431E-09 0.1630163 2.91740080150374E-17 5.22474555204698E-15
1.44902426160338E-05 5.13412447257384E-05 1.8021802 8.0997588908982E-09 -6.96955997588589E-09 0.1640164 1.14180860348155E-16 5.76866068809044E-15
1.44727272727273E-05 5.135E-05 1.9661966 -1.75153433064832E-08 8.75527426160261E-09 0.1640164 3.83442078539847E-16 4.31791303741029E-15
1.44662802950474E-05 5.13508956796628E-05 2.130213 -6.44697767985392E-09 8.95679662804127E-10 0.1640164 4.23657632628955E-17 3.77523278774294E-15
1.44785202863962E-05 5.13478520286396E-05 2.4572457 1.22399913487623E-08 -3.04365102319082E-09 0.3270327 1.59081199768747E-16 4.77084685876657E-15
1.44662802950474E-05 5.13556375131718E-05 2.6212621 -1.22399913487623E-08 7.78548453214256E-09 0.1640164 2.10431157618007E-16 4.19787182950062E-15
1.44799890350877E-05 5.13448464912281E-05 2.9492949 1.37087400403004E-08 -1.07910219436889E-08 0.3280328 3.04375708081711E-16 4.71385765355406E-15
1.44123287671233E-05 5.13188356164384E-05 3.1123112 -6.76602679644311E-08 -2.60108747897121E-08 0.1630163 5.25447746834471E-15 1.88950229596333E-16
1.44780487804878E-05 5.135E-05 3.2763276 6.57200133645173E-08 3.11643835616451E-08 0.1640164 5.29033895940966E-15 4.89020931598869E-15
1.44642058165548E-05 5.13520693512304E-05 3.440344 -1.3842963932996E-08 2.06935123042484E-09 0.1640164 1.95909864965089E-16 3.69464745484002E-15
1.44805057955743E-05 5.13508956796628E-05 3.6043604 1.62999790194789E-08 -1.17367156762072E-09 0.1640164 2.67066820984093E-16 5.2483409296901E-15
1.44188356164384E-05 5.13188356164384E-05 3.7683768 -6.16701791359322E-08 -3.20600632244492E-08 0.1640164 4.83105864861365E-15 1.1042778024436E-16
1.4484303652968E-05 5.13541666666667E-05 3.9313931 6.54680365296798E-08 3.5331050228308E-08 0.1630163 5.53434691728671E-15 5.99680612620906E-15
1.44785202863962E-05 5.13478520286396E-05 4.0954095 -5.78336657185474E-09 -6.31463802704957E-09 0.1640164 7.33219823171073E-17 4.77084685876657E-15
1.44686581782566E-05 5.13437806072478E-05 4.2594259 -9.86210813957023E-09 -4.07142139182071E-09 0.1640164 1.13837649106353E-16 3.44349717423028E-15
1.44834014300306E-05 5.13478038815117E-05 4.4234423 1.4743251774032E-08 4.02327426395033E-09 0.1640164 2.33550208675463E-16 5.34642055912935E-15
1.4465811965812E-05 5.1352297008547E-05 4.5874587 -1.75894642186769E-08 4.49312703526772E-09 0.1640164 3.29577442055169E-16 3.85383607716518E-15
1.447325E-05 5.134575E-05 4.750475 7.43803418803424E-09 -6.54700854700962E-09 0.1630163 9.81876734969832E-17 4.03864735890254E-15
1.44830375782881E-05 5.13499478079332E-05 4.9144914 9.7875782880994E-09 4.19780793318836E-09 0.1640164 1.13418280189614E-16 5.47385249361132E-15
1.44714514407684E-05 5.13521878335112E-05 5.0785078 -1.15861375196893E-08 2.24002557801839E-09 0.1640164 1.39256297215328E-16 4.37461646159249E-15
1.44187817258883E-05 5.1317576142132E-05 5.2425242 -5.26697148800856E-08 -3.46116913792329E-08 0.1640164 3.97206804568078E-15 8.67897132310296E-17
1.44285234899329E-05 5.13214765100671E-05 5.4055405 9.74176404456095E-09 3.90036793513815E-09 0.1630163 1.10114836729354E-16 2.10909971040184E-16
1.44070548712206E-05 5.13143896976484E-05 5.8975897 -2.14686187122801E-08 -7.08681241874132E-09 0.4920492 5.1112449967169E-16 2.44380916117303E-16
1.44696462715105E-05 5.13353250478011E-05 6.0616061 6.25914002899108E-08 2.09353501527758E-08 0.1640164 4.35597227627118E-15 3.01570977182313E-15
1.44752693437806E-05 5.13437806072478E-05 6.2246224 5.62307227009029E-09 8.45555944664511E-09 0.1630163 1.03115427310408E-16 4.10921164573728E-15
1.44613453815261E-05 5.13461345381526E-05 6.7166716 -1.3923962254502E-08 2.3539309048175E-09 0.4920492 1.99417715569451E-16 2.97964255750733E-15
1.44734536082474E-05 5.13355670103093E-05 6.880688 1.21082267213186E-08 -1.05675278433353E-08 0.1640164 2.5828179905452E-16 3.40888252144208E-15
1.44561704211557E-05 5.13437806072478E-05 7.2077207 -1.72831870916941E-08 8.21359693851775E-09 0.3270327 3.66171730714929E-16 2.42453921245611E-15
1.44634670487106E-05 5.13476599808978E-05 7.5357535 7.29662755487226E-09 3.87937365000823E-09 0.3280328 6.82903135908993E-17 3.26925939360384E-15
11
4.86731927710843E-05 1.36282630522088E-05 0 0 0 0 0 0
4.86731927710843E-05 1.36217369477912E-05 0.1640164 0 -6.5261044176701E-09 0.1640164 4.25900388703332E-17 4.25900388703332E-17
4.85352233676976E-05 1.36012027491409E-05 0.3270327 -1.37969403386741E-07 -2.0534198650271E-08 0.1630163 1.9457209585102E-14 1.97678162730221E-14
4.87083333333333E-05 1.36944444444444E-05 0.4910491 1.73109965635739E-07 9.32416953035506E-08 0.1640164 3.86610739454868E-14 5.61483579341929E-15
4.8703182374541E-05 1.36793145654835E-05 0.6550655 -5.15095879233485E-09 -1.5129878960968E-08 0.1640164 2.55445613853873E-16 3.5056333231188E-15
4.87045724465558E-05 1.35302850356295E-05 0.8190819 1.39007201482144E-09 -1.49029529854022E-07 0.1640164 2.22117330687174E-14 1.05843757655251E-14
4.86624266144814E-05 1.3625E-05 1.1461146 -4.21458320744108E-08 9.47149643705458E-08 0.3270327 1.07471956369582E-14 1.2655763771632E-16
4.86751467710372E-05 1.3625E-05 1.310131 1.27201565557726E-08 0 0.1640164 1.61802382803365E-16 1.44656255333061E-17
4.86710526315789E-05 1.36052631578947E-05 1.4741474 -4.094139458239E-09 -1.97368421052637E-08 0.1640164 4.0630491419162E-16 5.33575335562256E-16
4.86644329896907E-05 1.36384020618557E-05 1.8021802 -6.61964188822139E-09 3.31389039609338E-08 0.3280328 1.14200661446029E-15 1.79533286682523E-16
4.86666666666667E-05 1.3625E-05 2.2932293 2.23367697594057E-09 -1.34020618556701E-08 0.4910491 1.84604574816053E-16 5.32375485879628E-17
55
4.725E-05 4.89032186948854E-05 0 0 0 0 0 0
4.725E-05 4.89144248608534E-05 0.1630163 0 1.12061659680691E-08 0.1630163 1.2557815570391E-16 1.2557815570391E-16
4.725E-05 4.88770670147955E-05 0.3270327 0 -3.7357846057958E-08 0.1640164 1.39560866209009E-15 6.83910371523891E-16
4.725E-05 4.89154761904762E-05 0.4910491 0 3.84091756807194E-08 0.1640164 1.47526477647237E-15 1.50246198159231E-16
4.725E-05 4.8635911179173E-05 0.6550655 0 -2.79565011303141E-07 0.1640164 7.81565955449256E-14 7.14533079562873E-14
4.725E-05 4.8635911179173E-05 0.8190819 0 0 0.1640164 0 7.14533079562873E-14
4.725E-05 4.86354625550661E-05 0.9820982 0 -4.48624106972773E-10 0.1630163 2.01263589357118E-19 7.16933504109237E-14
4.725E-05 4.86377697841727E-05 1.1461146 0 2.30722910658443E-09 0.1640164 5.32330615027039E-18 7.04631241985585E-14
4.725E-05 4.8644922425952E-05 1.310131 0 7.15264177938479E-09 0.1640164 5.11602844242009E-17 6.67169625448711E-14
4.725E-05 4.86364E-05 1.4741474 0 -8.52242595204444E-09 0.1640164 7.26317441080806E-17 7.11922159403262E-14
4.725E-05 4.86496865203762E-05 1.6381638 0 1.32865203761767E-08 0.1640164 1.76531623706559E-16 6.42785635113544E-14
4.725E-05 4.8907729468599E-05 1.8011801 0 2.58042948222858E-07 0.1630163 6.65861631275446E-14 2.03470794959906E-17
4.725E-05 4.86496865203762E-05 1.9651965 0 -2.58042948222858E-07 0.1640164 6.65861631275446E-14 6.42785635113544E-14
4.725E-05 4.892578125E-05 2.2932293 0 2.76094729623821E-07 0.3280328 7.6228299726051E-14 5.09068893301138E-16
4.725E-05 4.86306818181818E-05 2.4562456 0 -2.9509943181818E-07 0.1630163 8.70836746594126E-14 7.42763491633209E-14
4.725E-05 4.86279069767442E-05 2.620262 0 -2.77484143763473E-09 0.1640164 7.6997450040148E-18 7.57965421458459E-14
4.725E-05 4.86220930232558E-05 2.7842784 0 -5.81395348837077E-09 0.1640164 3.38020551649387E-17 7.90316432491634E-14
4.72959183673469E-05 4.85714285714286E-05 3.1123112 4.59183673469354E-08 -5.06644518272452E-08 0.3280328 4.67538313876336E-15 1.12193182483281E-13
4.725E-05 4.86369047619048E-05 3.2763276 -4.59183673469354E-08 6.54761904761898E-08 0.1640164 6.3956279790824E-15 7.09231108995963E-14
4.725E-05 4.86158536585366E-05 3.4393439 0 -2.10511033681726E-08 0.1630163 4.43148953017489E-16 8.25786641157323E-14
4.725E-05 4.86498628257888E-05 3.6033603 0 3.40091672521652E-08 0.1640164 1.15662345718574E-15 6.4189196405698E-14
4.7295E-05 4.854E-05 4.0944094 4.50000000000017E-08 -1.09862825788753E-07 0.4910491 1.409484049029E-14 1.33952820314226E-13
4.725E-05 4.86151851851852E-05 4.2584258 -4.50000000000017E-08 7.51851851851839E-08 0.1640164 7.67781207133055E-15 8.29633027102023E-14
4.725E-05 4.88686165273909E-05 4.4224422 0 2.53431342205715E-07 0.1640164 6.42274452121904E-14 1.19730999531482E-15
4.725E-05 4.86346694796062E-05 4.5864586 0 -2.3394704778471E-07 0.1640164 5.47312211671814E-14 7.21186810270593E-14
4.725E-05 4.86218518518518E-05 4.750475 0 -1.28176277543375E-08 0.1640164 1.64291581248762E-16 7.91673003586438E-14
4.725E-05 4.86381673881674E-05 5.0775077 0 1.63155363155383E-08 0.3270327 2.66196725263648E-16 7.02521951929043E-14
4.725E-05 4.86121933621934E-05 5.4055405 0 -2.59740259740298E-08 0.3280328 6.74650025299573E-16 8.46957442684901E-14
4.7307210031348E-05 4.84498432601881E-05 5.5695569 5.72100313479638E-08 -1.6235010200527E-07 0.1640164 2.96305433079566E-14 2.08822272473775E-13
4.725E-05 4.86287375415282E-05 5.8965896 -5.72100313479638E-08 1.78894281340149E-07 0.3270327 3.52761515830434E-14 7.53399035482561E-14
4.725E-05 4.86251835535977E-05 6.060606 0 -3.55398793058725E-09 0.1640164 1.26308302107599E-17 7.73035397908766E-14
4.725E-05 4.88540744021258E-05 6.2246224 0 2.28890848528124E-07 0.1640164 5.23910205399246E-14 2.41516151083985E-15
4.725E-05 4.88969387755102E-05 6.3886388 0 4.28643733844325E-08 0.1640164 1.83735450564005E-15 3.94373873584226E-17
4.72927178899083E-05 4.85670871559633E-05 6.5516551 4.27178899082534E-08 -3.29851619546908E-07 0.1630163 1.10626909035932E-13 1.14809229576326E-13
4.72916666666667E-05 4.85475391498881E-05 6.7156715 -1.05122324158913E-09 -1.95480060751549E-08 0.1640164 3.83229611817952E-16 1.28244049840537E-13
4.725E-05 4.86251835535977E-05 6.8796879 -4.16666666666643E-08 7.76444037095061E-08 0.1640164 7.76476453851568E-15 7.73035397908766E-14
4.725E-05 4.86414576802508E-05 7.2067206 0 1.62741266531299E-08 0.3270327 2.64847198322112E-16 6.85188287825246E-14
4.725E-05 4.8632892804699E-05 7.5347534 0 -8.56487555181218E-09 0.3280328 7.335709321803E-17 7.30760869050652E-14
4.72782705099778E-05 4.89007760532151E-05 7.6987698 2.82705099778298E-08 2.67883248516107E-07 0.1640164 7.25606565699487E-14 8.05188232735986E-16
4.72777576197388E-05 4.88102322206096E-05 7.8627862 -5.12890239079411E-10 -9.05438326054977E-08 0.1640164 8.19844867928973E-15 9.41696985180189E-15
4.725E-05 4.8625152998776E-05 8.0258025 -2.77576197387504E-08 -1.85079221833568E-07 0.1630163 3.50248038080803E-14 7.73205313527781E-14
4.73197356426618E-05 4.86164539653601E-05 8.1898189 6.97356426618043E-08 -8.6990334159367E-09 0.1640164 4.93873303982645E-15 8.70970699571664E-14
4.72916213275299E-05 4.87151795429815E-05 8.3538353 -2.81143151318801E-08 9.87255776214297E-08 0.164016400000001 1.05371543920196E-14 3.70910575540755E-14
4.72940668202765E-05 4.85440668202765E-05 8.5178517 2.44549274657402E-09 -1.71112722705004E-07 0.1640164 2.92855443062932E-14 1.30931953684341E-13
4.73249265426053E-05 4.86439764936337E-05 8.6818681 3.08597223287919E-08 9.9909673357196E-08 0.1640164 1.09342652925517E-14 7.28205056965919E-14
4.725E-05 4.86049304677623E-05 8.8448844 -7.49265426052901E-08 -3.90460258713716E-08 0.163016300000001 7.13857892313017E-15 8.89758664402051E-14
4.725E-05 4.8905134899913E-05 9.0089008 0 3.00204432150643E-07 0.1640164 9.01227010828901E-14 3.67184170781923E-18
4.725E-05 4.88866874443455E-05 9.1729172 0 -1.84474555674612E-08 0.1640164 3.40308616913455E-16 2.73282244411491E-16
4.72927852348993E-05 4.85643176733781E-05 9.3369336 4.2785234899327E-08 -3.22369770967427E-07 0.164016400000001 1.05752845558982E-13 1.1668447870407E-13
4.725E-05 4.85982517482517E-05 9.50095 -4.2785234899327E-08 3.39340748736703E-08 0.1640164 2.98209776292245E-15 9.30048385390288E-14
4.725E-05 4.86379892037787E-05 9.6639663 0 3.97374555269323E-08 0.163016300000001 1.57906537175492E-15 7.03466829527086E-14
4.725E-05 4.86331592689295E-05 9.8279827 0 -4.82993484917671E-09 0.1640164 2.33282706472916E-17 7.2932093547607E-14
4.725E-05 4.8643006993007E-05 9.9919991 0 9.84772407748835E-09 0.1640164 9.69776695063438E-17 6.7710129794437E-14
4.725E-05 4.86300940438871E-05 10.1560155 0 -1.29129491198441E-08 0.1640164 1.66744254971682E-16 7.45970749828956E-14
4.725E-05 4.86379892037787E-05 10.4830482 0 7.89515989153244E-09 0.3270327 6.23335497128626E-17 7.03466829527086E-14
172
4.78685689310689E-05 1.10629682817183E-05 0 0 0 0 0 0
4.78671032840311E-05 1.10640511406368E-05 0.1630163 -1.4656470378398E-09 1.08285891846904E-09 0.1630163 3.32070467683653E-18 3.32070467683653E-18
4.78811329464521E-05 1.10394355051438E-05 0.3270327 1.40296624210379E-08 -2.46156354929905E-08 0.1640164 8.02760938372056E-16 7.11646055855584E-16
4.79249810318665E-05 1.10570308548305E-05 0.4910491 4.38480854143393E-08 1.75953496867898E-08 0.1640164 2.2322509251036E-15 3.21757815443867E-15
4.78721528048939E-05 1.10323766757777E-05 0.6550655 -5.28282269725437E-08 -2.46541790528596E-08 0.1640164 3.39865010983306E-15 9.48690505617895E-16
4.79223571067274E-05 1.10611090035407E-05 0.8190819 5.02043018334462E-08 2.87323277630271E-08 0.1640164 3.34601858126579E-15 2.89662475600474E-15
4.79196998123827E-05 1.10786116322702E-05 0.9820982 -2.65729434462969E-09 1.75026287294511E-08 0.1630163 3.13403225675007E-16 2.85908144041615E-15
4.79218591691996E-05 1.10575924518744E-05 1.1461146 2.15935681685409E-09 -2.10191803958022E-08 0.1640164 4.46468766373769E-16 2.86874902653362E-15
4.79061368209256E-05 1.10677733065057E-05 1.310131 -1.57223482740392E-08 1.01808546313347E-08 0.1640164 3.50842036274551E-16 1.43443461148722E-15
4.78855664561215E-05 1.10302378712539E-05 1.4741474 -2.05703648040654E-08 -3.75354352518382E-08 0.1640164 1.83204880771727E-15 1.36019562708173E-15
4.79172693726937E-05 1.10452398523985E-05 1.6381638 3.1702916572236E-08 1.50019811446604E-08 0.1640164 1.2301343574509E-15 2.68603022059579E-15
4.79225215517241E-05 1.10501436781609E-05 1.8011801 5.25217903041408E-09 4.9038257623959E-09 0.1630163 5.16328916754591E-17 3.07535573196847E-15
4.79280777537797E-05 1.1047660187185E-05 1.9651965 5.5562020555584E-09 -2.4834909758944E-09 0.1640164 3.70391087095403E-17 3.77563773866076E-15
4.79481842032588E-05 1.10310342446838E-05 2.1292129 2.01064494790728E-08 -1.66259425012356E-08 0.1640164 6.806912747089E-16 7.35837428718279E-15
4.78899678456592E-05 1.10234726688103E-05 2.2932293 -5.82163575996049E-08 -7.56157587350081E-09 0.1640164 3.44632172185578E-15 2.01781698461826E-15
4.792480505013E-05 1.10577422948385E-05 2.4562456 3.48372044708043E-08 3.42696260281805E-08 0.1630163 2.38803808345197E-15 3.18981202591548E-15
4.78904774571087E-05 1.10306556722968E-05 2.620262 -3.43275930213096E-08 -2.70866225416206E-08 0.1640164 1.9120687633489E-15 1.52408824085567E-15
4.79310820367751E-05 1.10455799151344E-05 2.7842784 4.060457966645E-08 1.49242428375214E-08 0.1640164 1.8714649141624E-15 4.21024367748864E-15
4.79316221185122E-05 1.10082732286805E-05 2.9482948 5.40081737121056E-10 -3.7306686453844E-08 0.1640164 1.3920805424482E-15 6.96725327356311E-15
4.80000694444444E-05 1.10192013888889E-05 3.1123112 6.84473259322118E-08 1.0928160208362E-08 0.1640164 4.80446111281006E-15 1.92079259259633E-14
4.79904845505618E-05 1.10161867977528E-05 3.2763276 -9.58489388264638E-09 -3.01459113607905E-09 0.1640164 1.00957950459318E-16 1.70519255183414E-14
4.79744258872651E-05 1.1011099512874E-05 3.4393439 -1.60586632966613E-08 -5.08728487876553E-09 0.1630163 2.83761134313253E-16 1.38960643565425E-14
4.79438361719384E-05 1.10285550148689E-05 3.6033603 -3.05897153267694E-08 1.74555019948404E-08 0.1640164 1.24042523366466E-15 6.84943048334569E-15
4.79612467768846E-05 1.0978689519187E-05 3.7673767 1.74106049462068E-08 -4.98654956818676E-08 0.1640164 2.78969682419124E-15 1.56920929188297E-14
4.79281620819849E-05 1.10455097087379E-05 3.9313931 -3.30846948996708E-08 6.68201895508478E-08 0.1640164 5.55953476821553E-15 3.85614540660648E-15
4.79400711413548E-05 1.10079260748531E-05 4.0944094 1.19090593698772E-08 -3.75836338847861E-08 0.1630163 1.5543552310609E-15 8.14221061235383E-15
4.79051027170311E-05 1.10326706428098E-05 4.2584258 -3.49684243236297E-08 2.47445679567306E-08 0.1640164 1.83508434304268E-15 2.25266444016157E-15
4.79233752083066E-05 1.1035892834252E-05 4.4224422 1.82724912754821E-08 3.22219144221059E-09 0.1640164 3.44266455102826E-16 3.73680788015425E-15
4.79533410138249E-05 1.10087125576037E-05 4.5864586 2.99658055182519E-08 -2.71802766483322E-08 0.1640164 1.63671693903757E-15 1.01299896139814E-14
4.7986873272799E-05 1.10336557441769E-05 4.750475 3.35322589741693E-08 2.49431865731786E-08 0.1640164 1.74657494833516E-15 1.48551421293148E-14
4.79243732590529E-05 1.10414693593315E-05 4.9134913 -6.25000137461242E-08 7.81361515461043E-09 0.1630163 3.96730430005008E-15 3.57632668553968E-15
4.7940557209698E-05 1.10188572238764E-05 5.0775077 1.61839506450718E-08 -2.26121354551108E-08 0.1640164 7.73228928322398E-16 7.12809768390972E-15
4.79425215864188E-05 1.10034391921557E-05 5.2415241 1.96437672084926E-09 -1.54180317206496E-08 0.1640164 2.41574478040372E-16 9.01270773745218E-15
4.79636013935259E-05 1.09923065757004E-05 5.4055405 2.10798071070641E-08 -1.1132616455324E-08 0.1640164 5.68293416812384E-16 1.4024245617997E-14
4.79610503115975E-05 1.09676622587019E-05 5.5695569 -2.55108192840225E-09 -2.46443169984616E-08 0.1640164 6.13850379326083E-16 1.76360437676659E-14
4.79726773902586E-05 1.09528337342153E-05 5.7325732 1.16270786610571E-08 -1.48285244866564E-08 0.163016300000001 3.55074096641777E-16 2.29681898285333E-14
4.79625309981401E-05 1.09621435213887E-05 5.8965896 -1.01463921184575E-08 9.30978717344289E-09 0.1640164 1.89621410236298E-16 1.89945023438037E-14
4.79566524178466E-05 1.10222749131713E-05 6.060606 -5.87858029346222E-09 6.01313917825372E-08 0.1640164 3.65034198397167E-15 9.414650886625E-15
4.79364985552929E-05 1.10211124244812E-05 6.2246224 -2.01538625537694E-08 -1.16248869003499E-09 0.1640164 4.07529555790687E-16 6.36634663225653E-15
4.79162674902307E-05 1.10083511912265E-05 6.3886388 -2.02310650621982E-08 -1.27612332546967E-08 0.1640164 5.72145067731673E-16 5.25817911989228E-15
4.79741655076495E-05 1.09943671766342E-05 6.5516551 5.78980174188359E-08 -1.39840145923085E-08 0.1630163 3.54773308514973E-15 1.58567486042954E-14
4.79669846199349E-05 1.09757468204673E-05 6.7156715 -7.1808877145827E-09 -1.86203561668954E-08 0.1640164 3.98282812151484E-16 1.72932311177238E-14
4.79297581961133E-05 1.09986278000297E-05 6.8796879 -3.72264238216005E-08 2.28809795623519E-08 0.1640164 1.90934585627819E-15 7.88382374059706E-15
4.79429122606459E-05 1.10118605315805E-05 7.0437043 1.31540645325643E-08 1.32327315507812E-08 0.1640164 3.48134598021906E-16 8.13893277674081E-15
4.79293546860208E-05 1.10063111391606E-05 7.2067206 -1.3557574625068E-08 -5.54939241983199E-09 0.1630163 2.14603585943577E-16 6.90493980787191E-15
4.7880055983205E-05 1.10039538138558E-05 7.370737 -4.92987028157898E-08 -2.35732530477684E-09 0.1640164 2.43591908191211E-15 3.61465978386468E-15
4.78835050818746E-05 1.09702145680407E-05 7.5347534 3.44909866960563E-09 -3.37392458151875E-08 0.1640164 1.15023298981032E-15 8.82634000188238E-15
4.78646548495818E-05 1.10183497690675E-05 7.6987698 -1.88502322928201E-08 4.81352010268772E-08 0.1640164 2.67232883539116E-15 2.00613170505283E-15
4.78784619188922E-05 1.1030106330366E-05 7.8627862 1.380706931036E-08 1.17565612984425E-08 0.1640164 3.28851896505121E-16 1.17777905475254E-15
4.79403320546631E-05 1.10429153680173E-05 8.0258025 6.18701357709668E-08 1.28090376512873E-08 0.1630163 3.99198514586996E-15 5.55206525590037E-15
4.79138249141112E-05 1.10285659753149E-05 8.1898189 -2.65071405519421E-08 -1.43493927023357E-08 0.1640164 9.08533571166261E-16 3.23162268699366E-15
4.78970894647741E-05 1.10340864695924E-05 8.3538353 -1.67354493371477E-08 5.52049427746937E-09 0.164016400000001 3.10551121583808E-16 1.64757991450069E-15
4.79377536783359E-05 1.10398592085236E-05 8.5178517 4.06642135618114E-08 5.77273893119745E-09 0.1640164 1.68690277936837E-15 5.32055851830858E-15
4.79242730720607E-05 1.09993362831858E-05 8.6818681 -1.34806062751878E-08 -4.05229253377524E-08 0.1640164 1.82383422347568E-15 7.15198256086223E-15
4.79067267227775E-05 1.09875065754866E-05 8.8448844 -1.75463492832009E-08 -1.18297076992544E-08 0.163016300000001 4.47816357417882E-16 7.15048617547237E-15
4.79141298667363E-05 1.09801737653514E-05 9.0089008 7.40314395886088E-09 -7.33281013513576E-09 0.1640164 1.08576644953568E-16 8.93073079930812E-15
4.7955371191532E-05 1.1004756115005E-05 9.1729172 4.12413247956209E-08 2.45823496535564E-08 0.1640164 2.3051387853876E-15 1.09232887749473E-14
4.7929258341833E-05 1.1021455631648E-05 9.3369336 -2.61128496989471E-08 1.66995166429604E-08 0.164016400000001 9.60754775508315E-16 5.406504694753E-15
4.79434139381196E-05 1.10193376389306E-05 9.50095 1.41555962865354E-08 -2.11799271735735E-09 0.1640164 2.04866799378154E-16 7.5054080704738E-15
4.79647555740202E-05 1.10212574435674E-05 9.6639663 2.13416359006615E-08 1.91980463676344E-09 0.163016300000001 4.59151072759743E-16 1.09916643014899E-14
4.79450106157113E-05 1.1009872611465E-05 9.8279827 -1.97449583089622E-08 -1.13848321024044E-08 0.1640164 5.19477780622591E-16 8.66248135060537E-15
4.79866340097971E-05 1.09868089573128E-05 9.9919991 4.16233940858035E-08 -2.30636541521623E-08 0.1640164 2.26443907807265E-15 1.97396055089779E-14
4.78487659299887E-05 1.10402484271657E-05 10.1560155 -1.37868079808349E-07 5.34394698528651E-08 0.1640164 2.18633843681967E-14 9.08350642674963E-16
4.78156620861961E-05 1.10471580262336E-05 10.3200319 -3.31038437925812E-08 6.90959906793154E-09 0.164016400000001 1.14360703312318E-15 3.04909841288547E-15
4.78569798657718E-05 1.10404362416107E-05 10.4830482 4.13177795756852E-08 -6.7217846228651E-09 0.163016299999999 1.75234129758109E-15 6.41999265868788E-16
4.79257251579552E-05 1.10349655370477E-05 10.6470646 6.87452921833867E-08 -5.47070456306464E-09 0.164016400000001 4.75584380579554E-15 4.05098798096215E-15
4.78218684289576E-05 1.10709297086212E-05 10.811081 -1.03856728997556E-07 3.59641715735339E-08 0.1640164 1.20796417950424E-14 2.2443212157768E-15
4.79337522196421E-05 1.09652369894823E-05 10.9750974 1.1188379068448E-07 -1.05692719138897E-07 0.1640164 2.36889334969024E-14 1.38002665913293E-14
4.78744833974633E-05 1.1022801767137E-05 11.1391138 -5.92688221788222E-08 5.75647776546422E-08 0.1640164 6.82649690889324E-15 1.64832980634233E-15
4.78762753216028E-05 1.09860269111341E-05 11.3021301 1.79192413953899E-09 -3.67748560028396E-08 0.163016300000001 1.35560102615145E-15 5.97936296243163E-15
4.78623309834739E-05 1.10520050849416E-05 11.4661465 -1.39443381289013E-08 6.5978173807526E-08 0.1640164 4.54756398482924E-15 1.59103673761238E-16
4.78539698672725E-05 1.10822372354418E-05 11.6301629 -8.36111620142788E-09 3.02321505001881E-08 0.164016400000001 9.83891187999805E-16 5.84425241331982E-16
4.7815533110208E-05 1.11235357398996E-05 11.7941793 -3.84367570645239E-08 4.12985044577674E-08 0.1640164 3.18295076408546E-15 6.48121528493887E-15
4.78230896032026E-05 1.10850111856823E-05 11.9571956 7.55649299465233E-09 -3.85245542172683E-08 0.163016299999999 1.54124186401747E-15 2.55425887833748E-15
4.78999419953596E-05 1.10983178654292E-05 12.121212 7.68523921569866E-08 1.33066797469077E-08 0.164016400000001 6.08335790613802E-15 2.23386223152582E-15
4.78718803523367E-05 1.10550831906044E-05 12.2852284 -2.80616430229514E-08 -4.32346748248786E-08 0.1640164 2.65669291636055E-15 7.31401726874115E-17
4.79146649810367E-05 1.10520438263801E-05 12.4492448 4.27846286999909E-08 -3.03936422424478E-09 0.1640164 1.8397621878837E-15 2.24418954706381E-15
4.78491085474567E-05 1.10044244887257E-05 12.6132612 -6.55564335799284E-08 -4.76193376543623E-08 0.164016400000001 6.56524730235973E-15 3.80608222828633E-15
4.78916610169492E-05 1.09927457627119E-05 12.7762775 4.25524694924135E-08 -1.16787260138835E-08 0.163016299999999 1.94710530121014E-15 5.46444660590624E-15
4.78552952503209E-05 1.10033697047497E-05 12.9402939 -3.63657666282293E-08 1.06239420378138E-08 0.1640164 1.43533712688166E-15 3.72818097728261E-15
4.78418276253855E-05 1.10341665314072E-05 13.1043103 -1.346762493543E-08 3.07968266575607E-08 0.164016400000001 1.12982145357725E-15 1.5446382506347E-15
4.78979946145125E-05 1.10356079931973E-05 13.2683267 5.61669891269787E-08 1.44146179004068E-09 0.1640164 3.15680847968229E-15 1.61445623407202E-15
4.78434462742981E-05 1.10197759179266E-05 13.4323431 -5.45483402144171E-08 -1.58320752707137E-08 0.1640164 3.22617602752534E-15 2.49672817314318E-15
4.77854719976905E-05 1.10763928983834E-05 13.5953594 -5.79742766075242E-08 5.66169804568055E-08 0.163016300000001 6.56649922421202E-15 7.0853206694988E-15
4.77616651759094E-05 1.10754323196184E-05 13.7593758 -2.38068217811644E-08 -9.60578765004882E-10 0.1640164 5.67687474883904E-16 1.15837651079908E-14
4.78000149857635E-05 1.11069234227484E-05 13.9233922 3.83498098541608E-08 3.14911031300227E-08 0.1640164 2.46239749219601E-15 6.63169783991284E-15
4.78483057228916E-05 1.10424322289157E-05 14.0874086 4.82907371280419E-08 -6.44911938327262E-08 0.164016400000001 6.4911093743399E-15 8.32327070351048E-16
4.78679289387564E-05 1.10577372604021E-05 14.2504249 1.96232158648613E-08 1.53050314863936E-08 0.163016299999999 6.19314589678443E-16 2.77731741708643E-17
4.79126550261097E-05 1.09780923629243E-05 14.4144413 4.47260873532329E-08 -7.96448974777739E-08 0.164016400000001 8.34373258417414E-15 9.14750536706609E-15
4.79270944199483E-05 1.10611981146419E-05 14.5784577 1.44393938386429E-08 8.31057517176514E-08 0.1640164 7.11506206298336E-15 3.4283663400481E-15
4.78344765967258E-05 1.11311390362001E-05 14.7424741 -9.26178232224544E-08 6.99409215582047E-08 0.1640164 1.34697936868768E-14 5.80953902758587E-15
4.7858606557377E-05 1.10543775243526E-05 14.9064905 2.41299606512015E-08 -7.67615118475611E-08 0.1640164 6.4745847021518E-15 1.7305000169301E-16
4.79298037889039E-05 1.08113441587731E-05 15.0695068 7.11972315268738E-08 -2.43033365579461E-07 0.163016300000001 6.4134262561971E-14 6.70644070619956E-14
4.78193816596706E-05 1.10391104294479E-05 15.2335232 -1.10422129233278E-07 2.27766270674735E-07 0.1640164 6.40705206814874E-14 2.98858478256585E-15
4.7813442047817E-05 1.10733497920998E-05 15.3975396 -5.93961185359859E-09 3.42393626519399E-08 0.164016400000001 1.20761294378247E-15 3.14674901486782E-15
4.78977671000565E-05 1.11648106274731E-05 15.561556 8.43250522394783E-08 9.14608353733559E-08 0.1640164 1.54757988423829E-14 1.1224396461082E-14
4.79196782178218E-05 1.1072400990099E-05 15.7255724 2.19111177652564E-08 -9.24096373741392E-08 0.1640164 9.01963816134284E-15 2.70113517978136E-15
4.79171173437303E-05 1.10014463589486E-05 15.8885887 -2.56087409143646E-09 -7.09546311504496E-08 0.163016300000001 5.04111775780855E-15 6.14189535322708E-15
4.79658468119235E-05 1.10597513701377E-05 16.0526051 4.87294681931942E-08 5.83050111891232E-08 0.164016400000001 5.77403540015531E-15 9.47333462368156E-15
4.795832244578E-05 1.10542526783381E-05 16.2166215 -7.52436614355645E-09 -5.4986917995592E-09 0.164016399999998 8.68516973688381E-17 8.13165514526798E-15
4.79945708044205E-05 1.10314829092778E-05 16.3806379 3.62483586404707E-08 -2.27697690603019E-08 0.164016400000001 1.83240588718767E-15 1.68678007658087E-14
4.79915392656475E-05 1.1093100744806E-05 16.5446543 -3.03153877299422E-09 6.16178355281374E-08 0.164016399999998 3.80594788250476E-15 1.60296685180864E-14
4.79508658008658E-05 1.10476551226551E-05 16.7076706 -4.0673464781662E-08 -4.54456221508366E-08 0.163016300000002 3.71963531002171E-15 7.00726761885668E-15
4.79468616786712E-05 1.10422607673085E-05 16.871687 -4.00412219462254E-09 -5.39435534658139E-09 0.164016399999998 4.51320641546601E-17 6.55855548013894E-15
4.80228446420886E-05 1.10336035002152E-05 17.0357034 7.59829634174736E-08 -8.65726709336378E-09 0.164016400000001 5.84835900322697E-15 2.46632854033657E-14
4.80102630114111E-05 1.10284233231283E-05 17.1997198 -1.25816306775732E-08 -5.18017708687246E-09 0.164016400000001 1.8513166515821E-16 2.12705665679904E-14
4.79262732650411E-05 1.09846703217429E-05 17.3637362 -8.39897463699586E-08 -4.37530013854097E-08 0.164016399999998 8.96860262552164E-15 9.46036069548134E-15
4.80246443089431E-05 1.10092915214866E-05 17.5267525 9.83710439019703E-08 2.46211997437484E-08 0.163016300000002 1.02830657551849E-14 2.72407181675267E-14
4.79789439052476E-05 1.09527882875473E-05 17.6907689 -4.57004036955126E-08 -5.6503233939349E-08 0.164016399999998 5.28114234353762E-15 2.4322266040456E-14
4.79479487538505E-05 1.10953164379726E-05 17.8547853 -3.09951513971143E-08 1.42528150425262E-07 0.164016400000001 2.12749730737762E-14 7.34755947787853E-15
4.79216324290419E-05 1.09949427630547E-05 18.0188017 -2.63163248085903E-08 -1.00373674917828E-07 0.164016400000001 1.0767423567941E-14 7.44320600656996E-15
4.79444743313864E-05 1.10165232093452E-05 18.1828181 2.28419023445383E-08 2.15804462904909E-08 0.164016399999998 9.87468164814189E-16 7.91877454509607E-15
4.79475653890443E-05 1.09633163349235E-05 18.3458344 3.09105765784068E-09 -5.32068744217131E-08 0.163016299999999 2.84052612317205E-15 1.61709508726356E-14
4.79363162878788E-05 1.09262152777778E-05 18.5098508 -1.12491011654612E-08 -3.7101057145728E-08 0.164016400000001 1.50303071836135E-15 2.3291088441474E-14
4.79113425925926E-05 1.09725462962963E-05 18.6738672 -2.49736952861994E-08 4.63310185185168E-08 0.164016400000001 2.77024873321109E-15 1.00057215677947E-14
4.79142305107527E-05 1.09588793682796E-05 18.8378836 2.88791816009848E-09 -1.36669280167254E-08 0.164016399999998 1.95124992713781E-16 1.2919481760068E-14
4.78553184338767E-05 1.10535204167367E-05 19.0008999 -5.89120768760267E-08 9.46410484571132E-08 0.163016300000002 1.24275608549085E-14 2.64837828552803E-16
4.7891363022942E-05 1.09795160979372E-05 19.1649163 3.60445890653125E-08 -7.40043187995329E-08 0.164016399999998 6.77585160187015E-15 7.48383760215666E-15
4.79081085753804E-05 1.10902489626556E-05 19.3289327 1.67455524383868E-08 1.10732864718452E-07 0.164016400000001 1.25421808552218E-14 2.30761902467843E-15
4.80162054586808E-05 1.10587566338135E-05 19.4929491 1.08096883300455E-07 -3.14923288421074E-08 0.164016400000001 1.26767029551716E-14 2.18142822633694E-14
4.79163995726496E-05 1.10512820512821E-05 19.6569655 -9.98058860312412E-08 -7.47458253144373E-09 0.164016399999998 1.00170842705005E-14 2.42433825582489E-15
4.79981488337653E-05 1.11456867826731E-05 19.8199818 8.17492611156965E-08 9.44047313910321E-08 0.163016300000002 1.55951950019752E-14 2.36333015830029E-14
4.79943396226415E-05 1.11059176672384E-05 19.9839982 -3.80921112375887E-09 -3.97691154346607E-08 0.164016399999998 1.59609263184073E-15 1.76629165752035E-14
4.79604797166774E-05 1.12227141017386E-05 20.1480146 -3.3859905964114E-08 1.16796434500149E-07 0.164016400000001 1.47879003438462E-14 3.39663195251206E-14
4.7943867120954E-05 1.11178875638842E-05 20.312031 -1.66125957233945E-08 -1.04826537854414E-07 0.164016399999998 1.12645813752119E-14 8.68594495358374E-15
4.79296473181484E-05 1.11524614254225E-05 20.4760474 -1.42198028055844E-08 3.45738615383269E-08 0.164016400000001 1.3975546935011E-15 1.17395921382929E-14
4.79086307481126E-05 1.12192004118051E-05 20.6390637 -2.10165700358615E-08 6.6738986382596E-08 0.163016299999999 4.89578851944861E-15 2.60134276562952E-14
4.79058303886926E-05 1.11166961130742E-05 20.8030801 -2.8003594199788E-09 -1.02504298730874E-07 0.164016400000001 1.05149732711894E-14 4.27509608644958E-15
4.79159015791406E-05 1.1109529930224E-05 20.9670965 1.00711904480733E-08 -7.16618285018811E-09 0.164016400000001 1.52783053683692E-16 4.40836668505322E-15
4.78932877813505E-05 1.10878215434084E-05 21.1311129 -2.26137977901715E-08 -2.17083868156571E-08 0.164016399999998 9.8263790863296E-16 1.22870617587727E-15
4.79018636668905E-05 1.10787441235729E-05 21.2951293 8.57588554004707E-09 -9.07741983549215E-09 0.164016400000001 1.55945363665775E-16 1.35741661965096E-15
4.79030482641829E-05 1.10025402201524E-05 21.4581456 1.1845972923652E-09 -7.62039034204545E-08 0.163016299999999 5.80843816725903E-15 4.84037503659213E-15
4.78706086095992E-05 1.12027461652647E-05 21.622162 -3.24396545836834E-08 2.00205945112307E-07 0.164016400000001 4.11347516478208E-14 1.95420170172285E-14
4.80515934706568E-05 1.1136513797124E-05 21.7861784 1.8098486105761E-07 -6.62323681407404E-08 0.164016400000001 3.71422465215728E-14 3.8906924927649E-14
4.8013956043956E-05 1.10816483516484E-05 21.9501948 -3.76374267007762E-08 -5.48654454756292E-08 0.164016399999998 4.42679299589554E-15 2.14863576062428E-14
4.80710742018982E-05 1.10781924072476E-05 22.1132111 5.7118157942142E-08 -3.45594440072361E-09 0.163016299999999 3.27442751840438E-15 4.12401587117637E-14
4.80514057910197E-05 1.10693453629878E-05 22.2772275 -1.96684108784595E-08 -8.84704425979699E-09 0.164016400000001 4.65116578618711E-16 3.34699845221857E-14
4.80744387971199E-05 1.1137653536637E-05 22.4412439 2.30330061001425E-08 6.83081736491875E-08 0.164016400000001 5.19652595729676E-15 4.79602890501082E-14
4.8190509518477E-05 1.09048152295633E-05 22.6052603 1.16070721357175E-07 -2.32838307073747E-07 0.164016399999998 6.76860895973436E-14 1.28658129726628E-13
4.80677724077329E-05 1.10375659050967E-05 22.7692767 -1.22737110744175E-07 1.32750675533391E-07 0.164016400000001 3.26871402083996E-14 4.03273058530272E-14
4.80026840490797E-05 1.10138036809816E-05 22.932293 -6.50883586531137E-08 -2.37622241150657E-08 0.163016299999999 4.80113772705097E-15 2.04040228446554E-14
4.80049388523048E-05 1.09850658513641E-05 23.0963094 2.25480322504268E-09 -2.87378296175316E-08 0.164016400000001 8.30946988709938E-16 2.46655440729707E-14
4.78622250970246E-05 1.10574601121173E-05 23.2603258 -1.42713755280219E-07 7.2394260753228E-08 0.164016400000001 2.56081449361887E-14 7.05841627355386E-17
4.78145741150442E-05 1.10472898230088E-05 23.4243422 -4.76509819803326E-08 -1.01702891084425E-08 0.164016399999998 2.37405086423928E-15 3.16125422504282E-15
4.78459540732641E-05 1.0997402952433E-05 23.5883586 3.13799582198371E-08 -4.98868705758255E-08 0.164016400000001 3.47340163372789E-15 4.81024419781775E-15
4.77411858974359E-05 1.10599626068376E-05 23.7513749 -1.04768175828184E-07 6.25596544045823E-08 0.163016299999999 1.48900810255861E-14 1.62354713390421E-14
4.77769545222279E-05 1.10762646908533E-05 23.9153913 3.57686247919986E-08 1.63020840157397E-08 0.164016400000001 1.54515246276701E-15 8.56999440317878E-15
4.77601918465228E-05 1.10383693045564E-05 24.0794077 -1.67626757051167E-08 -3.78953862969915E-08 0.164016399999998 1.71704759939312E-15 1.23507021321361E-14
4.77498800383877E-05 1.10921305182342E-05 24.2434241 -1.03118081350644E-08 5.37612136778112E-08 0.164016400000001 2.99660148312565E-15 1.49374892845009E-14
4.77691214470284E-05 1.10631782945736E-05 24.4074405 1.92414086407098E-08 -2.89522236605233E-08 0.164016400000001 1.20846306136775E-15 9.88984618738557E-15
4.79287240537241E-05 1.11398046398046E-05 24.5704568 1.59602606695628E-07 7.66263452309968E-08 0.163016299999999 3.13445888474994E-14 9.52246470562805E-15
4.80257608115323E-05 1.08894821142552E-05 24.7344732 9.70367578082474E-08 -2.50322525549434E-07 0.164016400000001 7.20774991633835E-14 5.48067375846379E-14
4.80201351351351E-05 1.08937837837838E-05 24.8984896 -5.62567639716605E-09 4.30166952857824E-09 0.164016399999998 5.01525956587297E-17 5.15957085563873E-14
4.79742314647378E-05 1.07020795660036E-05 25.062506 -4.59036703973439E-08 -1.91704217780167E-07 0.164016400000001 3.88576540706536E-14 1.41405236151504E-13
4.81016795865633E-05 1.08462532299742E-05 25.2265224 1.27448121825516E-07 1.44173663970543E-07 0.164016400000001 3.70290691395426E-14 1.01305991357477E-13
4.82453682783552E-05 1.08295300497063E-05 25.3895387 1.43688691791866E-07 -1.67231802678778E-08 0.163016299999999 2.09261049071297E-14 1.96471156280228E-13
4.8124918354017E-05 1.07642064010451E-05 25.5535551 -1.20449924338189E-07 -6.5323648661213E-08 0.164016400000001 1.8775363347489E-14 1.54973687989196E-13
4.8099921630094E-05 1.0969696969697E-05 25.7175715 -2.49967239229392E-08 2.054905686519E-07 0.164016399999998 4.28512100117609E-14 6.22236089923832E-14
4.8044670846395E-05 1.09916405433647E-05 25.8815879 -5.52507836990586E-08 2.19435736677127E-08 0.164016400000001 3.53416952467049E-15 3.60995308401457E-14
4.80923335198657E-05 1.10478455512031E-05 26.0446042 4.76626734707111E-08 5.62050078384519E-08 0.163016299999999 5.43073334849607E-15 5.02992881776208E-14
4.81719324026451E-05 1.08438648052902E-05 26.2086206 7.95988827794147E-08 -2.03980745912906E-07 0.164016400000001 4.79441268429166E-14 1.40035729269613E-13
4.79306242274413E-05 1.11747527812114E-05 26.372637 -2.41308175203827E-07 3.30887975921145E-07 0.164016399999998 1.67716488029393E-13 1.63466341347818E-14
4.80203551912568E-05 1.10614754098361E-05 26.5366534 8.97309638155477E-08 -1.13277371375307E-07 0.164016400000001 2.08834087329665E-14 2.3041297448287E-14
4.80660453808752E-05 1.09658292814695E-05 26.7006698 4.56901896183695E-08 -9.56461283665888E-08 0.164016400000001 1.12357752988805E-14 4.84329335974273E-14
4.80417168674699E-05 1.09009036144578E-05 26.8636861 -2.43285134053224E-08 -6.49256670116447E-08 0.163016299999999 4.80721880141992E-15 5.62451642541485E-14
4.80961538461538E-05 1.10384615384615E-05 27.0277025 5.44369786839667E-08 1.37557924003707E-07 0.164016400000001 2.18855671044482E-14 5.23954740392614E-14
4.80333333333333E-05 1.11416666666667E-05 27.1917189 -6.28205128205153E-08 1.03205128205129E-07 0.164016399999998 1.45977153188697E-14 3.33407440470303E-14
4.80789473684211E-05 1.10328947368421E-05 27.3557353 4.56140350877234E-08 -1.08771929824563E-07 0.164016400000001 1.39119729147437E-14 4.51635050041421E-14
4.79926470588235E-05 1.09117647058824E-05 27.5197517 -8.63003095975259E-08 -1.21130030959751E-07 0.164016400000001 2.21202278369391E-14 3.82579031326585E-14
4.78863636363636E-05 1.10833333333333E-05 27.682768 -1.06283422459896E-07 1.71568627450981E-07 0.163016299999999 4.07319598152021E-14 7.31386863809115E-16
4.785E-05 1.099E-05 27.8467844 -3.63636363636317E-08 -9.33333333333337E-08 0.164016399999998 1.00334251606976E-14 5.66917533796112E-15
4.80508817046289E-05 1.08477222630419E-05 28.0108008 2.00881704628948E-07 -1.42277736958119E-07 0.164016400000001 6.05964136885557E-14 7.95687959591892E-14
28
4.79285714285714E-05 1.1E-05 0 0 0 0 0 0
4.79666666666667E-05 1.10583333333333E-05 0.1640164 3.8095238095238E-08 5.83333333333336E-08 0.1640164 4.85402494331067E-15 4.85402494331067E-15
4.79479166666667E-05 1.08020833333333E-05 0.3270327 -1.87500000000043E-08 -2.5625E-07 0.1630163 6.6015625E-14 3.95452451814055E-14
4.79913793103448E-05 1.09224137931034E-05 0.4910491 4.34626436781613E-08 1.20330459770114E-07 0.1640164 1.6368420943982E-14 9.96444951345528E-15
4.79137931034483E-05 1.10689655172414E-05 0.6550655 -7.7586206896548E-08 1.46551724137931E-07 0.1640164 2.74970273483941E-14 4.97464146181656E-15
4.79907407407407E-05 1.09537037037037E-05 0.8190819 7.69476372924629E-08 -1.15261813537675E-07 0.1640164 1.92062245448861E-14 6.00837042635952E-15
4.79375E-05 1.08854166666667E-05 0.9830983 -5.32407407407405E-08 -6.82870370370381E-08 0.1640164 7.49769590192055E-15 1.3209059665533E-14
4.80740740740741E-05 1.10462962962963E-05 1.1461146 1.36574074074076E-07 1.6087962962963E-07 0.1630163 4.45347329389581E-14 2.3314366899023E-14
4.80789473684211E-05 1.09736842105263E-05 1.310131 4.8732943469787E-09 -7.26120857699808E-08 0.1640164 5.29626399765934E-15 2.33054440612811E-14
4.81328125E-05 1.09765625E-05 1.4741474 5.38651315789451E-08 2.87828947368496E-09 0.1640164 2.9097369503114E-15 4.226373166454E-14
4.81111111111111E-05 1.08888888888889E-05 1.6381638 -2.17013888888857E-08 -8.76736111111107E-08 0.1640164 8.15761236496893E-15 4.56664147140341E-14
4.81209677419355E-05 1.0758064516129E-05 1.8011801 9.85663082436616E-09 -1.30824372759857E-07 0.1630163 1.72121696792179E-14 9.55491197519571E-14
4.80357142857143E-05 1.08571428571429E-05 1.9651965 -8.52534562211957E-08 9.90783410138256E-08 0.1640164 1.70846694557113E-14 3.188775510204E-14
4.80795454545454E-05 1.07386363636364E-05 2.1292129 4.38311688311686E-08 -1.18506493506494E-07 0.1640164 1.59649603643112E-14 9.11041069320282E-14
4.79848484848485E-05 1.1E-05 2.2932293 -9.46969696969688E-08 2.61363636363637E-07 0.1640164 7.72784664830119E-14 3.16710706321068E-15
4.801E-05 1.084E-05 2.4572457 2.51515151515136E-08 -1.6E-07 0.1640164 2.62325987144169E-14 3.22306122448974E-14
4.8E-05 1.09375E-05 2.620262 -9.99999999999801E-09 9.75000000000001E-08 0.1630163 9.60624999999999E-15 9.00829081632624E-15
4.80208333333333E-05 1.09270833333333E-05 2.7842784 2.08333333333357E-08 -1.04166666666661E-08 0.1640164 5.42534722222309E-16 1.38290993480725E-14
4.795E-05 1.0825E-05 2.9482948 -7.08333333333329E-08 -1.02083333333335E-07 0.1640164 1.54383680555558E-14 3.10841836734697E-14
4.8125E-05 1.09166666666667E-05 3.1123112 1.74999999999997E-07 9.16666666666668E-08 0.1640164 3.90277777777768E-14 4.55286281179131E-14
4.79310344827586E-05 1.09913793103448E-05 3.2763276 -1.93965517241381E-07 7.47126436781613E-08 0.1640164 4.32046010040963E-14 8.03829260598272E-17
4.79431818181818E-05 1.08522727272727E-05 3.4393439 1.21473354232009E-08 -1.39106583072101E-07 0.1630163 1.9498199211879E-14 2.20368105920056E-14
4.79305555555556E-05 1.08333333333333E-05 3.6033603 -1.2626262626263E-08 -1.89393939393927E-08 0.1640164 5.1812315069887E-16 2.77817145376667E-14
4.79166666666667E-05 1.09351851851852E-05 3.7673767 -1.38888888888928E-08 1.01851851851851E-07 0.1640164 1.05667009602195E-14 4.34268357548792E-15
4.79166666666667E-05 1.08703703703704E-05 3.9313931 0 -6.48148148148149E-08 0.1640164 4.20096021947875E-15 1.69455642339242E-14
4.79711538461538E-05 1.09519230769231E-05 4.0954095 5.44871794871824E-08 8.15527065527064E-08 0.1640164 9.61969667454028E-15 4.12465281970766E-15
4.76931818181818E-05 1.075E-05 4.2584258 -2.77972027972027E-07 -2.01923076923077E-07 0.1630163 1.18041377328964E-13 1.17908268679373E-13
4.78152173913043E-05 1.09782608695652E-05 4.4224422 1.22035573122531E-07 2.28260869565217E-07 0.1640164 6.69957056820136E-14 1.33217275568069E-14
