x y time dx dy dt dr^2 TotalDisplacementSquared
12
2.77892885066458E-06 5.8295543393276E-06 0 0 0 0 0 0
2.625E-06 5.95120689655172E-06 0.1640164 -1.53928850664582E-07 1.21652557224125E-07 0.1640164 3.8493435746088E-14 3.8493435746088E-14
2.4590930341281E-06 5.87938288920056E-06 0.3270327 -1.65906965871903E-07 -7.18240073511636E-08 0.1630163 3.26838093568006E-14 1.04777833922002E-13
2.30873308733087E-06 5.86608241082411E-06 0.4910491 -1.50359946797224E-07 -1.33004783764523E-08 0.1640164 2.27850163259065E-14 2.22418355864223E-13
2.2295852928602E-06 5.67550235143224E-06 0.6550655 -7.91477944706767E-08 -1.90580059391872E-07 0.1640164 4.25851324073821E-14 3.25510359475693E-13
2.31305097738597E-06 5.91136450747413E-06 0.8190819 8.34656845257751E-08 2.35862156041892E-07 0.1640164 6.25974771460862E-14 2.23735096422764E-13
2.4171967769296E-06 5.89874893977947E-06 0.9820982 1.04145799543629E-07 -1.26155676946542E-08 0.1630163 1.10055001108403E-14 1.35637985900304E-13
2.42616421568627E-06 5.89328022875817E-06 1.1461146 8.96743875667338E-09 -5.46871102130453E-09 0.1640164 1.10321758089226E-16 1.28503876675095E-13
2.37132941804592E-06 6.28216764548852E-06 1.310131 -5.48347976403591E-08 3.88887416730351E-07 0.1640164 1.54240277923465E-13 3.70996102384978E-13
2.37315462315462E-06 6.18482905982906E-06 1.4741474 1.82520510870754E-09 -9.73385856594611E-08 0.1640164 9.47813163187309E-15 2.90872850738694E-13
2.1674358974359E-06 6.05820512820513E-06 1.6381638 -2.05718725718726E-07 -1.26623931623931E-07 0.1640164 5.83538141712383E-14 4.26204815102654E-13
2.44816779170685E-06 6.15380906460945E-06 1.8011801 2.80731894270949E-07 9.56039364043217E-08 0.1630163 8.7950509116957E-14 2.14544004990451E-13
13
3.71887159533074E-06 4.96806095979248E-05 0 0 0 0 0 0
3.71881838074398E-06 4.96528993435449E-05 0.1640164 -5.3214586757111E-11 -2.77102543799117E-08 0.1640164 7.67861029591659E-16 7.67861029591659E-16
3.86858974358974E-06 4.9625641025641E-05 0.3280328 1.49771362845761E-07 -2.72583179038364E-08 0.1640164 2.31744770236233E-14 2.54370678570188E-14
3.8551673944687E-06 4.96244541484716E-05 0.4920492 -1.3422349121039E-08 -1.18687716940968E-09 0.1640164 1.81568133342323E-16 2.17299793659427E-14
3.63194444444444E-06 4.96319444444444E-05 0.9830983 -2.2322295002426E-07 7.49029597282913E-09 0.4910491 4.98845899512938E-14 9.9246267244726E-15
3.62980769230769E-06 4.96363324175824E-05 1.1471147 -2.13675213675213E-09 4.38797313797323E-09 0.1640164 2.38200179534895E-17 9.89284752076816E-15
3.61950904392765E-06 4.9625E-05 1.3111311 -1.0298648380044E-08 -1.13324175824161E-08 0.1640164 2.34485846718037E-16 1.29653440026866E-14
3.62285336856011E-06 4.96112945838838E-05 1.4741474 3.34432463245715E-09 -1.37054161162453E-08 0.1630163 1.99022938166697E-16 1.40240710436832E-14
3.61993243243243E-06 4.96263513513513E-05 1.9661966 -2.92093612767319E-09 1.50567674675983E-08 0.4920492 2.35238114435274E-16 1.27329152762396E-14
3.63208955223881E-06 4.96194029850746E-05 2.2932293 1.21571198063735E-08 -6.94836627672402E-09 0.3270327 1.96075355902033E-16 1.12773724597974E-14
3.6230876216968E-06 4.96303894297636E-05 2.4572457 -9.00193054200482E-09 1.09864446889318E-08 0.1640164 2.01736720386038E-16 1.16966348952473E-14
3.63016224188791E-06 4.96264749262537E-05 2.6212621 7.0746201911045E-09 -3.91450350987554E-09 0.1640164 6.53735885772114E-17 1.07999120651819E-14
2.87002840909091E-06 4.85E-05 2.7852785 -7.60133832796996E-07 -1.12647492625369E-06 0.1640164 1.8467492032409E-12 2.11437377753788E-12
11
4.70635704874835E-05 1.16413043478261E-05 0 0 0 0 0 0
4.69961267605634E-05 1.15464788732394E-05 0.1640164 -6.74437269201533E-08 -9.4825474586651E-08 0.1640164 1.35405269314638E-14 1.35405269314638E-14
4.68672883787661E-05 1.16237446197991E-05 0.3280328 -1.28838381797237E-07 7.72657465597017E-08 0.1640164 2.25693242155588E-14 3.8835010250926E-14
4.69366071428571E-05 1.16422619047619E-05 0.4920492 6.93187640910011E-08 1.85172849627655E-08 0.1640164 5.14798089749613E-15 1.61206077940047E-14
4.69762159273116E-05 1.190539818279E-05 0.6550655 3.96087844544581E-08 2.63136278028048E-07 0.1630163 7.08095566204139E-14 7.73763728487523E-14
4.71202437574316E-05 1.19001189060642E-05 0.8190819 1.44027830120031E-07 -5.27927672574258E-09 0.1640164 2.07718866118314E-14 7.01968350826042E-14
4.7220457433291E-05 1.19486975857687E-05 0.9830983 1.00213675859351E-07 4.85786797045318E-08 0.1640164 1.24026689510785E-14 1.19104116497659E-13
4.71810520939734E-05 1.19650153217569E-05 1.4741474 -3.94053393175398E-08 1.6317735988153E-08 0.4910491 1.81904927450951E-15 1.18590722506681E-13
4.72889856169569E-05 1.19101059803179E-05 1.6381638 1.07933522983409E-07 -5.49093414389539E-08 0.1640164 1.46646811608696E-14 1.23066298225758E-13
4.74804003336113E-05 1.21336530442035E-05 1.8021802 1.91414716654492E-07 2.23547063885563E-07 0.1640164 8.66128835237757E-14 4.16154359447476E-13
4.74636723910172E-05 1.22637054161162E-05 1.9661966 -1.67279425941729E-08 1.30052371912745E-07 0.1640164 1.71934435035649E-14 5.47464623019975E-13
15
6.67907986111111E-05 9.63758680555556E-06 0 0 0 0 0 0
6.69405052974735E-05 9.62306438467808E-06 0.1640164 1.49706686362393E-07 -1.45224208774781E-08 0.1640164 2.26229926497505E-14 2.26229926497505E-14
6.69969081272085E-05 9.61395759717314E-06 0.3270327 5.64028297349779E-08 -9.10678750493155E-09 0.1630163 3.26421278077288E-15 4.30394721146717E-14
6.69957890070922E-05 9.61901595744681E-06 0.4910491 -1.1191201162859E-09 5.05836027366335E-09 0.1640164 2.68394384928514E-17 4.23659388439601E-14
6.69984143763213E-05 9.59170190274841E-06 0.6550655 2.62536922915046E-09 -2.73140546983939E-08 0.1640164 7.52950147656223E-16 4.52097302694523E-14
6.69992822966507E-05 9.61722488038277E-06 0.8190819 8.67920329369554E-10 2.55229776343597E-08 0.1640164 6.5217567302216E-16 4.38800551329187E-14
6.69954414587332E-05 9.62619961612284E-06 0.9820982 -3.84083791750811E-09 8.97473574006646E-09 0.1630163 9.52979175125944E-17 4.20083631660572E-14
6.69738017871649E-05 9.57575142160845E-06 1.1461146 -2.16396715683089E-08 -5.04481945143933E-08 0.1640164 3.01329571534634E-15 3.73137771536598E-14
6.72724743150685E-05 9.82523544520548E-06 1.310131 2.98672527903591E-07 2.49484023597031E-07 0.1640164 1.51447556954485E-13 2.67223495745303E-13
6.74578886310905E-05 9.84988399071926E-06 1.4741474 1.85414316021991E-07 2.4648545513779E-08 0.1640164 3.49860193818474E-14 4.90079189584507E-13
6.73284960422164E-05 9.91853562005277E-06 1.6381638 -1.29392588874126E-07 6.86516293335124E-08 0.1640164 2.14554882656945E-14 3.68050763784569E-13
6.71697928331467E-05 9.85610302351624E-06 1.8011801 -1.58703209069657E-07 -6.24325965365333E-08 0.1630163 2.90845376793007E-14 1.913859578482E-13
6.70096566523605E-05 9.85896518836433E-06 1.9651965 -1.60136180786182E-07 2.86216484809287E-09 0.1640164 2.56517883844024E-14 9.69072305945545E-14
6.69625796178344E-05 9.91573779193206E-06 2.1292129 -4.70770345261258E-08 5.67726035677296E-08 0.1640164 5.43937569563262E-15 1.06876685493085E-13
6.69513715710723E-05 1.02010598503741E-05 2.2932293 -1.12080467620785E-08 2.85322058442006E-07 0.1640164 8.15342973458043E-14 3.43285547707744E-13
20
2.29050270921132E-05 3.6933925346177E-05 0 0 0 0 0 0
2.27542256738237E-05 3.67754682503426E-05 0.1630163 -1.50801418289518E-07 -1.58457095834379E-07 0.1630163 4.78497189783958E-14 4.78497189783958E-14
2.31080478975216E-05 3.65689223057644E-05 0.3270327 3.53822223697918E-07 -2.0654594457821E-07 0.1640164 1.67851393204244E-13 1.74444666939109E-13
2.30468668407311E-05 3.68236292428198E-05 0.4910491 -6.11810567905131E-08 2.54706937055431E-07 0.1640164 6.86187454941633E-14 3.22837447037581E-14
2.27670984455959E-05 3.68496113989637E-05 0.6550655 -2.79768395135214E-07 2.59821561438898E-08 0.1640164 7.89454273544187E-14 2.61331532247835E-14
2.29452526799387E-05 3.68795303726391E-05 0.8190819 1.78154234342887E-07 2.99189736753718E-08 0.1640164 3.26340762000881E-14 4.57691106210025E-15
2.2908081705151E-05 3.69104499703967E-05 0.9820982 -3.71709747877666E-08 3.09195977575811E-08 0.1630163 2.3377028921634E-15 5.60423928837648E-16
2.29087982832618E-05 3.6869635193133E-05 1.1461146 7.16578110825594E-10 -4.0814777263634E-08 0.1640164 1.66635952726897E-15 4.14744566109378E-15
2.29558952925649E-05 3.68009238891333E-05 1.310131 4.70970093030907E-08 -6.87113039997484E-08 0.1640164 6.93937158264126E-15 2.02769613929418E-14
2.29696454589607E-05 3.68942447790189E-05 1.4741474 1.37501663957664E-08 9.33208898856392E-08 0.1640164 8.89785556495887E-15 5.75008074402017E-15
2.29072960251046E-05 3.68717311715481E-05 1.6371637 -6.23494338560562E-08 -2.25136074708203E-08 0.1630163 4.3943144235209E-15 3.87326341468697E-15
2.28492283950617E-05 3.67180555555556E-05 1.8011801 -5.80676300428742E-08 -1.53675615992562E-07 0.1640164 2.69880446094894E-14 4.97132610955843E-14
2.28697042366107E-05 3.65815347721823E-05 1.9651965 2.04758415489827E-08 -1.36520783373307E-07 0.1640164 1.90571843800004E-14 1.25426820761195E-13
2.2828125E-05 3.66036931818182E-05 2.1292129 -4.15792366107119E-08 2.2158409635928E-08 0.1640164 2.21982803472315E-15 1.14967214148494E-13
2.29491620111732E-05 3.66019553072626E-05 2.2932293 1.21037011173183E-07 -1.7378745556087E-09 0.1640164 1.46529782817082E-14 1.12151997817279E-13
2.29973339796413E-05 3.68751817741154E-05 2.4562456 4.81719684681181E-08 2.73226466852797E-07 0.1630163 7.69732407349562E-14 1.19713687436884E-14
2.31197916666667E-05 3.71350694444444E-05 2.620262 1.22457687025367E-07 2.59887670329078E-07 0.1640164 8.25374863006785E-14 8.65827707509642E-14
2.31308539944904E-05 3.71332644628099E-05 2.7842784 1.10623278236908E-08 -1.80498163452825E-09 0.1640164 1.25633055579787E-16 9.07338732572633E-14
2.31254325259516E-05 3.68782006920415E-05 2.9482948 -5.42146853880254E-09 -2.55063770768395E-07 0.1640164 6.50869194797094E-14 5.16837923439995E-14
2.33724796224796E-05 3.66749249249249E-05 3.1123112 2.47047096528068E-07 -2.03275767116601E-07 0.1640164 1.02353305399791E-13 2.8559308635474E-13
12
6.83535767511177E-05 2.91259314456036E-05 0 0 0 0 0 0
6.83625621890547E-05 2.89935737976783E-05 0.1640164 8.98543793699957E-09 -1.323576479253E-07 0.1640164 1.75992850592373E-14 1.75992850592373E-14
6.82779078844653E-05 2.89726775956284E-05 0.3270327 -8.46543045894634E-08 -2.08962020498618E-08 0.1630163 7.6030025456343E-15 2.92125199126777E-14
6.82850922131147E-05 2.89385245901639E-05 0.4910491 7.18432864948682E-09 -3.41530054644821E-08 0.1640164 1.21804236040078E-15 3.98114614112567E-14
6.82844478216819E-05 2.88176291793313E-05 0.6550655 -6.44391432885527E-10 -1.20895410832627E-07 0.1640164 1.46161156007085E-14 9.98290962735669E-14
6.825E-05 2.88760580411125E-05 0.8190819 -3.44478216818658E-08 5.84288617811488E-08 0.1640164 4.60058430766621E-15 7.31648616440879E-14
6.83224121557455E-05 2.88786799620133E-05 0.9830983 7.24121557454822E-08 2.62192090083957E-09 0.1640164 5.25039476891823E-15 6.21045281423117E-14
6.82514194464159E-05 2.8874378992193E-05 1.1461146 -7.09927093295875E-08 -4.30096982024963E-09 0.1630163 5.05846311934999E-15 7.37147517208014E-14
6.84285714285714E-05 2.88959492888064E-05 1.310131 1.77151982155536E-07 2.15702966133868E-08 0.1640164 3.18481024776248E-14 5.85159940914517E-14
6.84196603527106E-05 2.88732854343566E-05 1.4741474 -8.91107586078021E-09 -2.2663854449803E-08 0.1640164 5.93057571518436E-16 6.81970493984853E-14
6.83390233362143E-05 2.88714347450302E-05 1.6381638 -8.06370164962971E-08 -1.85068932637833E-09 0.1640164 6.50575348040685E-15 6.49803724880594E-14
6.8417025862069E-05 2.91860632183908E-05 1.8021802 7.80025258546146E-08 3.14628473360553E-07 0.1640164 1.05075470288892E-13 7.64161977903733E-15
11
3.95090981012658E-05 1.51973892405063E-05 0 0 0 0 0 0
3.96481233243968E-05 1.51313672922252E-05 0.1640164 1.39025223130965E-07 -6.60219482811275E-08 0.1640164 2.36869103214504E-14 2.36869103214504E-14
3.97083751253761E-05 1.49099799398195E-05 0.3280328 6.02518009793442E-08 -2.21387352405744E-07 0.1640164 5.26426393264795E-14 1.22315438459577E-13
3.97837014470678E-05 1.49080350342727E-05 0.4910491 7.53263216916551E-08 -1.94490554680016E-09 0.1630163 5.67783739718068E-15 1.59132854190751E-13
3.96569037656904E-05 1.49663777644949E-05 0.6550655 -1.26797681377411E-07 5.8342730222261E-08 0.1640164 1.9481526172475E-14 7.52128164849539E-14
3.97793927648579E-05 1.48997093023256E-05 0.9830983 1.22488999167508E-07 -6.66684621693374E-08 0.3280328 1.94482387650823E-14 1.61672550761639E-13
3.95827223851417E-05 1.48158602150538E-05 1.1471147 -1.96670379716139E-07 -8.38490872718172E-08 0.1640164 4.5709907694007E-14 1.50984932439026E-13
3.94251474926254E-05 1.45530973451327E-05 1.310131 -1.57574892516372E-07 -2.62762869921021E-07 0.1630163 9.38741725606776E-14 4.2215975113519E-13
3.93548298572997E-05 1.46542261251372E-05 1.8021802 -7.03176353257007E-08 1.01128780004469E-07 0.4920492 1.51715999829905E-14 3.18824860993884E-13
3.96279832935561E-05 1.46294749403341E-05 1.9661966 2.73153436256415E-07 -2.47511848030832E-08 0.1640164 7.52254208878436E-14 3.36660341285973E-13
3.9470741599073E-05 1.46071842410197E-05 2.1292129 -1.57241694483083E-07 -2.22906993144303E-08 0.1630163 2.52218257598377E-14 3.49813162679481E-13
19
2.30153846153846E-05 5.1106993006993E-05 0 0 0 0 0 0
2.34181783824641E-05 5.13516628873772E-05 0.1630163 4.0279376707948E-07 2.44669880384166E-07 0.1630163 2.2210616916528E-13 2.2210616916528E-13
2.3670906200318E-05 5.13714228934817E-05 0.3270327 2.5272781785387E-07 1.97600061045406E-08 0.1640164 6.42618077584304E-14 4.99631713181961E-13
2.37810534591195E-05 5.14542059748428E-05 0.4910491 1.10147258801533E-07 8.27830813610504E-08 0.1640164 1.89854571811221E-14 7.06805623309348E-13
2.37719504021448E-05 5.14343163538874E-05 0.6550655 -9.1030569747268E-09 -1.98896209553681E-08 0.1640164 4.78462668033338E-16 6.79532363118158E-13
2.36450252951096E-05 5.13167509836987E-05 0.8190819 -1.26925107035159E-07 -1.17565370188693E-07 0.1640164 2.99315990634911E-14 4.40445794356223E-13
2.35759833134684E-05 5.13887067938021E-05 0.9820982 -6.90419816411953E-08 7.19558101034394E-08 0.1630163 9.94443383658539E-15 3.93633557971596E-13
2.35155826558266E-05 5.14025519421861E-05 1.1461146 -6.0400657641857E-08 1.38451483839432E-08 0.1640164 3.83992757734222E-15 3.37553163834427E-13
2.33044230769231E-05 5.14298076923077E-05 1.310131 -2.11159578903484E-07 2.72557501216042E-08 0.1640164 4.53312436773879E-14 1.87752553303338E-13
2.32563195146613E-05 5.12669362992922E-05 1.4741474 -4.81035622618009E-08 -1.62871393015479E-07 0.1640164 2.88410433650775E-14 8.36314824409626E-14
2.31300947867299E-05 5.15111374407583E-05 1.9651965 -1.26224727931419E-07 2.44201141466085E-07 0.4910491 7.55668794346997E-14 1.76491146753521E-13
2.29402699949058E-05 5.13590168110036E-05 2.1292129 -1.89824791824101E-07 -1.52120629754734E-07 0.1640164 5.91741375880401E-14 6.91582039976341E-14
2.26539183481933E-05 5.13494838104176E-05 2.2932293 -2.86351646712419E-07 -9.53300058591822E-09 0.1640164 8.20881436750849E-14 1.89459652062723E-13
2.27175840978593E-05 5.1417125382263E-05 2.4562456 6.366574966599E-08 6.76415718453498E-08 0.1630163 8.62870992224213E-15 1.84867238428934E-13
2.275E-05 5.14109947643979E-05 2.620262 3.24159021406736E-08 -6.1306178650895E-09 0.1640164 1.08837518700148E-15 1.62846062588106E-13
2.28591954022989E-05 5.16340996168582E-05 3.1123112 1.09195402298852E-07 2.23104852460331E-07 0.4920492 6.16994110745541E-14 3.02236448447964E-13
2.28187563195147E-05 5.16407987866532E-05 3.2753275 -4.04390827841894E-08 6.699169794949E-09 0.1630163 1.68019829236808E-15 3.23611297135332E-13
2.30627697841727E-05 5.16312949640288E-05 3.4393439 2.44013464658E-07 -9.50382262440996E-09 0.1640164 5.96328935788772E-14 2.77137896372607E-13
2.32177346570397E-05 5.15918321299639E-05 3.6033603 1.54964872867048E-07 -3.94628340648779E-08 0.1640164 2.55714270951323E-14 2.76014514521E-13
11
2.61937649164678E-05 7.3506861575179E-06 0 0 0 0 0 0
2.62087076710435E-05 7.38579820317899E-06 0.1640164 1.49427545757561E-08 3.51120456610916E-08 0.1640164 1.45614166481786E-15 1.45614166481786E-15
2.61897654584222E-05 7.2590618336887E-06 0.3280328 -1.89422126213614E-08 -1.26736369490292E-07 0.1640164 1.64209147705726E-14 8.41101238181671E-15
2.63000685871056E-05 7.44650205761317E-06 0.4920492 1.10303128683448E-07 1.8744022392447E-07 0.1640164 4.73006177422126E-14 2.04811571021456E-14
2.62612199747156E-05 7.37199747155499E-06 0.6560656 -3.88486123900726E-08 -7.45045860581754E-08 0.1640164 7.06014802833418E-15 5.00435698919768E-15
2.62790486564996E-05 7.33896151053014E-06 0.8190819 1.78286817840849E-08 -3.30359610248561E-08 0.1630163 1.40923661499397E-15 7.41078366080865E-15
2.64436469150886E-05 7.44777031154551E-06 1.1471147 1.64598258588939E-07 1.08808801015373E-07 0.3280328 3.89319419089141E-14 7.18663461979791E-14
2.62084478021978E-05 7.42427884615385E-06 1.3111311 -2.35199112890772E-07 -2.34914653916647E-08 0.1640164 5.58704716508539E-14 5.63147095402818E-15
2.61048562126967E-05 7.35661964188823E-06 1.4751475 -1.03591589501114E-07 -6.76592042656203E-08 0.1640164 1.53089853372243E-14 7.93996384302886E-15
2.60222634508349E-05 7.11734693877551E-06 1.6381638 -8.25927618618074E-08 -2.39272703112715E-07 0.1630163 6.40729907668268E-14 8.38599437175416E-14
2.60018867924528E-05 7.35754716981132E-06 2.130213 -2.03766583820517E-08 2.40200231035811E-07 0.4920492 5.81113591964757E-14 3.68642879651878E-14
22
3.1893741851369E-05 2.91525423728814E-06 0 0 0 0 0 0
3.06461171662125E-05 2.12363760217984E-06 0.4910491 -1.24762468515643E-06 -7.91616635108299E-07 0.4910491 2.18322425199188E-12 2.18322425199188E-12
3.075E-05 1.88972513089005E-06 0.6550655 1.03882833787466E-07 -2.33912471289784E-07 0.1640164 6.55066873806084E-14 2.35985537064257E-12
3.075E-05 1.87827586206897E-06 0.8190819 0 -1.1449268821087E-08 0.1640164 1.31085756537515E-16 2.38346957324511E-12
3.14924460431655E-05 3.11978417266187E-06 1.1461146 7.42446043165469E-07 1.24150831059291E-06 0.3270327 2.09256901228331E-12 2.02870820145684E-13
3.12974719101124E-05 2.92191011235955E-06 1.310131 -1.94974133053108E-07 -1.9787406030232E-07 0.1640164 7.71690563003374E-14 3.55582143519125E-13
3.12931338028169E-05 2.91930751173709E-06 1.4741474 -4.33810729546025E-09 -2.60260062246154E-09 0.1640164 2.55927049069626E-17 3.60746457019282E-13
3.12063953488372E-05 2.9203488372093E-06 1.6371637 -8.67384539796916E-08 1.04132547221347E-09 0.1630163 7.52464375752616E-15 4.72471169491E-13
3.12058479532164E-05 2.92017543859649E-06 1.8011801 -5.47395620834834E-10 -1.73398612811404E-10 0.1640164 3.29709044634073E-19 4.7322223333789E-13
3.1171535326087E-05 3.21739130434783E-06 1.9651965 -3.43126271294167E-08 2.97215865751335E-07 0.1640164 8.9514627234838E-14 6.12869072451349E-13
3.09768258426966E-05 3.35077247191011E-06 2.1292129 -1.94709483390326E-07 1.33381167562286E-07 0.1640164 5.57023187824065E-14 1.03041109964785E-12
3.09068718186025E-05 3.40189726978251E-06 2.2932293 -6.99540240941303E-08 5.11247978723959E-08 0.1640164 7.5073104444555E-15 1.21073390264781E-12
3.09421040515654E-05 3.38213627992633E-06 2.4562456 3.52322329628763E-08 -1.97609898561733E-08 0.1630163 1.63180695964617E-15 1.12359334375304E-12
3.12418190567854E-05 3.35466794995188E-06 2.620262 2.99715005219994E-07 -2.74683299744582E-08 0.1640164 9.05835935056068E-14 6.18087740974621E-13
3.12464940668824E-05 3.50458468176915E-06 2.7842784 4.67501009704563E-09 1.49916731817271E-07 0.1640164 2.2496882198179E-14 7.66240067314938E-13
3.14460784313725E-05 3.4974645030426E-06 2.9482948 1.99584364490132E-07 -7.12017872655135E-09 0.1640164 3.98846154940279E-14 5.39371331152771E-13
3.14373907979033E-05 3.44437973209086E-06 3.1123112 -8.68763346922918E-09 -5.30847709517404E-08 0.1640164 2.89346788229441E-15 4.88230073249432E-13
3.13244784876141E-05 3.43041069100391E-06 3.2753275 -1.12912310289239E-07 -1.39690410869449E-08 0.1630163 1.29443239237422E-14 5.89446949118545E-13
3.13993247391037E-05 3.40914671577655E-06 3.4393439 7.48462514896637E-08 -2.12639752273613E-08 0.1640164 6.05411800452383E-15 4.88378061208113E-13
3.14074372182872E-05 3.40631036703155E-06 3.6033603 8.11247918344193E-09 -2.83634874499805E-09 0.1640164 7.38571927050307E-17 4.77628318715391E-13
3.13428207306712E-05 3.3893372982158E-06 3.7673767 -6.46164876159858E-08 -1.69730688157488E-08 0.1640164 4.46337553685099E-15 5.28268829889432E-13
3.11891841317365E-05 3.23315868263473E-06 3.9313931 -1.53636598934671E-07 -1.56178615581072E-07 0.1640164 4.79959644970335E-14 5.9746481666479E-13
14
5.80575427682737E-05 4.56862363919129E-05 0 0 0 0 0 0
5.77559952038369E-05 4.5365307753797E-05 0.1640164 -3.01547564436788E-07 -3.20928638115944E-07 0.1640164 1.93926124380714E-13 1.93926124380714E-13
5.77887831603229E-05 4.54342560553633E-05 0.3280328 3.27879564860183E-08 6.89483015663583E-08 0.1640164 5.82891837941452E-15 1.35725816873494E-13
5.78773911609499E-05 4.5402786939314E-05 0.4920492 8.86080006269196E-08 -3.14691160493368E-08 0.1640164 8.84168304002682E-15 1.12798193799996E-13
5.77689081603639E-05 4.54223770258743E-05 0.6550655 -1.0848300058592E-07 1.9590086560342E-08 0.1630163 1.21523329075665E-14 1.52931701929509E-13
5.7865046370323E-05 4.54301247201791E-05 0.8190819 9.61382099590438E-08 7.74769430476141E-09 0.1640164 9.30258218116921E-15 1.02648051622296E-13
5.78512396694215E-05 4.54237333812433E-05 0.9830983 -1.38067009015046E-08 -6.39133893582766E-09 0.1640164 2.31474203176235E-16 1.11468799206662E-13
5.77942502818489E-05 4.57798759864713E-05 1.1471147 -5.69893875725569E-08 3.56142605227994E-07 0.1640164 1.30085345554478E-13 7.8091307076799E-14
5.78329848405646E-05 4.57554887611082E-05 1.3111311 3.87345587156247E-08 -2.43872253630499E-08 0.1640164 2.09510279980236E-15 5.52221535361957E-14
5.79672045809474E-05 4.56005986465383E-05 1.4741474 1.34219740382868E-07 -1.54890114569945E-07 0.1630163 4.2005886299935E-14 1.54948115222539E-14
5.75706084959816E-05 4.56039035591274E-05 1.6381638 -3.96596084965793E-07 3.30491258917931E-09 0.1640164 1.57299377057417E-13 2.43883680887106E-13
5.79371200607903E-05 4.58607522796353E-05 1.8021802 3.6651156480864E-07 2.56848720507818E-07 0.1640164 2.00301992364981E-13 4.49574235451643E-14
5.79371497197758E-05 4.58482786228983E-05 1.9661966 2.96589855466323E-11 -1.24736567369368E-08 0.1640164 1.55592992046352E-16 4.07521707493484E-14
5.79859649122807E-05 4.5628947368421E-05 2.130213 4.88151925048825E-08 -2.19331254477268E-07 0.1640164 5.04891222098609E-14 8.40542168120778E-15
11
7.40891129032258E-05 2.51923387096774E-05 0 0 0 0 0 0
7.39317470256731E-05 2.52983719474014E-05 0.1640164 -1.57365877552678E-07 1.0603323772396E-07 0.1640164 3.60070669201502E-14 3.60070669201502E-14
7.39199877375843E-05 2.53103923973023E-05 0.3280328 -1.17592880888253E-08 1.20204499008913E-08 0.1640164 2.82772072175828E-16 4.25399948150919E-14
7.375E-05 2.53575803981623E-05 0.4920492 -1.69987737584307E-07 4.71880008600571E-08 0.1640164 3.11225383542001E-14 1.42302376747581E-13
7.37173413063477E-05 2.53569457221711E-05 0.8190819 -3.26586936522517E-08 -6.34675991214806E-10 0.3270327 1.06699308468545E-15 1.65309588807363E-13
7.37378762541806E-05 2.51245819397993E-05 0.9830983 2.05349478328571E-08 -2.32363782371781E-07 0.1640164 5.44146114406186E-14 1.27958163496817E-13
7.37511811023622E-05 2.51366141732283E-05 1.1471147 1.33048481816047E-08 1.20322334290144E-08 0.1640164 3.21793626425841E-16 1.1730312599738E-13
7.36606382978723E-05 2.53921276595745E-05 1.3111311 -9.05428044898713E-08 2.55513486346121E-07 0.1640164 7.34851411496405E-14 2.23506111933779E-13
7.37510162601626E-05 2.5194783197832E-05 1.4751475 9.03779622902618E-08 -1.97344461742489E-07 0.1640164 4.71130126481727E-14 1.14315315572949E-13
7.38392295597484E-05 2.53602594339623E-05 1.6381638 8.82132995858313E-08 1.65476236130285E-07 0.1630163 3.51639709476655E-14 9.06390549917802E-14
7.41150684931507E-05 2.51674657534247E-05 1.9661966 2.75838933402255E-07 -1.92793680537605E-07 0.3280328 1.1325652043573E-13 1.29235660110011E-15
11
2.16331562974203E-05 3.31297420333839E-05 0 0 0 0 0 0
2.16284972022382E-05 3.28904876099121E-05 0.1640164 -4.65909518212726E-09 -2.39254423471841E-07 0.1640164 5.72643863187594E-14 5.72643863187594E-14
2.16351744186047E-05 3.31133720930233E-05 0.3280328 6.67721636644458E-09 2.22884483111187E-07 0.1640164 4.97220780301454E-14 2.72047760525969E-16
2.16516536118364E-05 3.2931679721497E-05 0.4910491 1.64791932317279E-08 -1.81692371526303E-07 0.1630163 3.32836816804208E-14 3.95708300306124E-14
2.16325039494471E-05 3.28755924170616E-05 0.6550655 -1.9149662389303E-08 -5.60873044353443E-08 0.1640164 3.51249528844728E-15 6.45924530346513E-14
2.16283783783784E-05 3.28916988416988E-05 0.8190819 -4.12557106869826E-09 1.61064246372291E-08 0.1640164 2.76437251237621E-16 5.66873896179876E-14
2.16990171990172E-05 3.29097051597052E-05 0.9830983 7.06388206388198E-08 1.80063180063215E-08 0.1640164 5.31407046938813E-15 5.27538841374704E-14
2.16480582524272E-05 3.29055604589585E-05 1.1471147 -5.09589465900149E-08 -4.14470074664308E-09 0.1640164 2.61399278184321E-15 5.04794465748747E-14
2.1643018018018E-05 3.29119369369369E-05 1.310131 -5.04023440916512E-09 6.37647797842078E-09 0.1630163 6.60634343086173E-17 4.75363135714221E-14
2.15948415922015E-05 3.34301380991064E-05 1.8021802 -4.81764258165569E-08 5.18201162169475E-07 0.4920492 2.70853412478253E-13 9.1705812937567E-14
2.19455980066445E-05 3.31897840531561E-05 1.9661966 3.50756414443058E-07 -2.40354045950269E-07 0.1640164 1.80800129677615E-13 1.01224865801259E-13
16
6.70018673110721E-05 9.90048330404218E-06 0 0 0 0 0 0
6.6996714848883E-05 9.89826982041174E-06 0.1630163 -5.15246218901666E-09 -2.21348363043994E-09 0.1630163 3.14473763914719E-17 3.14473763914719E-17
6.68700651200651E-05 9.83353683353683E-06 0.3270327 -1.26649728817924E-07 -6.47329868749065E-08 0.1640164 2.02305133994004E-14 2.18536474673532E-14
6.67716845878136E-05 9.64623655913979E-06 0.4910491 -9.83805322514968E-08 -1.87300274397048E-07 0.1640164 4.47601219152972E-14 1.17625493380133E-13
6.66116352201258E-05 9.33838724168913E-06 0.6550655 -1.60049367687833E-07 -3.07849317450657E-07 0.1640164 1.2038700235211E-13 4.68233068117103E-13
6.66108044164038E-05 9.36698212407992E-06 0.8190819 -8.30803722010387E-10 2.8594882390788E-08 0.1640164 8.18357533767504E-16 4.37553696607462E-13
6.65892001915709E-05 9.41115900383142E-06 0.9820982 -2.16042248328989E-08 4.41768797515021E-08 0.1630163 2.41833923520912E-15 4.09732422294152E-13
6.67483713355049E-05 9.61889250814332E-06 1.1461146 1.59171143934003E-07 2.07733504311903E-07 0.1640164 6.84886618749628E-14 1.43553585963707E-13
6.69323012939002E-05 9.63493530499076E-06 1.310131 1.83929958395296E-07 1.60427968474366E-08 0.1640164 3.40876009259836E-14 7.53551705453717E-14
6.70002790178571E-05 9.62137276785714E-06 1.4741474 6.79777239569574E-08 -1.35625371336161E-08 0.1640164 4.80491336786902E-15 7.79052140848354E-14
6.69949521785335E-05 9.61663124335813E-06 1.6381638 -5.32683932365785E-09 -4.74152449901233E-09 0.1640164 5.08572717548017E-17 8.06198114126074E-14
6.69946294307197E-05 9.61627282491944E-06 1.8011801 -3.22747813825686E-10 -3.58418438688446E-10 0.1630163 2.32629928521123E-19 8.08279833551719E-14
6.69947916666667E-05 9.61677631578947E-06 1.9651965 1.62235947016143E-10 5.03490870032763E-10 0.1640164 2.79823558710574E-19 8.0539719927172E-14
6.6820821529745E-05 9.60646836638338E-06 2.1292129 -1.73970136921625E-07 -1.03079494060943E-08 0.1640164 3.03718623614875E-14 1.19222358502817E-13
6.66474617244158E-05 9.598106365834E-06 2.2932293 -1.73359805329255E-07 -8.36200054937564E-09 0.1640164 3.01235451569851E-14 2.17035132613325E-13
6.61963327370304E-05 9.06216457960644E-06 2.4562456 -4.51128987385374E-07 -5.35941786227564E-07 0.1630163 4.90750961484145E-13 1.35166423371602E-12
18
3.32879041248606E-05 3.79487179487179E-05 0 0 0 0 0 0
3.34079710144928E-05 3.80655797101449E-05 0.4920492 1.20066889632106E-07 1.16861761426982E-07 0.4920492 2.80727292697452E-14 2.80727292697452E-14
3.33020984081042E-05 3.82199710564399E-05 0.8190819 -1.05872606388552E-07 1.54391346295014E-07 0.3270327 3.50456965942922E-14 7.37797261256392E-14
3.33013663967611E-05 3.7835020242915E-05 0.9830983 -7.32011343067995E-10 -3.84950813524966E-07 0.1640164 1.4818766467414E-13 1.31084010695814E-14
3.33959709379128E-05 3.74524438573316E-05 1.1471147 9.4604541151682E-08 -3.82576385583405E-07 0.1640164 1.55314710012583E-13 2.57966409864625E-13
3.35137867647059E-05 3.71075367647059E-05 1.3111311 1.1781582679307E-07 -3.44907092625689E-07 0.1640164 1.32841471586441E-13 7.58608751319393E-13
3.31610378912685E-05 3.73828253706755E-05 1.6381638 -3.52748873437349E-07 2.75288605969571E-07 0.3270327 2.00215584287989E-13 3.36329451109428E-13
3.31338028169014E-05 3.76328425096031E-05 1.8021802 -2.72350743671268E-08 2.50017138927618E-07 0.1640164 6.32503190333345E-14 1.23524506150764E-13
3.31330275229358E-05 3.76209043250328E-05 1.9661966 -7.75293965631363E-10 -1.19381845703046E-08 0.1640164 1.43121331567803E-16 1.31448533697404E-13
3.34531656548135E-05 3.78727233304423E-05 2.130213 3.20138131877755E-07 2.51819005409558E-07 0.1640164 1.65901234967638E-13 3.30865552892262E-14
3.34908485856905E-05 3.81301996672213E-05 2.2932293 3.76829308769828E-08 2.57476336778971E-07 0.1630163 6.77140672805978E-14 7.4122068332455E-14
3.3494167962675E-05 3.81811819595645E-05 2.4572457 3.31937698445017E-09 5.09822923432424E-08 0.1640164 2.61021239613673E-15 9.65842871287759E-14
3.33528708133971E-05 3.78921451355662E-05 2.6212621 -1.41297149277833E-07 -2.89036823998352E-07 0.1640164 1.03507170021096E-13 7.42115380730083E-15
3.31377450980392E-05 3.81316176470588E-05 2.7852785 -2.15125715357914E-07 2.39472511492636E-07 0.1640164 1.03626157168845E-13 5.60000329891414E-14
3.3150779588944E-05 3.79335577604536E-05 2.9482948 1.30344909047935E-08 -1.98059886605243E-07 0.1630163 3.93976166352289E-14 1.90329696585632E-14
3.31384758364312E-05 3.8126626394052E-05 3.1123112 -1.23037525127856E-08 1.93068633598465E-07 0.1640164 3.7426879605474E-14 5.39802283041412E-14
3.32616017964072E-05 3.80677395209581E-05 3.2763276 1.23125959975958E-07 -5.88868730939609E-08 0.1640164 1.86276658427855E-14 1.48579471405877E-14
3.332805907173E-05 3.81722925457103E-05 3.440344 6.64572753227759E-08 1.04553024752185E-07 0.1640164 1.53479044281583E-14 5.15980201783565E-14
10
2.9144701986755E-05 4.46192052980132E-05 0 0 0 0 0 0
2.94756857855362E-05 4.46215710723192E-05 0.4920492 3.30983798781194E-07 2.3657743059573E-09 0.4920492 1.09555871943697E-13 1.09555871943697E-13
2.956645256917E-05 4.45916501976285E-05 0.6550655 9.07667836338E-08 -2.99208746907382E-08 0.1630163 9.13386775348392E-15 1.78632837324602E-13
2.95314735336195E-05 4.46069384835479E-05 0.9830983 -3.49790355505029E-08 1.52882859194676E-08 0.3280328 1.45726461439873E-15 1.49742704201078E-13
2.95577956989247E-05 4.45986559139785E-05 1.1471147 2.63221653052739E-08 -8.28256956943107E-09 0.1640164 7.61457345030629E-16 1.71068692218404E-13
2.96239106753813E-05 4.46247276688453E-05 1.3111311 6.61149764565323E-08 2.60717548668197E-08 0.1640164 5.05092651368336E-15 2.29671463834542E-13
2.95771169354839E-05 4.46489415322581E-05 1.4741474 -4.67937398973923E-08 2.42138634127471E-08 0.1630163 2.77596527495598E-15 1.87866931511284E-13
2.95640417457305E-05 4.46449240986717E-05 1.6381638 -1.3075189753323E-08 -4.01743358633411E-09 0.1640164 1.87100359706008E-16 1.7650729016501E-13
2.95176174496644E-05 4.46161912751678E-05 1.8021802 -4.6424296066121E-08 -2.87328235039439E-08 0.1640164 2.98079041174365E-15 1.3907502681069E-13
2.95145310435931E-05 4.45501981505944E-05 1.9661966 -3.08640607129718E-09 -6.59931245733318E-08 0.1640164 4.36461839338823E-15 1.41535517676684E-13
22
5.14617088607595E-05 1.40553797468354E-05 0 0 0 0 0 0
5.175E-05 1.43723484848485E-05 0.3280328 2.88291139240506E-07 3.16968738013042E-07 0.3280328 1.83580961842169E-13 1.83580961842169E-13
5.19908503767492E-05 1.41106027987083E-05 0.8190819 2.40850376749194E-07 -2.61745686140197E-07 0.4910491 1.26519708193231E-13 2.83040329402029E-13
5.20613354037267E-05 1.40667701863354E-05 0.9830983 7.0485026977515E-08 -4.38326123728849E-08 0.1640164 6.88943693545261E-15 3.59681733142816E-13
5.19588913690476E-05 1.42866443452381E-05 1.310131 -1.02444034679088E-07 2.19874158902691E-07 0.3270327 5.8839425994496E-14 3.00673761022013E-13
5.19935718278368E-05 1.43518725544997E-05 1.4741474 3.46804587891611E-08 6.52282092616261E-08 0.1640164 5.45745350530519E-15 3.70786200744902E-13
5.20653225806452E-05 1.433E-05 1.6381638 7.17507528083772E-08 -2.18725544997209E-08 0.1640164 5.62657916891211E-15 4.39765806282375E-13
5.19128937007874E-05 1.43624507874016E-05 1.8021802 -1.52428879857759E-07 3.2450787401574E-08 0.1640164 2.42876170176732E-14 2.97860383825374E-13
5.15761037955074E-05 1.42434159566228E-05 1.9661966 -3.36789905280043E-07 -1.19034830778801E-07 0.1640164 1.27596731237078E-13 4.84438172871525E-14
5.13653188370389E-05 1.43917664304911E-05 2.1292129 -2.10784958468508E-07 1.48350473868309E-07 0.1630163 6.64381618135226E-14 1.22447037613705E-13
5.13488372093023E-05 1.4519114367633E-05 2.2932293 -1.64816277365247E-08 1.27347937141923E-07 0.1640164 1.64891411471487E-14 2.27789808228927E-13
5.1352560610188E-05 1.44685371833288E-05 2.4572457 3.72340088563305E-09 -5.05771843042115E-08 0.1640164 2.57191528629732E-15 1.82612407932583E-13
5.13217563291139E-05 1.45779272151899E-05 2.6212621 -3.08042810740332E-08 1.0939003186108E-07 0.1640164 1.29150828030562E-14 2.92642567797628E-13
5.13345427163198E-05 1.45266976998905E-05 2.7842784 1.27863872058995E-08 -5.12295152994024E-08 0.1630163 2.7879549355909E-15 2.38311841163632E-13
5.15731529959279E-05 1.46061663757999E-05 2.9482948 2.38610279608039E-07 7.94686759094123E-08 0.1640164 6.32501359854219E-14 3.15785705909438E-13
5.15951215088865E-05 1.48257163583605E-05 3.1123112 2.19685129586082E-08 2.19549982560654E-07 0.1640164 4.8684810403996E-14 6.11217429736216E-13
5.16072298943948E-05 1.46188058489033E-05 3.2763276 1.2108385508327E-08 -2.06910509457208E-07 0.1640164 4.29585719234595E-14 3.386253437217E-13
5.15935517970402E-05 1.46442917547569E-05 3.440344 -1.3678097354628E-08 2.54859058535413E-08 0.1640164 8.3662174441825E-16 3.64199912921158E-13
5.15524263431542E-05 1.44516175621028E-05 3.6033603 -4.11254538859254E-08 -1.9267419265404E-07 0.1630163 3.88146474722097E-14 1.65234067859914E-13
5.16548456957228E-05 1.44158094206822E-05 3.7673767 1.02419352568546E-07 -3.58081414206435E-08 0.1640164 1.1771946772561E-14 1.6721138680891E-13
5.16715801886792E-05 1.44293632075472E-05 3.9313931 1.67344929564521E-08 1.3553786864982E-08 0.1640164 4.63748392890904E-16 1.83909603168718E-13
5.16059622195986E-05 1.46884592680047E-05 4.0954095 -6.56179690806624E-08 2.59096060457553E-07 0.1640164 7.14364864108948E-14 4.21598711660282E-13
24
5.275E-05 3.3391077170418E-05 0 0 0 0 0 0
5.26330584707646E-05 3.36270614692654E-05 0.3280328 -1.16941529235383E-07 2.35984298847356E-07 0.3280328 6.93639105623882E-14 6.93639105623882E-14
5.2905019412091E-05 3.34521630615641E-05 0.6550655 2.71960941326341E-07 -1.74898407701306E-07 0.3270327 1.04552206623562E-13 2.77625042221333E-14
5.30158161113454E-05 3.33601855757065E-05 0.8190819 1.10796699254465E-07 -9.19774858576048E-08 0.1640164 2.07357664703702E-14 7.16124956746251E-14
5.28460625247329E-05 3.32936288088643E-05 0.9830983 -1.69753586612536E-07 -6.655676684219E-08 0.1640164 3.32460833803055E-14 1.87241918275658E-14
5.28622222222222E-05 3.32952222222222E-05 1.1471147 1.61596974893357E-08 1.59341335795915E-09 0.1640164 2.63674789076164E-16 2.17819982541106E-14
5.26219686162625E-05 3.31119828815977E-05 1.3111311 -2.40253605959737E-07 -1.83239340624503E-07 0.1640164 9.12984511291591E-14 9.42856572738457E-14
5.25588578088578E-05 3.31384032634033E-05 1.4741474 -6.31108074046765E-08 2.64203818055435E-08 0.1630163 4.68101058602086E-15 1.00379440520734E-13
5.24374290578888E-05 3.29345913734393E-05 1.8021802 -1.21428750969045E-07 -2.03811889963987E-07 0.3280328 5.62842280525947E-14 3.06079876695614E-13
5.23722322638952E-05 3.2938996836873E-05 1.9661966 -6.51967939936E-08 4.40546343374848E-09 0.1640164 4.27003005511001E-15 3.47085090419917E-13
5.24539568345324E-05 3.28748201438849E-05 2.130213 8.17245706372134E-08 -6.41766929881342E-08 0.1640164 1.07975533687301E-14 3.54162873264907E-13
5.24231361675909E-05 3.29383857054837E-05 2.2932293 -3.08206669414943E-08 6.35655615987858E-08 0.1630163 4.99049413208755E-15 3.11769527361567E-13
5.24241051200725E-05 3.29071137290439E-05 2.4572457 9.68952481613883E-10 -3.12719764397258E-08 0.1640164 9.78875379358391E-16 3.40428085349583E-13
5.23767345050879E-05 3.2893038852914E-05 2.6212621 -4.73706149846151E-08 -1.40748761299818E-08 0.1640164 2.44207730209498E-15 3.87369295394244E-13
5.24511396702231E-05 3.2886639185257E-05 2.7852785 7.44051651352038E-08 -6.399667656936E-09 0.1640164 5.57708434491618E-15 3.43775177587631E-13
5.24392477353289E-05 3.27398582118944E-05 2.9482948 -1.18919348942157E-08 -1.46780973362588E-07 0.1630163 2.16860722567972E-14 5.20653101938752E-13
5.24821664464993E-05 3.28543593130779E-05 3.1123112 4.29187111704721E-08 1.145011011835E-07 0.1640164 1.49525179407684E-14 3.598008707685E-13
5.24837141468157E-05 3.28441905687895E-05 3.2763276 1.54770031640794E-09 -1.01687442884426E-08 0.1640164 1.05798736673143E-16 3.69993110646842E-13
5.24593734703867E-05 3.28664953499755E-05 3.440344 -2.43406764290626E-08 2.23047811860226E-08 0.1640164 1.08997179278067E-15 3.59649866053829E-13
5.24263509587449E-05 3.29140034863451E-05 3.6043604 -3.30225116417679E-08 4.75081363696219E-08 0.1640164 3.34750929644529E-15 3.32348001940187E-13
5.2392065344224E-05 3.28776254375729E-05 3.7673767 -3.42856145208827E-08 -3.63780487722138E-08 0.1630163 2.49886579554813E-15 3.9174989976707E-13
5.22157293497364E-05 3.2729086115993E-05 3.9313931 -1.76335994487658E-07 -1.4853932157996E-07 0.1640164 5.31583130073864E-14 7.23677283871886E-13
5.21609090909091E-05 3.26729292929293E-05 4.0954095 -5.48202588272844E-08 -5.61568230636809E-08 0.1640164 6.15884955449601E-15 8.62764473115101E-13
5.22191605839416E-05 3.2745802919708E-05 4.2594259 5.82514930325146E-08 7.28736267787369E-08 0.1640164 8.70380192040374E-15 6.98169344270542E-13
13
6.18240794856809E-05 2.65020455873758E-06 0 0 0 0 0 0
6.1895979578813E-05 2.6395979578813E-06 0.1640164 7.1900093132129E-08 -1.06066008562782E-08 0.1640164 5.28212337413322E-15 5.28212337413322E-15
6.2100278551532E-05 2.66039925719591E-06 0.3280328 2.04298972719016E-07 2.08012993146127E-08 0.1640164 4.21707643072214E-14 7.63898558537015E-14
6.24262422360248E-05 2.68788819875776E-06 0.4920492 3.25963684492812E-07 2.74889415618493E-08 0.1640164 1.07007965516321E-13 3.6402003462697E-13
6.227265625E-05 2.694140625E-06 0.6550655 -1.53585986024851E-07 6.2524262422361E-09 0.1630163 2.36277479371402E-14 2.03151491405615E-13
6.18896572459411E-05 2.62943475646422E-06 0.8190819 -3.82999004058924E-07 -6.47058685357789E-08 0.1640164 1.50875086533097E-13 4.73182732721646E-15
6.2147860738255E-05 2.64177852348993E-06 0.9830983 2.5820349231396E-07 1.23437670257114E-08 0.1640164 6.68214120275104E-14 1.04905297588476E-13
6.21395976447498E-05 2.6238959764475E-06 1.1471147 -8.26309350527765E-09 -1.78825470424351E-08 0.1640164 3.88064203001865E-16 1.0024385020432E-13
6.2303813559322E-05 2.6361581920904E-06 1.3111311 1.64215914572274E-07 1.2262215642898E-08 0.1640164 2.71172285312814E-14 2.3034208182831E-13
6.18499265246143E-05 2.53499265246143E-06 1.4741474 -4.53887034707776E-07 -1.0116553962897E-07 0.1630163 2.16247906684239E-13 1.39418527694083E-14
6.1870938215103E-05 2.50320366132723E-06 1.6381638 2.10116904887201E-08 -3.1788991134194E-08 0.1640164 1.45203109452363E-15 2.38050043625E-14
6.20266757865937E-05 2.45981532147743E-06 1.8021802 1.55737571490732E-07 -4.33883398498032E-08 0.1640164 2.6136739208753E-14 7.72933228080589E-14
6.20266251728907E-05 2.45954356846473E-06 1.9661966 -5.06137029745446E-11 -2.71753012697662E-10 0.1640164 7.6411446839051E-20 7.73763686191307E-14
17
7.02143939393939E-05 4.59313131313131E-05 0 0 0 0 0 0
7.055E-05 4.55602836879433E-05 0.4920492 3.35606060606054E-07 -3.71029443369871E-07 0.4920492 2.5029427576287E-13 2.5029427576287E-13
7.08148608349901E-05 4.59068091451292E-05 0.6560656 2.6486083499006E-07 3.46525457185962E-07 0.1640164 1.90231154389571E-13 3.61160938045735E-13
7.06121512481645E-05 4.57435756240822E-05 0.8190819 -2.02709586825591E-07 -1.6323352104699E-07 0.1630163 6.77363589844002E-14 1.93456248301641E-13
7.04335016835017E-05 4.55867003367003E-05 0.9830983 -1.78649564662777E-07 -1.56875287381894E-07 0.1640164 5.65255227453515E-14 1.66766181738824E-13
7.07963224893918E-05 4.5450495049505E-05 1.3111311 3.62820805890109E-07 -1.36205287195388E-07 0.3280328 1.50190817446727E-13 5.69826865096304E-13
7.0875207641196E-05 4.5343438538206E-05 1.4751475 7.88851518042151E-08 -1.07056511298971E-07 0.1640164 1.76839637866808E-14 7.82271285710254E-13
7.09985907553551E-05 4.56428974069899E-05 1.6381638 1.23383114159111E-07 2.99458868783873E-07 0.1630163 1.04899006952917E-13 6.98148276200576E-13
7.1006891634981E-05 4.56397338403042E-05 2.130213 8.3008796258639E-09 -3.16356668567153E-09 0.4920492 7.89127567377731E-17 7.13071080456059E-13
7.10218495934959E-05 4.56305894308943E-05 2.2932293 1.49579585149411E-08 -9.14440940987049E-09 0.1630163 3.07360746390026E-16 7.42419377334855E-13
7.11325648414986E-05 4.56199567723343E-05 2.4572457 1.10715248002634E-07 -1.063265856002E-08 0.1640164 1.23709195683388E-14 9.39980587748173E-13
7.11325867052023E-05 4.56210260115607E-05 2.6212621 2.18637037505687E-11 1.06923922640334E-09 0.1640164 1.14375054482131E-18 9.3935605186709E-13
7.09479651162791E-05 4.56063953488372E-05 2.7852785 -1.8462158892325E-07 -1.46306627234836E-08 0.1640164 3.42991873882737E-14 6.43698236925692E-13
7.09802325581395E-05 4.55585271317829E-05 2.9492949 3.22674418604691E-08 -4.78682170542655E-08 0.1640164 3.33255400817303E-15 7.25478191407874E-13
7.08674402250352E-05 4.56322081575246E-05 3.2763276 -1.12792333104366E-07 7.36810257416707E-08 0.3270327 1.8151003961471E-14 5.15933236534829E-13
7.08115671641791E-05 4.56441897654584E-05 3.440344 -5.5873060856058E-08 1.19816079338051E-08 0.1640164 3.26535785810419E-15 4.39055687620053E-13
7.07757660167131E-05 4.56131615598886E-05 3.6043604 -3.58011474660174E-08 -3.10282055698394E-08 0.1640164 2.24447170076774E-15 4.16359031593527E-13
13
7.35702868852459E-05 2.53713114754098E-05 0 0 0 0 0 0
7.35638747884941E-05 2.53062605752961E-05 0.1640164 -6.41209675183063E-09 -6.50509001137287E-08 0.1640164 4.27273459036115E-15 4.27273459036115E-15
7.35570899772209E-05 2.50526765375854E-05 0.3280328 -6.78481127312125E-09 -2.53584037710688E-07 0.1640164 6.43508978456675E-14 1.01702381983789E-13
7.36077193708609E-05 2.49442259933775E-05 0.4920492 5.06293936399658E-08 -1.08450544207937E-07 0.1640164 1.43248560393483E-14 1.83803199942126E-13
7.36226485148515E-05 2.51E-05 0.6550655 1.4929143990571E-08 1.55774006622519E-07 0.1630163 2.44884204795237E-14 7.63516569440139E-14
7.35032440351612E-05 2.50040812055253E-05 0.8190819 -1.19404479690331E-07 -9.59187944746773E-08 0.1640164 2.34578449035941E-14 1.39352814866937E-13
7.33492537313433E-05 2.49857142857143E-05 0.9830983 -1.53990303817878E-07 -1.83669198110401E-08 0.1640164 2.40503574132675E-14 1.97540847825249E-13
7.33959569732938E-05 2.49309161721068E-05 1.1471147 4.67032419504818E-08 -5.47981136074576E-08 0.1640164 5.18402606362107E-15 2.24338941372592E-13
7.35109739368999E-05 2.52957247370828E-05 1.3111311 1.15016963606095E-07 3.64808564975935E-07 0.1640164 1.46314190996966E-13 9.23138085242664E-15
7.35095753538718E-05 2.50440258118235E-05 1.4741474 -1.39858302809159E-09 -2.5169892525928E-07 0.1630163 6.33543050111631E-14 1.10801795630954E-13
7.37103435672515E-05 2.53240131578947E-05 1.6381638 2.00768213379689E-07 2.79987346071255E-07 0.1640164 1.18700789463697E-13 2.1853005014163E-14
7.35569785676947E-05 2.5303058024046E-05 1.8021802 -1.53364999556743E-07 -2.09551338487337E-08 0.1640164 2.39599407236581E-14 4.83564493911861E-15
7.35107319757842E-05 2.53460374243258E-05 1.9661966 -4.62465919104602E-08 4.29794002798083E-08 0.1640164 3.98597611174463E-15 4.18556489918361E-15
