x y time dx dy dt dr^2 TotalDisplacementSquared
19
0.000133080490405117 1.17667022032694E-05 0 0 0 0 0 0
0.000133080543933054 1.17726638772664E-05 0.3270327 5.35279371263186E-11 5.96167399701919E-09 0.3270327 3.55444220867878E-17 3.55444220867878E-17
0.000133078090709583 1.17662765179225E-05 0.4910491 -2.45322347137744E-09 -6.38735934392898E-09 0.1640164 4.6816664788994E-17 5.93974667167849E-18
0.000133171011470282 1.17282325338895E-05 0.6550655 9.29207606985187E-08 -3.80439840329903E-08 0.1640164 1.00816124898938E-14 9.6739787006724E-15
0.000133080696202532 1.17663502109705E-05 0.8190819 -9.03152677499008E-08 3.81176770809954E-08 0.1640164 9.60980489478732E-15 1.66251154248187E-19
0.00013317040654699 1.17209609292503E-05 0.9830983 8.97103444588652E-08 -4.53892817201993E-08 0.1640164 1.01081327980039E-14 1.01771767182579E-14
0.000133081808585503 1.17697044334975E-05 1.1461146 -8.8597961487352E-08 4.87435042472732E-08 0.1630163 1.02255279860183E-14 1.07509858726525E-17
0.000133081036983321 1.17697606961566E-05 1.310131 -7.71602181913522E-10 5.62626590987492E-11 0.1640164 5.9853541394257E-19 9.65312647452081E-18
0.00013321036036036 1.16490990990991E-05 1.4741474 1.29323377039128E-07 -1.20661597057538E-07 0.1640164 3.12837568532801E-14 3.06966953853267E-14
0.000133077847633136 1.17653476331361E-05 1.6381638 -1.32512727224281E-07 1.16248534036997E-07 0.1640164 3.10733445421674E-14 8.81910399049913E-18
0.000133077385287691 1.176310997815E-05 1.8021802 -4.62345444901757E-10 -2.23765498605921E-09 0.1640164 5.22086314705706E-18 2.25458355377581E-17
0.00013316684434968 1.17153518123667E-05 1.9651965 8.94590619889755E-08 -4.77581657832982E-08 0.1630163 1.02837661709323E-14 1.00938663874232E-14
0.000133193192272309 1.16891674333027E-05 2.1292129 2.63479226289576E-08 -2.61843790640697E-08 0.1640164 1.37983473383242E-15 1.87133514223174E-14
0.000133075577326802 1.17585724282715E-05 2.2932293 -1.17614945507171E-07 6.94049949688509E-08 0.1640164 1.8650328733281E-14 9.02315800481813E-17
0.000133170738045738 1.17384355509356E-05 2.4572457 9.51607189360857E-08 -2.01368773359683E-08 0.1640164 9.46105625727653E-15 8.94364027177472E-15
0.00013308117816092 1.17722701149425E-05 2.620262 -8.95598848184988E-08 3.38345640069786E-08 0.1630163 9.16575069024512E-15 3.14746484436667E-17
0.000133078545454545 1.17730909090909E-05 2.7842784 -2.63270637407231E-09 8.20794148379988E-10 0.1640164 7.60484588609582E-18 4.45983948009821E-17
0.000133091931216931 1.1781746031746E-05 2.9482948 1.33857623857523E-08 8.65512265512258E-09 0.1640164 2.54089782823037E-16 3.57208950197284E-16
0.000133165368271955 1.21837818696884E-05 3.1123112 7.34370550234473E-08 4.02035837942353E-07 0.1640164 1.67025816040527E-13 1.81159700419064E-13
16
0.000133195452508961 1.17152777777778E-05 0 0 0 0 0 0
0.000133178127984718 1.17399713467049E-05 0.1630163 -1.73245242423548E-08 2.46935689270931E-08 0.1630163 9.09911486581034E-16 9.09911486581034E-16
0.000133082700276243 1.17665745856354E-05 0.3270327 -9.54277084751425E-08 2.66032389304876E-08 0.1640164 9.81417986640939E-15 1.53444284791582E-14
0.000133179426961015 1.17372005636449E-05 0.4910491 9.67266847714825E-08 -2.93740219904564E-08 0.1640164 1.02188847147776E-14 7.37426727145801E-16
0.000133092470069313 1.17813484562067E-05 0.6550655 -8.69568917013908E-08 4.41478925617762E-08 0.1640164 9.51053743201354E-15 1.49707174237867E-14
0.000133176442307692 1.17391826923077E-05 0.8190819 8.39722383791184E-08 -4.21657638989874E-08 0.1640164 8.82928846358463E-15 9.32832690943234E-16
0.000133078687367678 1.17586450247001E-05 0.9820982 -9.77549400141129E-08 1.94623323923793E-08 0.1630163 9.93481067931427E-15 1.55148163243179E-14
0.000133167257683215 1.21480496453901E-05 1.1461146 8.85703155369413E-08 3.8940462069E-07 0.1640164 1.59480659409036E-13 1.88086437595448E-13
0.000133159722222222 1.21783625730994E-05 1.310131 -7.53546099289792E-09 3.03129277093443E-08 0.1640164 9.75656758687423E-16 2.15724181048487E-13
0.000133163625304136 1.21465936739659E-05 1.4741474 3.903081914018E-09 -3.17688991334784E-08 0.1640164 1.02449700058066E-15 1.87046373271524E-13
0.000133272560528247 1.19631327953045E-05 1.6381638 1.08935224110269E-07 -1.83460878661462E-07 0.1640164 4.55247770511902E-14 6.73777563513582E-14
0.000133091645885287 1.17755610972569E-05 1.8011801 -1.80914642959721E-07 -1.87571698047616E-07 0.1630163 6.79132499457093E-14 1.44098937259687E-14
0.000133167466986795 1.21485594237695E-05 1.9651965 7.58211015079269E-08 3.72998326512649E-07 0.1640164 1.44876591015112E-13 1.88516174204198E-13
0.000133169451073986 1.21476730310263E-05 2.2932293 1.984087190948E-09 -8.86392743254305E-10 0.3280328 4.72229407657783E-18 1.87641729652567E-13
0.000133159446022727 1.21775568181818E-05 2.620262 -1.00050512583891E-08 2.98837871555655E-08 0.3270327 9.93141785442136E-16 2.14998378247749E-13
0.00013316377245509 1.21449101796407E-05 3.1123112 4.32643236254648E-09 -3.26466385411006E-08 0.4920492 1.08452102502097E-15 1.85587626543772E-13
14
0.000133074570815451 1.17551859799714E-05 0 0 0 0 0 0
0.000133163336933045 1.17323164146868E-05 0.1640164 8.87661175947017E-08 -2.28695652845641E-08 0.1640164 8.40244064914134E-15 8.40244064914134E-15
0.000133079594017094 1.17647792022792E-05 0.4920492 -8.37429159513192E-08 3.24627875923778E-08 0.3280328 8.06670855029755E-15 1.17262468997214E-16
0.000133077205882353 1.17540266106443E-05 0.6560656 -2.38813474109634E-09 -1.07525916349438E-08 0.1640164 1.21321414409495E-16 8.28771481621381E-18
0.000133076443335709 1.17624732715609E-05 0.8190819 -7.62546643727546E-10 8.44666091668245E-09 0.1630163 7.19275580252709E-17 5.66109508298722E-17
0.000133094540612517 1.17954394141145E-05 0.9830983 1.80972768074525E-08 3.29661425535726E-08 0.1640164 1.41427798270803E-15 2.01913175517256E-15
0.000133076630434783 1.17574275362319E-05 1.1471147 -1.7910177734052E-08 -3.80118778826297E-08 0.1640164 1.76567732662929E-15 9.26660626154462E-18
0.000133168821096174 1.17225956566701E-05 1.3111311 9.2190661391129E-08 -3.48318795617697E-08 0.1640164 9.71237788153943E-15 9.9452445892625E-15
0.000133075746799431 1.17663584637269E-05 1.4751475 -9.30742967427136E-08 4.37628070567708E-08 0.1640164 1.05780079956389E-14 1.26207331588926E-16
0.000133081452750353 1.17683356840621E-05 1.6381638 5.70595092159465E-09 1.97722033517422E-09 0.1630163 3.64672761734733E-17 2.20275745667137E-16
0.000133075218023256 1.17601744186047E-05 1.8021802 -6.23472709679618E-09 -8.16126545740836E-09 0.1640164 1.05478075837811E-16 2.53033979408991E-17
0.000133028621495327 1.17089174454829E-05 2.130213 -4.65965279286991E-08 -5.12569731217845E-08 0.3280328 4.79851370861737E-15 4.25211730352986E-15
0.000133076798561151 1.17739208633094E-05 2.4572457 4.81770658239498E-08 6.50034178264871E-08 0.3270327 6.54647400053005E-15 3.55958704592907E-16
0.000133155346820809 1.21795520231214E-05 2.6212621 7.85482596581914E-08 4.05631159812033E-07 0.1640164 1.70706466905786E-13 1.86611301620481E-13
13
0.000133080487804878 1.17731707317073E-05 0 0 0 0 0 0
0.000133077482269504 1.17608156028369E-05 0.1640164 -3.00553537451265E-09 -1.23551288704373E-08 0.1640164 1.61682452292561E-16 1.61682452292561E-16
0.00013307586450247 1.17595271700776E-05 0.3270327 -1.61776703353667E-09 -1.28843275925128E-09 0.1630163 4.27722914990989E-18 2.07521699099386E-16
0.000133077550312283 1.17697779319917E-05 0.6550655 1.68580981312516E-09 1.02507619140439E-08 0.3280328 1.07920074544443E-16 2.01399526557127E-17
0.000133025842266462 1.16741960183767E-05 0.8190819 -5.17080458206465E-08 -9.55819136149501E-08 0.1640164 1.18096242128859E-14 1.2782128747601E-14
0.000133196011673152 1.14100194552529E-05 0.9830983 1.70169406689268E-07 -2.64176563123804E-07 0.1640164 9.87468834768831E-14 1.45224613731378E-13
0.000133194521178637 1.14053867403315E-05 1.4741474 -1.49049451457017E-09 -4.63271492142603E-09 0.4910491 2.36836214411672E-17 1.48268674643222E-13
0.000133177884615385 1.17319711538462E-05 1.6381638 -1.66365632525753E-08 3.26584413514661E-07 0.1640164 1.06934154387572E-13 1.11835439127874E-14
0.000133207671957672 1.1752886002886E-05 1.8021802 2.97873422873351E-08 2.09148490398494E-08 0.1640164 1.32471667090255E-15 1.65872789452532E-14
0.000133078244274809 1.17616238723109E-05 1.9651965 -1.29427682862797E-07 8.73786942489296E-09 0.1630163 1.68278754533193E-14 1.38363389090832E-16
0.000133170921052632 1.17261842105263E-05 2.1292129 9.26767778224189E-08 -3.54396617845794E-08 0.1640164 9.84495477495137E-15 1.03859054719402E-14
0.000133259615384615 1.14471153846154E-05 2.2932293 8.86943319838167E-08 -2.79068825910931E-07 0.1640164 8.57460941213612E-14 1.38398779189793E-13
0.000133029550827423 1.16834121355398E-05 2.4572457 -2.30064557192208E-07 2.3629675092441E-07 0.1640164 1.08765854973479E-13 1.06511812582035E-14
89
7.1533165021804E-06 3.09181202662382E-05 0 0 0 0 0 0
7.17580091533181E-06 3.0945709382151E-05 0.1640164 2.24844131514077E-08 2.7589115912793E-08 0.1640164 1.26670815161272E-15 1.26670815161272E-15
7.188E-06 3.08890526315789E-05 0.3270327 1.21990846681923E-08 -5.66567505720812E-08 0.1630163 3.35880505212875E-15 2.04787240568805E-15
7.17488262910798E-06 3.09208333333333E-05 0.4910491 -1.31173708920187E-08 3.17807017543856E-08 0.1640164 1.18207842311999E-15 4.72458563719048E-16
7.1594288411612E-06 3.09464243568563E-05 0.6550655 -1.54537879467824E-08 2.55910235229315E-08 0.1640164 8.93720046855352E-16 8.38482233529789E-16
7.1331544178365E-06 3.09506090008258E-05 0.8190819 -2.62744233246996E-08 4.18464396949858E-09 0.1640164 7.07856566196982E-16 1.46202752018938E-15
7.13843457943925E-06 3.09718457943925E-05 0.9830983 5.28016160275335E-09 2.12367935667572E-08 0.1640164 4.78881507548252E-16 3.10790399993033E-15
7.14771056500735E-06 3.09445494643982E-05 1.1461146 9.27598556809883E-09 -2.72963299942859E-08 0.1630163 8.31133539416529E-16 7.29929046968657E-16
7.1329568788501E-06 3.09290041067762E-05 1.310131 -1.47536861572481E-08 -1.55453576220559E-08 0.1640164 4.59329398824187E-16 5.32972247006934E-16
7.13433987216222E-06 3.09320035265594E-05 1.4741474 1.38299331211833E-09 2.99941978322238E-09 0.1640164 1.09091895373498E-17 5.52857403992075E-16
7.14967865033139E-06 3.09227254468769E-05 1.6381638 1.53387781691707E-08 -9.27807968252026E-09 0.1640164 3.21360878318224E-16 3.44416547898804E-17
7.17933994197292E-06 3.09487427466151E-05 1.8021802 2.96612916415286E-08 2.60172997382035E-08 0.1640164 1.55669210751134E-15 1.61495572306545E-15
7.11582831012264E-06 3.09604552068177E-05 1.9651965 -6.35116318502851E-08 1.17124602026237E-08 0.1630163 4.17090910428419E-15 3.19761173762727E-15
7.13579901521934E-06 3.09292188898836E-05 2.1292129 1.99707050967017E-08 -3.12363169340912E-08 0.1640164 1.37453655766642E-15 4.30041796252804E-16
7.16349144634526E-06 3.08804432348367E-05 2.2932293 2.7692431125919E-08 -4.87756550469136E-08 0.1640164 3.14593526691928E-15 1.52308818399001E-15
7.13281958295558E-06 3.09269605621034E-05 2.4572457 -3.06718633896805E-08 4.6517327266649E-08 0.1640164 3.10462493982775E-15 4.98274528691752E-16
7.11229780174202E-06 3.09326005806719E-05 2.6212621 -2.05217812135601E-08 5.64001856856677E-09 0.1640164 4.52953313631005E-16 1.89221329175222E-15
7.13024475524476E-06 3.09344405594406E-05 2.7842784 1.79469535027392E-08 1.83997876863984E-09 0.1630163 3.25478661898529E-16 7.98657476872229E-16
7.1177150786309E-06 3.09629047178538E-05 2.9482948 -1.25296766138581E-08 2.84641584132785E-08 0.1640164 9.67201110224077E-16 3.27310846526127E-15
7.10901988636364E-06 3.09346590909091E-05 3.1123112 -8.69519226726023E-09 -2.82456269447486E-08 0.1640164 8.73421810066532E-16 2.23572289431112E-15
7.11603554051195E-06 3.09523482123969E-05 3.2763276 7.01565414831595E-09 1.76891214877806E-08 0.1640164 3.62124422138243E-16 2.56142240116255E-15
7.09647755610973E-06 3.09702826267664E-05 3.4393439 -1.95579844022271E-08 1.79344143695452E-08 0.1630163 7.0415797265631E-16 5.95157764629673E-15
7.11148211977596E-06 3.09613313227057E-05 3.6033603 1.5004563666233E-08 -8.95130406068389E-09 0.1640164 3.05262775200857E-16 3.61731095219806E-15
7.13149570718482E-06 3.09635675553547E-05 3.7673767 2.00135874088581E-08 2.23623264898976E-09 0.1640164 4.0554441743241E-16 2.54160318227662E-15
7.13157623272127E-06 3.09688467093047E-05 3.9313931 8.05255364539903E-11 5.27915395000278E-09 0.1640164 2.78759507898512E-17 3.04581134233314E-15
7.11515572307082E-06 3.09656318190835E-05 4.0954095 -1.64205096504517E-08 -3.21489022120858E-09 0.1640164 2.79968656315001E-16 3.71359271601996E-15
7.15020942408377E-06 3.0943612565445E-05 4.2584258 3.50537010129504E-08 -2.201925363849E-08 0.1630163 1.71360948550147E-15 6.59511253147014E-16
7.12083249141241E-06 3.09340775914326E-05 4.4224422 -2.93769326713624E-08 -9.53497401241421E-09 0.1640164 9.53919902595176E-16 1.30984718293411E-15
7.13327579203899E-06 3.09629874086109E-05 4.5864586 1.24433006265861E-08 2.8909817178274E-08 0.1640164 9.90613259764824E-16 2.41469052765942E-15
7.15654069767442E-06 3.09488856589147E-05 4.750475 2.32649056354255E-08 -1.4101749696156E-08 0.1640164 7.40115178718288E-16 9.56904823122447E-16
7.16845799517438E-06 3.09469181838122E-05 4.9144914 1.1917297499962E-08 -1.9674751024894E-09 0.1640164 1.45892937981515E-16 1.05858486668586E-15
7.15165482007996E-06 3.09937805419813E-05 5.0775077 -1.68031750944158E-08 4.68623581691006E-08 0.1630163 2.47842730642266E-15 5.72723851292543E-15
7.12628814902893E-06 3.1013079667063E-05 5.2415241 -2.53666710510307E-08 1.92991250816803E-08 0.1640164 1.01592422912954E-15 9.7478196790824E-15
7.12804054054054E-06 3.09658220720721E-05 5.4055405 1.75239151160689E-09 -4.72575949909491E-08 0.1640164 2.23635116033853E-15 2.91433651662854E-15
7.14461407972858E-06 3.09456636980492E-05 5.5695569 1.65735391880428E-08 -2.0158374022877E-08 0.1640164 6.81042244463794E-16 8.34372792454778E-16
7.11853751760209E-06 3.09843089921545E-05 5.7335733 -2.60765621264918E-08 3.86452941053008E-08 0.1640164 2.17344584882198E-15 5.59052520671584E-15
7.10131762826912E-06 3.09993012577361E-05 5.8965896 -1.7219889332976E-08 1.49922655815793E-08 0.1630163 5.21292615908548E-16 9.29423626861371E-15
7.11016949152542E-06 3.0983156779661E-05 6.060606 8.85186325630816E-09 -1.61444780750593E-08 0.1640164 3.38999655424447E-16 6.09141260665192E-15
7.12526139690506E-06 3.09721873693015E-05 6.2246224 1.5091905379637E-08 -1.09694103594684E-08 0.1640164 3.48093571622329E-16 3.710340565669E-15
7.17847544588322E-06 3.09570608355729E-05 6.3886388 5.32140489781545E-08 -1.51265337286191E-08 0.1640164 3.06054703129248E-15 2.14934038835137E-15
7.10552393000211E-06 3.09847143158339E-05 6.5526552 -7.29515158811074E-08 2.76534802609305E-08 0.1640164 6.08663863989313E-15 6.7188973969614E-15
7.09587554269175E-06 3.09775687409551E-05 6.7156715 -9.64838731035655E-09 -7.14557487872014E-09 0.163016300000001 1.44150618038046E-16 6.83358497314266E-15
7.11030421982336E-06 3.09742394504416E-05 6.8796879 1.44286771316047E-08 -3.32929051353048E-09 0.1640164 2.19270899091576E-16 4.99941926921398E-15
7.10533658876875E-06 3.0963376351587E-05 7.0437043 -4.96763105460829E-09 -1.08630988545819E-08 0.1640164 1.42684275019128E-16 4.35018535208653E-15
7.11382358850713E-06 3.10012055455093E-05 7.2077207 8.48699973838496E-09 3.78291939223168E-08 0.1640164 1.50307707737159E-15 8.46285386196184E-15
7.09802981895634E-06 3.09595314164004E-05 7.370737 -1.57937695507959E-08 -4.1674129108916E-08 0.163016300000001 1.98617619361025E-15 4.77150069967335E-15
7.12512846865365E-06 3.09654162384378E-05 7.5347534 2.70986496973116E-08 5.8848220373946E-09 0.1640164 7.6896794582941E-16 3.03147422040916E-15
7.12872507282097E-06 3.09704234819628E-05 7.6987698 3.5966041673241E-09 5.00724352498239E-09 0.1640164 3.80080492548911E-17 3.34036477307032E-15
7.09161051945229E-06 3.10079873940448E-05 7.8627862 -3.71145533686796E-08 3.75639120819677E-08 0.1640164 2.78853756265837E-15 1.18837289646375E-14
7.08432895260852E-06 3.09691358024691E-05 8.0268026 -7.28156684377002E-09 -3.88515915756358E-08 0.1640164 1.5624673836603E-15 7.36186693285836E-15
7.14956281638288E-06 3.09226300046019E-05 8.1898189 6.52338637743579E-08 -4.6505797867205E-08 0.163016299999999 6.41824621819681E-15 3.4427897175471E-17
7.1096099368054E-06 3.09645347570277E-05 8.3538353 -3.99528795774762E-08 4.19047524257437E-08 0.164016400000001 3.35224086239518E-15 4.06456881212154E-15
7.1124693011833E-06 3.09996092877875E-05 8.5178517 2.85936437789491E-09 3.50745307597791E-08 0.1640164 1.23839867266426E-15 8.30895446234625E-15
7.13066418373681E-06 3.09621353196772E-05 8.6818681 1.81948825535097E-08 -3.74739681102341E-08 0.1640164 1.73535203706285E-15 2.45045246010635E-15
7.11363153421164E-06 3.09684976625584E-05 8.8458845 -1.70326495251647E-08 6.36234288121784E-09 0.164016400000001 3.30590556785277E-16 4.1127787426837E-15
7.17174988224211E-06 3.09169806877061E-05 9.0089008 5.81183480304661E-08 -5.15169748523618E-08 0.163016299999999 6.03174107572927E-15 3.41088139730444E-16
7.15158344891355E-06 3.09442903374942E-05 9.1729172 -2.01664333285647E-08 2.7309649788144E-08 0.1640164 1.15250200474652E-15 6.87876103168976E-16
7.13455246552933E-06 3.09638934330451E-05 9.3369336 -1.70309833842168E-08 1.96030955508846E-08 0.164016400000001 6.7433575021058E-16 2.44727187097204E-15
7.11064874093043E-06 3.09680431071276E-05 9.50095 -2.3903724598898E-08 4.14967408250888E-09 0.1640164 5.88607844691007E-16 4.31282789255031E-15
7.13392242368602E-06 3.0992712875832E-05 9.6649664 2.32736827555913E-08 2.46697687043813E-08 0.1640164 1.15026179693558E-15 5.94018768665282E-15
7.15621315727423E-06 3.09828460268805E-05 9.8279827 2.22907335882052E-08 -9.86684895154255E-09 0.163016300000001 5.94231512132896E-16 4.19781470144592E-15
7.12855851784907E-06 3.09530614550384E-05 9.9919991 -2.76546394251538E-08 -2.97845718420433E-08 0.1640164 1.65189980154911E-15 1.83384446291943E-15
7.14591621811374E-06 3.09323075122864E-05 10.1560155 1.73577002646637E-08 -2.07539427519592E-08 0.1640164 7.32015898229504E-16 2.56042154699821E-16
7.08552898256992E-06 3.09768443453587E-05 10.3200319 -6.03872355438142E-08 4.45368330722857E-08 0.164016400000001 5.63014771673274E-15 8.04366528349128E-15
7.1210864607091E-06 3.09787995023844E-05 10.4830482 3.55574781391788E-08 1.95515702567306E-09 0.163016299999999 1.26815689061321E-15 4.72074527252441E-15
7.12999558401413E-06 3.09652793111062E-05 10.6470646 8.90912330502935E-09 -1.35201912782037E-08 0.164016400000001 2.62168050263432E-16 2.76784073697678E-15
7.12489791751735E-06 3.09320641077991E-05 10.811081 -5.09766649677701E-09 -3.32152033071011E-08 0.1640164 1.12923593444443E-15 1.00204667172523E-15
7.08880171184023E-06 3.09795190544121E-05 10.9750974 -3.60962056771257E-08 4.74549466129623E-08 0.1640164 3.55490802232447E-15 7.93196936185094E-15
7.14149179306046E-06 3.09870662788282E-05 11.1391138 5.26900812202324E-08 7.54722441610767E-09 0.1640164 2.83320525538178E-15 4.89337639782285E-15
7.10426219258024E-06 3.09559712380158E-05 11.3021301 -3.72296004802193E-08 -3.10950408123318E-08 0.163016300000001 2.35294471503733E-15 3.83902135485717E-15
7.15962389380531E-06 3.09507190265487E-05 11.4661465 5.53617012250678E-08 -5.25221146716959E-09 0.1640164 3.09250368782954E-15 1.10246236288719E-15
7.09354387367579E-06 3.09785128922646E-05 11.6301629 -6.60800201295153E-08 2.77938657159709E-08 0.164016400000001 5.13906803175457E-15 7.2200363967149E-15
7.15985576923077E-06 3.10139005016722E-05 11.7941793 6.63118955549749E-08 3.53876094075964E-08 0.1640164 5.6495503916785E-15 9.21661551334899E-15
7.12166119962512E-06 3.09831888472352E-05 11.9581957 -3.81945696056523E-08 -3.0711654436999E-08 0.1640164 2.40203086561865E-15 5.2359784128301E-15
7.17689161554192E-06 3.09555853783231E-05 12.121212 5.52304159168058E-08 -2.76034689121332E-08 0.163016300000001 3.81235033832645E-15 1.95942059354056E-15
7.13116423670669E-06 3.09965158662093E-05 12.2852284 -4.57273788352328E-08 4.09304878861541E-08 0.1640164 3.7662980137395E-15 6.6365929604346E-15
7.12927587738783E-06 3.09682363394047E-05 12.4492448 -1.88835931886189E-09 -2.82795268045533E-08 0.1640164 8.03297537206579E-16 3.08957243004431E-15
7.14385297845374E-06 3.0964670468948E-05 12.6132612 1.45771010659113E-08 -3.56587045667212E-09 0.164016400000001 2.25207307599558E-16 2.25647965364845E-15
7.13322118515303E-06 3.0950184501845E-05 12.7772776 -1.06317933007114E-08 -1.44859671030169E-08 0.1640164 3.22878271698739E-16 1.43193697147782E-15
7.16314116615519E-06 3.09346229723805E-05 12.9402939 2.99199810021671E-08 -1.55615294644846E-08 0.163016299999999 1.13736646244406E-15 3.68863332236664E-16
7.14943872778297E-06 3.09551566884939E-05 13.1043103 -1.37024383722197E-08 2.05337161133841E-08 0.164016400000001 6.09390314769528E-16 1.38673370777847E-15
7.15154109589041E-06 3.09982876712329E-05 13.2683267 2.10236810743591E-09 4.31309827389583E-08 0.1640164 1.86470162368748E-15 6.42996489106915E-15
7.16877124817873E-06 3.09307916464303E-05 13.4323431 1.72301522883167E-08 -6.74960248025691E-08 0.1640164 4.85259151202761E-15 3.99413049844842E-16
7.19589599796074E-06 3.09397782309457E-05 13.5963595 2.71247497820166E-08 8.98658451539802E-09 0.164016400000001 8.16510751989402E-16 2.28208089617836E-15
7.18379790940767E-06 3.09690766550523E-05 13.7593758 -1.20980885530786E-08 2.92984241065604E-08 0.163016299999999 1.00476140176601E-15 3.52566974752095E-15
7.18218806509946E-06 3.09475587703436E-05 13.9233922 -1.60984430820843E-09 -2.15178847086861E-08 0.1640164 4.65610961032978E-16 1.70019266934941E-15
7.15123456790123E-06 3.09960317460317E-05 14.0874086 -3.09534971982233E-08 4.8472975688167E-08 0.164016400000001 3.30774836086604E-15 6.0745331339573E-15
7.15730337078652E-06 3.09747191011236E-05 14.251425 6.06880288528266E-09 -2.131264490815E-08 0.1640164 4.91059201441307E-16 3.2193232316627E-15
7.1614481409002E-06 3.09559686888454E-05 14.4144413 4.14477011367875E-09 -1.87504122781945E-08 0.163016300000001 3.68757079897512E-16 1.49862664211989E-15
89
3.85963270475654E-05 9.35859836757669E-05 0 0 0 0 0 0
3.86022696929239E-05 9.35974632843792E-05 0.1640164 5.94264535845923E-09 1.14796086122197E-08 0.1640164 1.67096447746167E-16 1.67096447746167E-16
3.86191618278213E-05 9.35831860641252E-05 0.3270327 1.68921348973612E-08 -1.42772202539589E-08 0.1630163 4.89183239570703E-16 5.29253820229601E-16
3.86102013585638E-05 9.36078360019408E-05 0.4910491 -8.96046925745253E-09 2.4649937815596E-08 0.1640164 6.87909443626501E-16 6.70020664888059E-16
3.86145621181263E-05 9.35778385947047E-05 0.6550655 4.3607595624664E-09 -2.99974072361238E-08 0.1640164 9.18860664851493E-16 3.98860143869505E-16
3.86004200577579E-05 9.36016014702021E-05 0.8190819 -1.41420603683287E-08 2.37628754974679E-08 0.1640164 7.64672123369613E-16 2.60668235456149E-16
3.86225296442688E-05 9.36033314511575E-05 0.9830983 2.21095865108296E-08 1.72998095538901E-09 0.1640164 4.91826649785868E-16 9.87521384999994E-16
3.8610372988786E-05 9.36125670404681E-05 1.1461146 -1.21566554828121E-08 9.23558931052071E-09 0.1630163 2.33080382440389E-16 9.03963743602648E-16
3.86019404572036E-05 9.36024720893142E-05 1.310131 -8.43253158234347E-09 -1.00949511538744E-08 0.1640164 1.7301562768633E-16 3.03378149070694E-16
3.8624279440022E-05 9.36116524842163E-05 1.4741474 2.233898281834E-08 9.18039490211697E-09 0.1640164 5.83309803916906E-16 1.44022397125289E-15
3.86091140159768E-05 9.36122004357298E-05 1.6381638 -1.51654240452004E-08 5.47951513539147E-10 0.1640164 2.30290337331932E-16 8.50825064103997E-16
3.86013903462749E-05 9.36023740818468E-05 1.8021802 -7.72366970183924E-09 -9.82635388304232E-09 0.1640164 1.5621230429789E-16 2.9428240528381E-16
3.86139168765743E-05 9.35800377833753E-05 1.9651965 1.25265302993895E-08 -2.23362984714868E-08 0.1630163 6.55824190748867E-16 3.44755720894194E-16
3.86010278604274E-05 9.36045442250473E-05 2.1292129 -1.28890161469357E-08 2.45064416720169E-08 0.1640164 7.66692420659935E-16 3.66591631152345E-16
3.86002577319588E-05 9.35997422680412E-05 2.2932293 -7.70128468609244E-10 -4.80195700609443E-09 0.1640164 2.36518889465418E-17 2.04749141169962E-16
3.86252141633352E-05 9.36015134209023E-05 2.4572457 2.49564313764736E-08 1.77115286109597E-09 0.1640164 6.25960449506006E-16 1.07563844146764E-15
3.8599517167382E-05 9.35989136266094E-05 2.6212621 -2.56969959532611E-08 -2.59979429289103E-09 0.1640164 6.67094531387268E-16 1.77360493233089E-16
3.86005838641189E-05 9.36011146496815E-05 2.7842784 1.06669673692039E-09 2.20102307208947E-09 0.1630163 5.98234449242678E-18 2.47066858773496E-16
3.86005167958656E-05 9.36016149870801E-05 2.9482948 -6.70682532657452E-11 5.00337398563033E-10 0.1640164 2.54835662996942E-19 2.61891884187359E-16
3.85972626289341E-05 9.36016926738958E-05 3.1123112 -3.25416693148384E-09 7.76868157004174E-11 0.1640164 1.05956376592966E-17 2.47647934709486E-16
3.86325301204819E-05 9.35812598218963E-05 3.2763276 3.52674915477849E-08 -2.04328519995158E-08 0.1640164 1.66129740090719E-15 1.33297728398836E-15
3.86000530082163E-05 9.36042936655182E-05 3.4393439 -3.247711226566E-08 2.30338436218744E-08 0.1630163 1.58532077311325E-15 3.49138507460686E-16
3.85977915895266E-05 9.36003702724147E-05 3.6033603 -2.26141868969165E-09 -3.9233931034488E-09 0.1640164 2.05070279342763E-17 2.09119046261094E-16
3.85962055974166E-05 9.36073735199139E-05 3.7673767 -1.58599211000165E-09 7.00324749918479E-09 0.1640164 5.15608465078256E-17 4.57540182768966E-16
3.86030360021494E-05 9.36099543256314E-05 3.9313931 6.83040473280272E-09 2.58080571748565E-09 0.1640164 5.33149869653004E-17 6.19602126532204E-16
3.8614406779661E-05 9.35860967821174E-05 4.0954095 1.13707775116367E-08 -2.38575435139552E-08 0.1640164 6.98476963739409E-16 3.26889505694426E-16
3.86179340937896E-05 9.35977186311787E-05 4.2584258 3.52731412858986E-09 1.16218490612852E-08 0.1630163 1.47509320565044E-16 6.04573625049221E-16
3.86167695473251E-05 9.35920781893004E-05 4.4224422 -1.16454646450137E-09 -5.64044187829893E-09 0.1640164 3.3170753050451E-17 4.55038891633471E-16
3.85985959244533E-05 9.36443215705765E-05 4.5864586 -1.81736228718279E-08 5.22433812761278E-08 0.1640164 3.05965145545029E-15 3.40845777314611E-15
3.86022280471822E-05 9.36140891218873E-05 4.750475 3.63212272889513E-09 -3.02324486892473E-08 0.1640164 9.2719326926573E-16 8.24737898099779E-16
3.86002895498815E-05 9.36155567254541E-05 4.9144914 -1.93849730062823E-09 1.46760356678044E-09 0.1640164 5.9116320137696E-18 8.90266692401771E-16
3.85990566037736E-05 9.36131391851244E-05 5.0775077 -1.23294610796165E-09 -2.41754032964536E-09 0.1630163 7.36465735059959E-18 7.44872165557088E-16
3.86229386320627E-05 9.36153690186537E-05 5.2415241 2.38820282891368E-08 2.22983352927031E-09 0.1640164 5.75323432771387E-16 1.57167480602729E-15
3.85993546652326E-05 9.36130008066685E-05 5.4055405 -2.3583966830131E-08 -2.3682119852424E-09 0.1640164 5.61811919451764E-16 7.39091830887141E-16
3.86191562932227E-05 9.36143153526971E-05 5.5695569 1.98016279900912E-08 1.31454602863812E-09 0.1640164 3.93832502319372E-16 1.32385837495233E-15
3.85521087680355E-05 9.36785793562708E-05 5.7335733 -6.70475251871636E-08 6.42640035737259E-08 0.1640164 8.62523278904719E-15 1.05292162925597E-14
3.85646214099217E-05 9.36575826805918E-05 5.8965896 1.25126418861541E-08 -2.0996675679001E-08 0.1630163 5.97426596540289E-16 6.13166495030842E-15
3.862E-05 9.36106756756757E-05 6.060606 5.53785900783268E-08 -4.6907004916136E-08 0.1640164 5.26705534926576E-15 1.17010353646139E-15
3.86139489194499E-05 9.36776768172888E-05 6.2246224 -6.05108055009396E-09 6.70011416131189E-08 0.1640164 4.52576855328494E-15 8.71816257085747E-15
3.86162162162162E-05 9.35996138996139E-05 6.3886388 2.26729676631265E-09 -7.80629176748988E-08 0.1640164 6.09895975054456E-15 5.81362031736924E-16
3.85949656750572E-05 9.36486778540554E-05 6.5526552 -2.12505411590058E-08 4.90639544415359E-08 0.1640164 2.85885712499171E-15 3.93241332637404E-15
3.85955435070087E-05 9.36161068500397E-05 6.7156715 5.77831951517282E-10 -3.25710040157645E-08 0.163016300000001 1.06120419235914E-15 9.08019564068479E-16
3.85956674179815E-05 9.36480090157776E-05 6.8796879 1.23910972739338E-10 3.19021657379466E-08 0.1640164 1.01776353270058E-15 3.84757791462645E-15
3.85989916379734E-05 9.36460280373832E-05 7.0437043 3.32421999197408E-09 -1.98097839444245E-09 0.1640164 1.49747139542879E-17 3.61242540394193E-15
3.86007551669316E-05 9.36187731849497E-05 7.2077207 1.76352895819321E-09 -2.7254852433515E-08 0.1640164 7.45937015559064E-16 1.09476015356404E-15
3.86923135696822E-05 9.36340922982885E-05 7.370737 9.15584027505147E-08 1.53191133388475E-08 0.163016300000001 8.61761634771392E-15 1.15278519889831E-14
3.86174295283282E-05 9.36183365894502E-05 7.5347534 -7.48840413539327E-08 -1.57557088383271E-08 0.1640164 5.85586201049564E-15 1.49202571813771E-15
3.86750700280112E-05 9.36575630252101E-05 7.6987698 5.76404996829893E-08 3.92264357599004E-08 0.1640164 4.86114046613029E-15 1.13240602361837E-14
3.86243874315365E-05 9.36235226289997E-05 7.8627862 -5.06825964747364E-08 -3.40403962103721E-08 0.1640164 3.72747415958008E-15 2.19655815841263E-15
3.86125574272588E-05 9.35934788157223E-05 8.0268026 -1.18300042776625E-08 -3.00438132774019E-08 0.1640164 1.0425797174569E-15 3.19602347941232E-16
3.85967153284672E-05 9.36124628277913E-05 8.1898189 -1.58420987916514E-08 1.89840120689837E-08 0.163016299999999 6.11364808359763E-16 7.01296253986555E-16
3.86236431951016E-05 9.36148761480657E-05 8.3538353 2.69278666344306E-08 2.41332027439967E-09 0.164016400000001 7.30934116228509E-16 1.58094687174981E-15
3.86058759815868E-05 9.36139317627945E-05 8.5178517 -1.77672135148015E-08 -9.4438527121099E-10 0.1640164 3.16565739621025E-16 8.72277709442136E-16
3.85988083416087E-05 9.3642316285998E-05 8.6818681 -7.06763997804671E-09 2.83845232035418E-08 0.1640164 8.55632692351686E-16 3.17951979557461E-15
3.8602200843437E-05 9.36110305745915E-05 8.8458845 3.39250182826589E-09 -3.12857114065537E-08 0.164016400000001 9.9030480686895E-16 6.61848618666217E-16
3.86007402422611E-05 9.36112382234186E-05 9.0089008 -1.46060117589997E-09 2.07648827100115E-10 0.163016299999999 2.17647383043642E-18 6.57268464509455E-16
3.86013495456975E-05 9.36035542490647E-05 9.1729172 6.09303436384323E-10 -7.68397435389545E-09 0.1640164 5.94147125489128E-17 3.33950533496917E-16
3.86038784919989E-05 9.36124220233252E-05 9.3369336 2.52894630142464E-09 8.86777426052277E-09 0.164016400000001 8.50329897310794E-17 7.56010534642177E-16
3.85899517888861E-05 9.36297259578787E-05 9.50095 -1.39267031128441E-08 1.73039345535102E-08 0.1640164 4.93379210625465E-16 1.95403116757287E-15
3.86082361516035E-05 9.36022594752187E-05 9.6649664 1.82843627174307E-08 -2.74664826600457E-08 0.1640164 1.08872558969716E-15 4.06728406781485E-16
3.86258830178016E-05 9.36140152585476E-05 9.8279827 1.76468661981417E-08 1.1755783328951E-08 0.163016300000001 4.49610328292359E-16 1.65932500979208E-15
3.85983983286908E-05 9.36151114206128E-05 9.9919991 -2.74846891108353E-08 1.09616206520968E-09 0.1640164 7.56609706792476E-16 8.52715725306163E-16
3.86798190892077E-05 9.36599344978166E-05 10.1560155 8.14207605169273E-08 4.48230772037732E-08 0.1640164 8.63844849317023E-15 1.2439645099416E-14
3.85977859778598E-05 9.36108987875593E-05 10.3200319 -8.2033111347954E-08 -4.90357102572858E-08 0.164016400000001 9.1339322378623E-15 6.22891273229201E-16
3.85994623655914E-05 9.36036290322581E-05 10.4830482 1.67638773162082E-09 -7.26975530123752E-09 0.163016299999999 5.56596179665999E-17 3.21188824822476E-16
3.85940910300772E-05 9.36004791056694E-05 10.6470646 -5.37133551421221E-09 -3.1499265886481E-09 0.164016400000001 3.87732827201096E-17 2.15117262265114E-16
3.86009047993706E-05 9.36035929714136E-05 10.811081 6.81376929338739E-09 3.11386574416872E-09 0.1640164 5.61236118562164E-17 3.31043104760075E-16
3.85911146581538E-05 9.36110667730779E-05 10.9750974 -9.79014121681132E-09 7.47380166436074E-09 0.1640164 1.51704576363309E-16 6.56330774091883E-16
3.86275605214153E-05 9.35816041500399E-05 11.1391138 3.64458632615054E-08 -2.9462623038043E-08 0.1640164 2.19634710515818E-15 9.94710134321921E-16
3.86232600222717E-05 9.36140033407572E-05 11.3021301 -4.30049914355379E-09 3.2399190717328E-08 0.163016300000001 1.0682018520215E-15 1.51048675269659E-15
3.86194770693512E-05 9.36175894854586E-05 11.4661465 -3.78295292048136E-09 3.58614470137297E-09 0.1640164 2.71711666177639E-17 1.53485071494792E-15
3.86086361373818E-05 9.35927078148332E-05 11.6301629 -1.08409319694545E-08 -2.48816706253621E-08 0.164016400000001 7.36623339075345E-16 1.967277382896E-16
3.85910505352253E-05 9.36419591735126E-05 11.7941793 -1.75856021564869E-08 4.92513586793279E-08 0.1640164 2.73494973496605E-15 3.16109793034571E-15
3.86196336576989E-05 9.36182026330853E-05 11.9581957 2.85831224736199E-08 -2.37565404272857E-08 0.1640164 1.38136810341522E-15 1.58125928659446E-15
3.86244152046784E-05 9.36263888888889E-05 12.121212 4.78154697945143E-09 8.18625580359367E-09 0.163016300000001 8.98779755985721E-17 2.42152581742888E-15
3.8663499344692E-05 9.36949541284404E-05 12.2852284 3.90841400136424E-08 6.85652395514893E-08 0.1640164 6.22876207535911E-15 1.63866770571096E-14
3.86000406393931E-05 9.36092522351666E-05 12.4492448 -6.34587052988849E-08 -8.57018932737503E-08 0.1640164 1.1371821788916E-14 5.55216620798502E-16
3.8627691537306E-05 9.36260640961442E-05 12.6132612 2.76508979128351E-08 1.68118609775973E-08 0.164016400000001 1.04721082491609E-15 2.59017131430137E-15
3.86177833686441E-05 9.36585672669491E-05 12.7772776 -9.90816866188737E-09 3.25031708049295E-08 0.1640164 1.15462791860683E-15 5.72875142313326E-15
3.86014194746617E-05 9.36170071637039E-05 12.9402939 -1.63638939823585E-08 -4.15601032452457E-08 0.163016299999999 1.99501920802135E-15 9.88389617504862E-16
3.86224589250905E-05 9.36145920356447E-05 13.1043103 2.10394504287947E-08 -2.4151280592406E-09 0.164016400000001 4.48491317888242E-16 1.50131327787758E-15
3.86255319148936E-05 9.36239361702128E-05 13.2683267 3.07298980310833E-09 9.34413456811001E-09 0.1640164 9.67561171569561E-17 2.2933161103162E-15
3.86316647759501E-05 9.36288996029495E-05 13.4323431 6.13286105647148E-09 4.96343273674427E-09 0.1640164 6.22476492701692E-17 3.0905318533261E-15
3.86526682838084E-05 9.36475894481504E-05 13.5963595 2.1003507858282E-08 1.86898452008819E-08 0.164016400000001 7.90457655985841E-16 6.9696060923423E-15
3.86176767676768E-05 9.36409090909091E-05 13.7593758 -3.49915161315977E-08 -6.68035724130789E-09 0.163016299999999 1.26903337405936E-15 3.47261177736823E-15
3.86024844720497E-05 9.3649585921325E-05 13.9233922 -1.51922956270809E-08 8.67683041596479E-09 0.1640164 3.06093232488033E-16 4.08315951631227E-15
3.86754926108374E-05 9.36625615763547E-05 14.0874086 7.3008138787749E-08 1.29756550296207E-08 0.164016400000001 5.49855595269895E-15 1.2131361266596E-14
3.85766208251473E-05 9.36537328094302E-05 14.251425 -9.88717856900934E-08 -8.8287669244238E-09 0.1640164 9.85357713095355E-15 4.97828031411884E-15
3.86893095768374E-05 9.37193763919822E-05 14.4144413 1.12688751690072E-07 6.56435825519281E-08 0.163016300000001 1.70078346877186E-14 2.64393674890902E-14
89
4.48288309268747E-05 8.93653935724266E-05 0 0 0 0 0 0
4.48247511899611E-05 8.93727823453051E-05 0.1640164 -4.07973691365271E-09 7.38877287842854E-09 0.1640164 7.12382179336217E-17 7.12382179336217E-17
4.48288227334235E-05 8.93691926026162E-05 0.3270327 4.07154346248717E-09 -3.58974268891643E-09 0.1630163 2.9463718739551E-17 1.44326975134664E-17
4.48319183111519E-05 8.93650757228086E-05 0.4910491 3.09557772835944E-09 -4.11687980752617E-09 0.1640164 2.65313008219318E-17 9.63297005473582E-18
4.48289655172414E-05 8.93645977011494E-05 0.6550655 -2.95279391052361E-09 -4.78021659205297E-10 0.1640164 8.9474965846947E-18 6.51525656703223E-19
4.48287311729804E-05 8.93667275216796E-05 0.8190819 -2.34344261002661E-10 2.12982053017186E-09 0.1640164 4.59105272340641E-18 1.78937144888699E-18
4.47995E-05 8.93905E-05 0.9830983 -2.92311729803743E-08 2.37724783204101E-08 0.1640164 1.41959219930293E-15 1.49063597682589E-15
4.47956795679568E-05 8.93988523852385E-05 1.1461146 -3.82043204320581E-09 8.35238523852411E-09 0.1630163 8.43580401694691E-17 2.21850475288512E-15
4.48147473275024E-05 8.93713556851312E-05 1.310131 1.9067759545635E-08 -2.7496700107335E-08 0.1640164 1.11964797088287E-15 2.3389455918059E-16
4.47994143484627E-05 8.93887262079063E-05 1.4741474 -1.53329790397692E-08 1.737052277511E-08 0.1640164 5.36835307714615E-16 1.40974696389885E-15
4.47968680089485E-05 8.94001118568233E-05 1.6381638 -2.54633951411876E-09 1.13856489169706E-08 0.1640164 1.36116846181676E-16 2.22698739380022E-15
4.48276181649676E-05 8.93628359592215E-05 1.8021802 3.07501560190175E-08 -3.72758976017735E-08 0.1640164 2.33506463721183E-15 8.01217675054169E-18
4.48480676328502E-05 8.93403381642512E-05 1.9651965 2.04494678826777E-08 -2.24977949702918E-08 0.1630163 9.24331515209952E-16 9.97824335626543E-16
4.48029470529471E-05 8.93921078921079E-05 2.1292129 -4.5120579903184E-08 5.176972785668E-08 0.1640164 4.71597145315432E-15 1.38362980553455E-15
4.48226744186046E-05 8.93766611295681E-05 2.2932293 1.97273656575945E-08 -1.54467625397814E-08 0.1640164 6.27771428748831E-16 1.64860438015504E-16
4.47989703666499E-05 8.93896283274736E-05 2.4572457 -2.37040519547236E-08 1.29671979055246E-08 0.1640164 7.30030300593276E-16 1.47897640912552E-15
4.47965491559086E-05 8.93856752730884E-05 2.6212621 -2.42121074128221E-09 -3.95305438524929E-09 0.1640164 2.1488900426439E-17 1.45346011843796E-15
4.47911334552102E-05 8.93939670932358E-05 2.7842784 -5.41570069840702E-09 8.29182014744845E-09 0.1630163 9.80840954123583E-17 2.23754546132688E-15
4.47932713590084E-05 8.93991810535635E-05 2.9482948 2.13790379817169E-09 5.21396032769417E-09 0.1640164 3.17560149490056E-17 2.40607674841331E-15
4.47888636363636E-05 8.939375E-05 3.1123112 -4.40772264477118E-09 -5.43105356352669E-09 0.1640164 4.89243617231246E-17 2.40147129551945E-15
4.47906660625283E-05 8.93981649297689E-05 3.2763276 1.80242616468007E-09 4.41492976891311E-09 0.1640164 2.27403449435585E-17 2.53051873263324E-15
4.47609235352532E-05 8.93742552135055E-05 3.4393439 -2.974252727509E-08 -2.39097162634465E-08 0.1630163 1.45629246050799E-15 4.68994251944319E-15
4.47976892822026E-05 8.9390732546706E-05 3.6033603 3.67657469493281E-08 1.6477333200541E-08 0.1640164 1.62322265814368E-15 1.61186565041697E-15
4.47886255924171E-05 8.9395971563981E-05 3.7673767 -9.0636897854921E-09 5.23901727504494E-09 0.1640164 1.09597774535853E-16 2.55148248635269E-15
4.48218849840256E-05 8.94975039936102E-05 3.9313931 3.3259391608496E-08 1.01532429629174E-07 0.1640164 1.14150213965704E-14 1.75014095073674E-14
4.48170920340294E-05 8.94958430007734E-05 4.0954095 -4.79294999617252E-09 -1.66099283683252E-09 0.1640164 2.57312668698191E-17 1.7154854961228E-14
4.48169206721376E-05 8.94985345838218E-05 4.2584258 -1.71361891830202E-10 2.6915830484171E-09 0.1630163 7.27398420449792E-18 1.7868383083232E-14
4.47930221593588E-05 8.93950966525224E-05 4.4224422 -2.38985127787643E-08 -1.0343793129941E-07 0.1640164 1.12705445445383E-14 2.16454079818395E-15
4.481748046875E-05 8.949853515625E-05 4.5864586 2.4458309391207E-08 1.03438503727602E-07 0.1640164 1.12977329516812E-14 1.78555142426335E-14
4.47915915238954E-05 8.93985572587917E-05 4.750475 -2.58889448546E-08 -9.99778974583023E-08 0.1640164 1.06658174458673E-14 2.48660322757533E-15
4.47898250460405E-05 8.93943370165746E-05 4.9144914 -1.76647785488626E-09 -4.22024221711581E-09 0.1640164 2.09308883829301E-17 2.35918169879652E-15
4.47894248608534E-05 8.94005102040816E-05 5.0775077 -4.00185187082513E-10 6.17318750704499E-09 0.1630163 3.82683921810965E-17 2.78601585806537E-15
4.48170093095423E-05 8.95038789759503E-05 5.2415241 2.75844486888488E-08 1.03368771868716E-07 0.1640164 1.14460048071144E-14 1.93179576254772E-14
4.47541645633518E-05 8.93773346794548E-05 5.4055405 -6.28447461904358E-08 -1.26544296495524E-07 0.1640164 1.99629210992874E-14 5.71765587878715E-15
4.47923711340206E-05 8.94946391752577E-05 5.5695569 3.82065706687769E-08 1.17304495802912E-07 0.1640164 1.52200867778437E-14 1.80337423461352E-14
4.48105714285714E-05 8.95037142857143E-05 5.7335733 1.82002945508088E-08 9.07511045654985E-09 0.1640164 4.13608351534783E-16 1.94660290026892E-14
4.4791817087846E-05 8.94946851183313E-05 5.8965896 -1.8754340725458E-08 -9.02916738294834E-09 0.1630163 4.33251159675871E-16 1.80863281220705E-14
4.48135658914729E-05 8.95042635658915E-05 6.060606 2.17488036268989E-08 9.57844756014481E-09 0.1640164 5.64757116863855E-16 1.95178963907433E-14
4.47906133443846E-05 8.94919187733112E-05 6.2246224 -2.29525470882876E-08 -1.23447925802509E-08 0.1640164 6.79213321689479E-16 1.74692100702746E-14
4.47891403654485E-05 8.94861918604651E-05 6.3886388 -1.47297893607856E-09 -5.72691284611437E-09 0.1640164 3.4967197693121E-17 1.6167567059353E-14
4.47860655737705E-05 8.94881147540984E-05 6.5526552 -3.07479167801006E-09 1.9228936332496E-09 0.1640164 1.31518637879518E-17 1.68893638570319E-14
4.47871007371007E-05 8.93916461916462E-05 6.7156715 1.03516333024345E-09 -9.64685624521735E-08 0.163016300000001 9.30725510470918E-15 2.43060875445829E-15
4.47935808039376E-05 8.94874897456932E-05 6.8796879 6.48006683691449E-09 9.58435540470077E-08 0.1640164 9.22797811857257E-15 1.61500466934145E-14
4.47867201039861E-05 8.93978552859619E-05 7.0437043 -6.86069995151684E-09 -8.96344597313288E-08 0.1640164 8.08140557515194E-15 2.82708424999601E-15
4.47840406719717E-05 8.93982095490716E-05 7.2077207 -2.67943201442478E-09 3.54263109755948E-10 0.1640164 7.30485827085837E-18 3.08305525743969E-15
4.47577608142494E-05 8.93759541984733E-05 7.370737 -2.62798577223435E-08 -2.22553505983427E-08 0.163016300000001 1.18593155216177E-15 5.16248773107585E-15
4.47579852579853E-05 8.93755528255528E-05 7.5347534 2.24443735895363E-10 -4.01372920450171E-10 0.1640164 2.11475211853367E-19 5.12231922447519E-15
4.47848115808824E-05 8.93954503676471E-05 7.6987698 2.68263228970937E-08 1.98975420942276E-08 0.1640164 1.11556378157069E-15 2.84111376051664E-15
4.47883064516129E-05 8.94814303904924E-05 7.8627862 3.49487073054888E-09 8.59800228453054E-08 0.1640164 7.40477844990248E-15 1.51067762420623E-14
4.47822113241195E-05 8.93973473027196E-05 8.0268026 -6.095127493424E-09 -8.40830877727967E-08 0.1640164 7.10711622856893E-15 3.19442824068839E-15
4.47932124789207E-05 8.94844013490725E-05 8.1898189 1.10011548012636E-08 8.70540463529465E-08 0.163016299999999 7.69943239338233E-15 1.54315247368433E-14
4.47773752012882E-05 8.93646001073537E-05 8.3538353 -1.58372776324995E-08 -1.1980124171879E-07 0.164016400000001 1.46031568801727E-14 2.64832128245148E-15
4.47602776294714E-05 8.93654564869194E-05 8.5178517 -1.70975718168052E-08 8.56379565661314E-10 0.1640164 2.93060347991292E-16 4.69955854309453E-15
4.48375932835821E-05 8.94762126865672E-05 8.6818681 7.73156541106488E-08 1.10756199647781E-07 0.1640164 1.82446461309767E-14 1.23576549539582E-14
4.47916467209191E-05 8.93924126376256E-05 8.8458845 -4.59465626629907E-08 -8.38000489415123E-08 0.164016400000001 9.13353482314398E-15 2.11269505677788E-15
4.47876085962506E-05 8.93972336534065E-05 9.0089008 -4.03812466852571E-09 4.82101578083416E-09 0.163016299999999 3.95486439976079E-17 2.71307129888894E-15
4.47899515738499E-05 8.93882566585956E-05 9.1729172 2.34297759930513E-09 -8.97699481085112E-09 0.1640164 8.60759798648936E-17 2.03432480080048E-15
4.48203225806452E-05 8.9488064516129E-05 9.3369336 3.03710067952849E-08 9.98078575333921E-08 0.164016400000001 1.08840064791651E-14 1.51205523843964E-14
4.47626660108214E-05 8.93727250368913E-05 9.50095 -5.76565698237133E-08 -1.15339479237733E-07 0.1640164 1.66274755146681E-14 4.43154648753152E-15
4.4793401965372E-05 8.93945952269537E-05 9.6649664 3.07359545505719E-08 2.18701900623728E-08 0.1640164 1.42300411549913E-15 2.10794794027492E-15
4.47626660108214E-05 8.93697737333989E-05 9.8279827 -3.07359545505719E-08 -2.48214935547537E-08 0.163016300000001 1.5608054444235E-15 4.39698192647804E-15
4.47970171890799E-05 8.93886501516683E-05 9.9919991 3.43511782584329E-08 1.88764182694428E-08 0.1640164 1.53632261442559E-15 1.55298239050433E-15
4.47616310892173E-05 8.93600164203612E-05 10.1560155 -3.53860998625848E-08 -2.86337313071101E-08 0.1640164 2.0720666320526E-15 4.54473194551693E-15
4.47863514719001E-05 8.93839206066012E-05 10.3200319 2.47203826827942E-08 2.39041862400029E-08 0.164016400000001 1.18250743978053E-15 2.14775509024779E-15
4.47593137254902E-05 8.93773284313725E-05 10.4830482 -2.70377464098956E-08 -6.59217522870392E-09 0.163016299999999 7.74496505171763E-16 4.97508214639373E-15
4.47578397212544E-05 8.93770532603285E-05 10.6470646 -1.47400423583832E-09 -2.75171044023637E-10 0.164016400000001 2.24840759073837E-18 5.17569959740043E-15
4.47844210996871E-05 8.94002011622709E-05 10.811081 2.65813784327236E-08 2.31479019423801E-08 0.1640164 1.24239504371771E-15 3.18380106160147E-15
4.47857939339875E-05 8.94049955396967E-05 10.9750974 1.37283430043311E-09 4.79437742579591E-09 0.1640164 2.48707289174271E-17 3.42049856843133E-15
4.47558651026393E-05 8.93736559139785E-05 11.1391138 -2.99288313482151E-08 -3.13396257182035E-08 0.1640164 1.87790708602698E-15 5.39227779427234E-15
4.47835637823372E-05 8.93997546833185E-05 11.3021301 2.76986796978989E-08 2.6098769339967E-08 0.163016300000001 1.4483626180676E-15 3.22980031630009E-15
4.4752619760479E-05 8.9377370259481E-05 11.4661465 -3.09440218581543E-08 -2.23844238374227E-08 0.1640164 1.45859491929131E-15 5.95158291618691E-15
4.47896396396396E-05 8.94857657657658E-05 11.6301629 3.70198791605958E-08 1.08395506284722E-07 0.164016400000001 1.31200572357864E-14 1.60254219244128E-14
4.47866549604917E-05 8.93987050043898E-05 11.7941793 -2.9846791479784E-09 -8.70607613759518E-08 0.1640164 7.58848448097679E-15 2.88846363978097E-15
4.4748371743487E-05 8.937374749499E-05 11.9581957 -3.82832170046825E-08 -2.4957509399826E-08 0.1640164 2.08848197967002E-15 6.54346821361489E-15
4.47928225451343E-05 8.94900924702774E-05 12.121212 4.44508016473222E-08 1.16344975287433E-07 0.163016300000001 1.55120270417229E-14 1.68464186807616E-14
4.47864630811304E-05 8.94004102096627E-05 12.2852284 -6.3594640039426E-09 -8.96822606146941E-08 0.1640164 8.08335065137935E-15 3.02119923634061E-15
4.47941576086956E-05 8.94010416666667E-05 12.4492448 7.69452756529176E-09 6.31457003947844E-10 0.1640164 5.96044924008696E-17 2.47302561649245E-15
4.47878667724029E-05 8.94918715305313E-05 12.6132612 -6.29083629279137E-09 9.08298638646556E-08 0.164016400000001 8.28963879093458E-15 1.76747358379245E-14
4.47879043940126E-05 8.93930468372767E-05 12.7772776 3.76216096995563E-11 -9.88246932546559E-08 0.1640164 9.76632141226235E-15 2.43968414898271E-15
4.47947549615229E-05 8.9494532199271E-05 12.9402939 6.85056751032675E-09 1.01485361994293E-07 0.163016299999999 1.03462089743262E-14 1.78379563578961E-14
4.48104625550661E-05 8.95314977973568E-05 13.1043103 1.57075935431976E-08 3.6965598085871E-08 0.164016400000001 1.61318393676445E-15 2.79280106225605E-14
4.48249235474006E-05 8.95053516819572E-05 13.2683267 1.44609923345271E-08 -2.61461153996549E-08 0.1640164 8.92739649791326E-16 1.96035400377171E-14
4.4792375E-05 8.9393E-05 13.4323431 -3.25485474006086E-08 -1.12351681957179E-07 0.1640164 1.36823083764968E-14 2.09114944765729E-15
4.48443866002716E-05 8.95031688546854E-05 13.5963595 5.20116002716193E-08 1.10168854685384E-07 0.164016400000001 1.48423831055039E-14 1.92240073763079E-14
4.47558365758755E-05 8.93803501945525E-05 13.7593758 -8.85500243961346E-08 -1.2281866013285E-07 0.163016299999999 2.29255300973846E-14 5.55187582321467E-15
4.47931985294118E-05 8.93988970588235E-05 13.9233922 3.73619535362835E-08 1.85468642710021E-08 0.1640164 1.73990174633438E-15 2.39215134970394E-15
4.48175241157556E-05 8.94983922829582E-05 14.0874086 2.43255863438563E-08 9.94952241346567E-08 0.164016400000001 1.0491033776578E-14 1.78165009807383E-14
4.47855839416058E-05 8.93923357664234E-05 14.251425 -3.19401741497884E-08 -1.06056516534835E-07 0.1640164 1.22681594242226E-14 2.59618355220284E-15
4.47953629032258E-05 8.93931451612903E-05 14.4144413 9.77896161997194E-09 8.09394866962521E-10 0.163016300000001 9.62832104155495E-17 1.8902592914221E-15
89
0.000124545695872846 8.27406504607987E-05 0 0 0 0 0 0
0.00012454886035313 8.27498394863563E-05 0.1640164 3.16448028374339E-09 9.18902555761747E-09 0.1640164 9.44521261647477E-17 9.44521261647477E-17
0.000124504483961802 8.27176022282076E-05 0.3270327 -4.43763913278588E-08 -3.22372581486974E-08 0.1630163 3.00850492022901E-15 2.2296426374806E-15
0.000124552375637755 8.27533003826531E-05 0.4910491 4.7891675952954E-08 3.56981544454271E-08 0.1640164 3.56797085639232E-15 2.04639782158443E-16
0.000124544026622296 8.2767387687188E-05 0.6550655 -8.34901545893274E-09 1.40873045349537E-08 0.1640164 2.68158208194024E-16 7.17665672391717E-16
0.000124548800975031 8.27640160748402E-05 0.8190819 4.77435273512583E-09 -3.37161234777739E-09 0.1640164 3.41622138630884E-17 5.55593579116928E-16
0.000124548398468977 8.27608447488584E-05 0.9830983 -4.02506054669516E-10 -3.17132598179626E-09 0.1640164 1.02193196068616E-17 4.1511329608309E-16
0.000124467281530327 8.27209350680211E-05 1.1461146 -8.1116938649302E-08 -3.99096808372974E-08 0.1630163 8.17274036036957E-15 6.53750582505149E-15
0.000124521072738386 8.26915036674817E-05 1.310131 5.3791208058982E-08 -2.94314005394796E-08 0.1640164 3.75970140215996E-15 3.02170604398197E-15
0.000124540095721821 8.27707722862538E-05 1.4741474 1.9022983434354E-08 7.92686187721614E-08 0.1640164 6.64538782078997E-15 9.38686060257785E-16
0.000124503992667164 8.27071836937609E-05 1.6381638 -3.61030546568486E-08 -6.35885924929624E-08 0.1640164 5.34693965079144E-15 2.85918186015871E-15
0.000124548739760555 8.27305923125394E-05 1.8021802 4.4747093390697E-08 2.34086187785181E-08 0.1640164 2.55026580003375E-15 1.1043159878712E-16
0.000124491695337525 8.27271473484399E-05 1.9651965 -5.70444230292964E-08 -3.44496409947226E-09 0.1630163 3.26593397639197E-15 3.09839185833467E-15
0.000124528972464317 8.26970443349754E-05 2.1292129 3.72771267920768E-08 -3.01030134645401E-08 0.1640164 2.29577560151886E-15 2.1811666021484E-15
0.000124451148105626 8.2715269804822E-05 2.2932293 -7.78243586915721E-08 1.82254698466693E-08 0.1640164 6.38879855688633E-15 9.58345798419712E-15
0.000124548798176544 8.27562853985357E-05 2.4572457 9.76500709180073E-08 4.10155937136665E-08 0.1640164 1.12178152779764E-14 2.5407556627085E-16
0.000124467306685856 8.27382245191679E-05 2.6212621 -8.14914906873838E-08 -1.80608793678374E-08 0.1640164 6.96705841799154E-15 6.15074982973748E-15
0.000124491051454139 8.26807109122545E-05 2.7842784 2.37447682823557E-08 -5.75136069133322E-08 0.1630163 3.87162900096406E-15 6.57876197556798E-15
0.000124456747355106 8.2693134774609E-05 2.9482948 -3.43040990329086E-08 1.24238623544812E-08 0.1640164 1.3311235662627E-15 1.01695792423057E-14
0.000124541013751199 8.27370322993284E-05 3.1123112 8.42663960934402E-08 4.38975247194122E-08 0.1640164 9.02781818706796E-15 3.50133555427043E-17
0.00012450182038835 8.27215583768982E-05 3.2763276 -3.91933628497156E-08 -1.5473922430246E-08 0.1640164 1.77556196684674E-15 2.28956580748965E-15
0.000124512052853076 8.27067242232949E-05 3.4393439 1.02324647263572E-08 -1.48341536032319E-08 0.1630163 3.24755447500423E-16 2.28284237043294E-15
0.000124520431828575 8.27574639054028E-05 3.6033603 8.37897549928357E-09 5.07396821078032E-08 0.1640164 2.64472257081852E-15 9.2096385238578E-16
0.000124516228040426 8.27663467408261E-05 3.7673767 -4.20378814918365E-09 8.88283542339252E-09 0.1640164 9.65765999622939E-17 1.52865195479879E-15
0.000124534618825484 8.27622212281935E-05 3.9313931 1.8390785058088E-08 -4.1255126326547E-09 0.1640164 3.55240829534986E-16 5.87998984264173E-16
0.000124489622356495 8.27484592145015E-05 4.0954095 -4.4996468988586E-08 -1.37620136919878E-08 0.1640164 2.21407524229924E-15 3.20521587033346E-15
0.000124463903900376 8.27130521616541E-05 4.2584258 -2.57184561195345E-08 -3.54070528473756E-08 0.1630163 1.91509837650927E-15 7.45159287626083E-15
0.000124527934734303 8.27595232048759E-05 4.4224422 6.40308339266511E-08 4.6471043221743E-08 0.1640164 6.25950555145948E-15 6.71638511369534E-16
0.000124518713344217 8.27309994558317E-05 4.5864586 -9.22139008588374E-09 -2.85237490442114E-08 0.1640164 8.98638294653186E-16 8.21198748119128E-16
0.000124455974474562 8.27058720215444E-05 4.750475 -6.27388696543249E-08 -2.51274342872563E-08 0.1640164 4.56755371936276E-15 9.25946914698127E-15
0.000124521691083607 8.27730961101288E-05 4.9144914 6.57166090445855E-08 6.72240885844104E-08 0.1640164 8.83775079032356E-15 1.628950066875E-15
0.000124554126911515 8.27717291857274E-05 5.0775077 3.24358279078609E-08 -1.36692440146646E-09 0.1630163 1.05395141438769E-15 1.03696955622045E-15
0.000124544175331548 8.27624525247494E-05 5.2415241 -9.95157996635498E-09 -9.2766609779602E-09 0.1640164 1.85090382726767E-16 4.77642038347544E-16
0.000124489368690361 8.27897593693818E-05 5.4055405 -5.48066411875254E-08 2.73068446324345E-08 0.1640164 3.74943168203807E-15 5.58443638895845E-15
0.000124507237541424 8.27408084787094E-05 5.5695569 1.78688510634259E-08 -4.8950890672387E-08 0.1640164 2.71548553594688E-15 1.47906822541627E-15
0.000124545493876464 8.28094881522897E-05 5.7335733 3.82563350399465E-08 6.86796735802346E-08 0.1640164 6.18044473377622E-15 4.73866857234228E-15
0.000124504923588465 8.2799459684123E-05 5.8965896 -4.05702879995857E-08 -1.00284681666523E-08 0.1630163 1.74651844213889E-15 5.12090392169629E-15
0.00012453923346056 8.27732506361323E-05 6.060606 3.4309872095065E-08 -2.62090479907044E-08 0.1640164 1.86408151975877E-15 1.10453420434166E-15
0.000124485807080221 8.27396232543033E-05 6.2246224 -5.34263803389479E-08 -3.36273818289783E-08 0.1640164 3.98517892479381E-15 3.58772263531412E-15
0.000124524580531436 8.27625514134622E-05 6.3886388 3.87734512148086E-08 2.29281591588233E-08 0.1640164 2.02908100151947E-15 9.25509370452874E-16
0.000124448311467444 8.27264789844509E-05 6.5526552 -7.62690639915462E-08 -3.60724290112415E-08 0.1640164 7.11819025691763E-15 9.68455315740701E-15
0.000124501092809629 8.27598828001267E-05 6.7156715 5.27813421852841E-08 3.34038156757828E-08 0.163016300000001 3.90168498458172E-15 2.35931612435473E-15
0.000124516063561989 8.27856041535557E-05 6.8796879 1.49707523592753E-08 2.57213534289917E-08 0.1640164 8.8571144842185E-16 2.8989083392497E-15
0.00012446359209313 8.27317168049793E-05 7.0437043 -5.24714688582009E-08 -5.38873485764384E-08 0.1640164 5.65710138073572E-15 6.82084084992026E-15
0.000124486386911452 8.27672661421256E-05 7.2077207 2.27948183220121E-08 3.5549337146378E-08 0.1640164 1.78335911388039E-15 4.22594739410509E-15
0.000124514355048192 8.27602706951945E-05 7.370737 2.79681367394602E-08 -6.99544693115683E-09 0.163016300000001 8.31152950443775E-16 1.36720088775749E-15
0.000124466085942915 8.27622865603932E-05 7.5347534 -4.82691052771997E-08 2.01586519868613E-09 0.1640164 2.33397023676067E-15 6.80586174936255E-15
0.000124512961406684 8.27503717111643E-05 7.6987698 4.68754637695952E-08 -1.19148492289014E-08 0.1640164 2.33927273576208E-15 1.1660479835759E-15
0.000124463653970303 8.27447869593286E-05 7.8627862 -4.93074363809143E-08 -5.58475183566998E-09 0.1640164 2.46241273552393E-15 6.74798439293663E-15
0.000124466456077016 8.2750646811071E-05 8.0268026 2.80210671222392E-09 5.85985174240022E-09 0.1640164 4.21896644696013E-17 6.37887226204384E-15
0.000124427556117415 8.27018993586581E-05 8.1898189 -3.88999596007551E-08 -4.87474524128828E-08 0.163016299999999 3.88952097368665E-15 1.54586497304962E-14
0.000124499034749035 8.2719111969112E-05 8.3538353 7.14786316198541E-08 1.72126104538535E-08 0.164016400000001 5.40546873688292E-15 2.6411670994942E-15
0.000124444303568194 8.27221366902131E-05 8.5178517 -5.47311808405766E-08 3.02472110115559E-09 0.1640164 3.00465109394367E-15 1.06231591439593E-14
0.00012455488739339 8.27996401918977E-05 8.6818681 1.10583825196017E-07 7.75035016845322E-08 0.1640164 1.82355751683474E-14 3.56427242503375E-15
0.000124527619047619 8.27710544217687E-05 8.8458845 -2.7268345771148E-08 -2.85857701289416E-08 0.164016400000001 1.56070893495957E-15 1.25117245296042E-15
0.000124534359713194 8.27901896401528E-05 9.0089008 6.74066557535014E-09 1.91352183840792E-08 0.163016299999999 4.11593155005112E-16 2.58263880672758E-15
0.000124489824651222 8.27093785997696E-05 9.1729172 -4.45350619720699E-08 -8.08110403831677E-08 0.1640164 8.51379599266606E-15 4.09952269797522E-15
0.000124478996655518 8.27542307692308E-05 9.3369336 -1.08279957039201E-08 4.48521694611514E-08 0.164016400000001 2.12896259633596E-15 4.63321036925959E-15
0.000124546698926157 8.27697699854169E-05 9.50095 6.7702270638307E-08 1.55392161861698E-08 0.1640164 4.82506468926309E-15 8.48952829934946E-16
0.000124526146419952 8.27459271922768E-05 9.6649664 -2.05525062049787E-08 -2.38427931401901E-08 0.1640164 9.90884296031586E-16 4.10025003567014E-16
0.000124494414023162 8.27232030463243E-05 9.8279827 -3.17323967895931E-08 -2.27241459524805E-08 0.163016300000001 1.52333181528181E-15 2.93424037886888E-15
0.000124527356147371 8.27710604388023E-05 9.9919991 3.29421242091854E-08 4.78573924779937E-08 0.1640164 3.37551356220613E-15 1.26111229267257E-15
0.00012454268250807 8.27541892727148E-05 10.1560155 1.53263606981824E-08 -1.68711660874834E-08 0.1640164 5.1953357740224E-16 1.92379795376384E-16
0.000124512148031711 8.27969006287589E-05 10.3200319 -3.05344763581843E-08 4.27113560441086E-08 0.164016400000001 2.75661418159513E-15 4.28953904036324E-15
0.000124524809292649 8.27588418862691E-05 10.4830482 1.26612609377759E-08 -3.80587424898238E-08 0.163016299999999 1.60877540844117E-15 7.67177192976109E-16
0.000124523594440935 8.27388344914719E-05 10.6470646 -1.2148517141668E-09 -2.00073947971759E-08 0.164016400000001 4.01771711257477E-16 4.91771037127486E-16
0.000124504765349774 8.27420420231505E-05 10.811081 -1.88290911614075E-08 3.20753167858356E-09 0.1640164 3.64822933433712E-16 1.67724416478737E-15
0.000124540454114781 8.28094206821873E-05 10.9750974 3.56887650072082E-08 6.73786590368621E-08 0.1640164 5.81357164134545E-15 4.7568193774572E-15
0.000124533553016038 8.27417537822219E-05 11.1391138 -6.90109874281575E-09 -6.76668999654026E-08 0.1640164 4.6264345147859E-15 1.48666289631092E-16
0.000124488464993904 8.27732625296798E-05 11.3021301 -4.50880221342942E-08 3.1508747457849E-08 0.163016300000001 3.02573090634511E-15 4.33892054125125E-15
0.000124476071210993 8.27944730251134E-05 11.4661465 -1.23937829105927E-08 2.12104954335928E-08 0.1640164 6.03490971373359E-16 7.74446196758344E-15
0.000124477832433128 8.2749871399177E-05 11.6301629 1.76122213454732E-09 -4.46016259364228E-08 0.164016400000001 1.9924069395798E-15 4.69047215502782E-15
0.000124507708564302 8.28007899113082E-05 11.7941793 2.98761311739781E-08 5.0918512131247E-08 0.1640164 3.48527809158469E-15 5.05978911805373E-15
0.000124521749486954 8.28111807387863E-05 11.9581957 1.4040922652427E-08 1.03908274780764E-08 0.1640164 3.05116804610584E-16 5.54794951030456E-15
0.000124497678843227 8.28012557077626E-05 12.121212 -2.40706437271854E-08 -9.92503102372666E-09 0.163016300000001 6.77902130263025E-16 5.97863109302433E-15
0.000124515579581709 8.2812938674229E-05 12.2852284 1.79007384818135E-08 1.16829664664522E-08 0.1640164 4.56928143650525E-16 6.13257679283049E-15
0.000124536578056692 8.28384043153293E-05 12.4492448 2.09984749829744E-08 2.54656411002827E-08 0.1640164 1.08943482825901E-15 9.63895064701375E-15
0.000124487585399798 8.2776331604251E-05 12.6132612 -4.89926568940149E-08 -6.20727110782724E-08 0.164016400000001 6.25330189014134E-15 4.64997107600685E-15
0.000124518825832959 8.27820344097066E-05 12.7772776 3.12404331612868E-08 5.70280545561275E-09 0.1640164 1.00848665416939E-15 2.4346302707634E-15
0.000124546529968454 8.2778642861937E-05 12.9402939 2.77041354954122E-08 -3.39154776958139E-09 0.163016299999999 7.79021719821509E-16 1.4441182597387E-15
0.000124530872089006 8.28121588003593E-05 13.1043103 -1.56578794486677E-08 3.35159384222976E-08 0.164016400000001 1.36848731715626E-15 5.33318719407221E-15
0.000124538633966245 8.2821861814346E-05 13.2683267 7.76187723913324E-09 9.70301398665185E-09 0.1640164 1.54395218700536E-16 6.64515446982926E-15
0.00012446428794114 8.27205698964958E-05 13.4323431 -7.43460251049441E-08 -1.01291917850176E-07 0.1640164 1.57873840706718E-14 7.03048040744979E-15
0.000124523115451139 8.27864478235803E-05 13.5963595 5.88275099988635E-08 6.58779270844718E-08 0.164016400000001 7.80057720961338E-15 2.60727388224055E-15
0.000124527218290691 8.27894665215024E-05 13.7593758 4.10283955270074E-09 3.01869792215825E-09 0.163016299999999 2.59458295404482E-17 2.72442882492177E-15
0.00012451682166302 8.27962253829322E-05 13.9233922 -1.03966276716534E-08 6.75886142971649E-09 0.1640164 1.53772074769098E-16 3.92229196324721E-15
0.000124529899894626 8.27540832455216E-05 14.0874086 1.30782316062295E-08 -4.21421374105648E-08 0.164016400000001 1.94699988747711E-15 4.29952633348677E-16
0.000124510938259601 8.27433155080214E-05 14.251425 -1.89616350245672E-08 -1.07677375002027E-08 0.1640164 4.75487773678163E-16 1.21519415518159E-15
0.000124524688008681 8.27506782419967E-05 14.4144413 1.37497490801337E-08 7.36273397534148E-09 0.163016300000001 2.43265451358286E-16 5.41886752520885E-16
89
0.000180281974989219 2.77445666235446E-05 0 0 0 0 0 0
0.00018028176405072 2.77610306716929E-05 0.1640164 -2.10938499833446E-10 1.64640481483076E-08 0.1640164 2.71109376480503E-16 2.71109376480503E-16
0.000180304578675838 2.77980438521066E-05 0.3270327 2.28146251186843E-08 3.70131804136804E-08 0.1630163 1.89048264364175E-15 3.37074062343432E-15
0.000180284957536244 2.77442952732264E-05 0.4910491 -1.96211395940225E-08 -5.37485788802314E-08 0.1640164 3.27389885061258E-15 8.96921775052334E-18
0.000180279186726272 2.77682040921596E-05 0.6550655 -5.77080997197754E-09 2.39088189331724E-08 0.1640164 6.049338705119E-16 5.66504332784198E-16
0.000180285178155465 2.78044387887154E-05 0.8190819 5.99142919310225E-09 3.62346965558231E-08 0.1640164 1.34885045826854E-15 3.59493643623304E-15
0.000180303322814182 2.78115834416187E-05 0.9830983 1.81446587168352E-08 7.14465290332811E-09 0.1640164 3.8027470505946E-16 4.94698353541621E-15
0.000180272634089198 2.77695381139654E-05 1.1461146 -3.06887249847136E-08 -4.2045327653355E-08 0.1630163 2.70960741866537E-15 7.10827747051976E-16
0.000180302793370756 2.77967566604295E-05 1.310131 3.01592815589231E-08 2.72185464641197E-08 0.1640164 1.65043153576984E-15 3.15720495986148E-15
0.000180269341348667 2.77729787419411E-05 1.4741474 -3.34520220894774E-08 -2.37779184883706E-08 0.1640164 1.68442718951448E-15 9.6685734538453E-16
0.000180279271613342 2.7773974642614E-05 1.6381638 9.93026467540403E-09 9.9590067291544E-10 0.1640164 9.96019746738906E-17 8.72139826718344E-16
0.000180294403210495 2.77716190558384E-05 1.8021802 1.51315971521058E-08 -2.35558677558245E-09 0.1640164 2.34514021430914E-16 8.86294777072139E-16
0.000180265031777889 2.77545576183308E-05 1.9651965 -2.93714326052452E-08 -1.70614375076141E-08 0.1630163 1.15377370311068E-15 3.86892386998066E-16
0.000180278778264367 2.77718965054965E-05 2.1292129 1.37464864775154E-08 1.73388871656464E-08 0.1640164 4.8960289861953E-16 7.5714149728535E-16
0.000180274632117722 2.77550383877159E-05 2.2932293 -4.14614664447299E-09 -1.685811778054E-08 0.1640164 3.01386667100034E-16 1.63575606683301E-16
0.000180297566579145 2.77985512003001E-05 2.4572457 2.29344614224658E-08 4.35128125841437E-08 0.1640164 2.41935437972139E-15 3.15743220386284E-15
0.000180286320711886 2.78021202215563E-05 2.6212621 -1.12458672588218E-08 3.56902125626846E-09 0.1640164 1.39207443130737E-16 3.33130194958758E-15
0.000180255813953488 2.77578659370725E-05 2.7842784 -3.05067583975926E-08 -4.42542844838414E-08 0.1630163 2.88910400310585E-15 8.61271530837597E-16
0.00018027533839551 2.77610597556949E-05 2.9482948 1.95244420216909E-08 3.19381862244583E-09 0.1640164 3.91404313651451E-16 3.16067784191842E-16
0.00018028854793782 2.78244676071525E-05 3.1123112 1.32095423100509E-08 6.34078514575371E-08 0.1640164 4.19504763450212E-15 6.42737083480883E-15
0.000180252177405716 2.77678420429562E-05 3.2763276 -3.63705321038879E-08 -5.66255641962883E-08 0.1640164 4.5292701260679E-15 1.42964113141844E-15
0.000180288657449518 2.78280198289976E-05 3.4393439 3.64800438017028E-08 6.01777860414394E-08 0.1630163 4.95215952862341E-15 7.00909277602153E-15
0.000180282651902328 2.78657486276737E-05 3.6033603 -6.0055471897158E-09 3.77287986760351E-08 0.1640164 1.45952884658469E-15 1.46855363360873E-14
0.000180273172945983 2.77788924194281E-05 3.7673767 -9.47895634544693E-09 -8.68562082456172E-08 0.1640164 7.63385152420492E-15 1.25573622817158E-15
0.000180293406199606 2.78104506360867E-05 3.9313931 2.02332536230472E-08 3.15582166586701E-08 0.1640164 1.40530559085011E-15 4.47137567954288E-15
0.000180288651892081 2.78187193412754E-05 4.0954095 -4.75430752453576E-09 8.26870518868006E-09 0.1640164 9.09749255351619E-17 5.5432065786853E-15
0.000180283002159827 2.78117278617711E-05 4.2584258 -5.64973225405652E-09 -6.99147950434664E-09 0.1630163 8.08002602022257E-17 4.51168699956409E-15
0.000180300345508391 2.78214349816028E-05 4.4224422 1.73433485636849E-08 9.70711983174155E-09 0.1640164 3.95019914829262E-16 6.24622044518585E-15
0.000180278683345969 2.77812947519164E-05 4.5864586 -2.16621624217339E-08 -4.01402296863651E-08 0.1640164 2.08048732005973E-15 1.35979032898297E-15
0.00018030124666073 2.7821571682992E-05 4.750475 2.25633147610154E-08 4.02769310755531E-08 0.1640164 2.13133434986951E-15 6.30117650330681E-15
0.000180297765486726 2.78192699115044E-05 4.9144914 -3.48117400451997E-09 -2.30177148756283E-09 0.1640164 1.74167244307028E-17 5.82992104349615E-15
0.0001803047697519 2.78228737526321E-05 5.0775077 7.00426517400388E-09 3.60384112763512E-09 0.1630163 6.20474015009979E-17 6.65160767156067E-15
0.000180274570230608 2.77848637316562E-05 5.2415241 -3.01995212917063E-08 -3.80100209758751E-08 0.1640164 2.35677278083469E-15 1.67868737224915E-15
0.000180247182968505 2.78509744158123E-05 5.4055405 -2.73872621033036E-08 6.61106841561363E-08 0.1640164 5.12068468510746E-15 1.25331029607049E-14
0.000180259248756653 2.78007590960649E-05 5.5695569 1.20657881483339E-08 -5.02153197474051E-08 0.1640164 2.66716158097461E-15 3.67407561460938E-15
0.000180262821583695 2.77853533244237E-05 5.7335733 3.57282704229078E-09 -1.54057716412588E-08 0.1640164 2.50102892936738E-16 2.03040791176978E-15
0.000180263996262 2.77810084105004E-05 5.8965896 1.17467830455098E-09 -4.34491392327274E-09 0.1630163 2.02581461198321E-17 1.65123846896723E-15
0.00018027024741901 2.78533730865077E-05 6.060606 6.25115701049594E-09 7.23646760072718E-08 0.1640164 5.27572329760729E-15 1.19763822855347E-14
0.000180286157496122 2.78336755178392E-05 6.2246224 1.59100771115845E-08 -1.96975686684375E-08 0.1640164 6.41124765144378E-16 7.95788840639259E-15
0.000180286503935615 2.78151808614133E-05 6.3886388 3.46439493199568E-10 -1.84946564259327E-08 0.1640164 3.42172336635743E-16 5.00688194522523E-15
0.000180292132359412 2.78216580128487E-05 6.5526552 5.62842379702033E-09 6.47715143543337E-09 0.1640164 7.36326451564013E-17 6.04625447406471E-15
0.000180265457966305 2.77871376036945E-05 6.7156715 -2.66743931074984E-08 -3.45204091542008E-08 0.163016300000001 1.90318189582679E-15 2.08510039689182E-15
0.000180256623204053 2.77861265675608E-05 6.8796879 -8.83476225180857E-09 -1.01103613368281E-09 0.1640164 7.90752181095939E-17 2.36994195776659E-15
0.000180258990811153 2.7763783269962E-05 7.0437043 2.36760710052408E-09 -2.23432975988587E-08 0.1640164 5.04828510973616E-16 8.97551940905223E-16
0.000180244677477804 2.78753170864287E-05 7.2077207 -1.43133333494063E-08 1.11533816466725E-07 0.1640164 1.26446637272043E-14 1.84867879021912E-14
0.000180274075899458 2.78475850172499E-05 7.370737 2.93984216539229E-08 -2.77320691788248E-08 0.163016300000001 1.63333485668097E-15 1.0675185060671E-14
0.000180269169258107 2.78289649044869E-05 7.5347534 -4.90664135037377E-09 -1.86201127629815E-08 0.1640164 3.70783728647343E-16 7.28705657532197E-15
0.000180264283773995 2.78259235784136E-05 7.6987698 -4.88548411257739E-09 -3.04132607327645E-09 0.1640164 3.31176192982372E-17 6.93193320167656E-15
0.000180280812517156 2.78090859181993E-05 7.8627862 1.6528743161274E-08 -1.68376602143319E-08 0.1640164 5.56706151984654E-16 4.16409072403216E-15
0.000180273105524079 2.78289438739377E-05 8.0268026 -7.70699307688005E-09 1.98579557383916E-08 0.1640164 4.53736148394995E-16 7.19818779576375E-15
0.000180252654378663 2.7760744924828E-05 8.1898189 -2.04511454162741E-08 -6.81989491096822E-08 0.163016299999999 5.06934600850261E-15 1.12143563581853E-15
0.000180268344411405 2.77838026937205E-05 8.3538353 1.56900327415315E-08 2.30577688924853E-08 0.164016400000001 7.77837833729594E-16 1.72526185441286E-15
0.000180290157866572 2.78139939350696E-05 8.5178517 2.18134551669493E-08 3.01912413490868E-08 0.1640164 1.38733788051932E-15 4.88711106733892E-15
0.000180280929832114 2.77984718037021E-05 8.6818681 -9.22803445786258E-09 -1.55221313674581E-08 0.1640164 3.26093182144124E-16 2.9068608011861E-15
0.000180261273717349 2.77901599591594E-05 8.8458845 -1.96561147648993E-08 -8.31184454274592E-09 0.164016400000001 4.55449607353666E-16 2.50729490954372E-15
0.000180285378203979 2.78171267252196E-05 9.0089008 2.41044866304492E-08 2.69667660602089E-08 0.163016299999999 1.30823274746354E-15 5.27655022577859E-15
0.000180263706440431 2.77863756613757E-05 9.1729172 -2.16717635486248E-08 -3.07510638439119E-08 0.1640164 1.41529326283985E-15 2.08173551920926E-15
0.000180277162014231 2.78266511585477E-05 9.3369336 1.34555738003996E-08 4.02754971720505E-08 0.164016400000001 1.80316813875385E-15 6.76103561491191E-15
0.000180280883398507 2.78063233202986E-05 9.50095 3.72138427596269E-09 -2.03278382490986E-08 0.1640164 4.27069708810897E-16 3.81508116424696E-15
0.000180288201160542 2.78051696852471E-05 9.6649664 7.31776203463141E-09 -1.15363505155841E-09 0.1640164 5.48805150276771E-17 3.71149629703964E-15
0.000180290108044307 2.78127156346468E-05 9.8279827 1.90688376565618E-09 7.54594939975917E-09 0.163016300000001 6.05775580394488E-17 4.71043429926557E-15
0.000180272882268485 2.77637742282843E-05 9.9919991 -1.72257758219416E-08 -4.8941406362534E-08 0.1640164 2.69198860941047E-15 4.51609650184748E-16
0.000180287556357078 2.78151487826871E-05 10.1560155 1.46740885931536E-08 5.13745544028268E-08 0.1640164 2.85467371612873E-15 5.01299285639062E-15
0.00018024203054956 2.77745932259671E-05 10.3200319 -4.55258075184304E-08 -4.05555567199798E-08 0.164016400000001 3.71735233107267E-15 2.49715511274835E-15
0.000180255788837049 2.77818170036288E-05 10.4830482 1.37582874885425E-08 7.22377766169657E-09 0.163016299999999 2.41473438323011E-16 2.07330538193619E-15
0.00018026324022853 2.7818536319942E-05 10.6470646 7.45139148142471E-09 3.67193163131354E-08 0.164016400000001 1.40383142551354E-15 5.82250724320605E-15
0.000180256006536525 2.78544077378323E-05 10.811081 -7.23369200494517E-09 3.58714178903874E-08 0.1640164 1.33908492148921E-15 1.2739430923311E-14
0.000180285035842294 2.78213933691756E-05 10.9750974 2.90293057688586E-08 -3.3014368656719E-08 0.1640164 1.93264913122364E-15 5.91171766579279E-15
0.000180257563760627 2.77710035005834E-05 11.1391138 -2.74720816671277E-08 -5.03898685921982E-08 0.1640164 3.29385412786433E-15 1.29481654897081E-15
0.000180269577098826 2.78472807096138E-05 11.3021301 1.20133381994947E-08 7.62772090304047E-08 0.163016300000001 5.96253291216349E-15 1.0703891163234E-14
0.000180270596466678 2.77803262200455E-05 11.4661465 1.01936785208068E-09 -6.69544895683565E-08 0.1640164 4.48394278417701E-15 1.40821951712277E-15
0.000180254428971655 2.77638431114041E-05 11.6301629 -1.61674950237511E-08 -1.64831086413919E-08 0.164016400000001 5.33080765826947E-16 1.13036606788154E-15
0.000180274394277681 2.77520052923179E-05 11.7941793 1.99653060267053E-08 -1.18378190862174E-08 0.1640164 5.38747405458009E-16 1.12800980543265E-16
0.000180258084458817 2.78341021495149E-05 11.9581957 -1.6309818864471E-08 8.20968571970653E-08 0.1640164 7.00590415302718E-15 8.58736785369934E-15
0.000180272523161278 2.78317025902817E-05 12.121212 1.44387024612911E-08 -2.39955923321844E-09 0.163016300000001 2.14234013279417E-16 7.68201375063946E-15
0.000180277234377897 2.7861069905433E-05 12.2852284 4.71121661917096E-09 2.9367315151255E-08 0.1640164 8.84634761225885E-16 1.35954880864618E-14
0.000180282185699443 2.78680221025786E-05 12.4492448 4.95132154543398E-09 6.95219714566519E-09 0.1640164 7.28486301984741E-17 1.52412997023134E-14
0.000180272248848792 2.78756225918617E-05 12.6132612 -9.93685065031968E-09 7.60048928303192E-09 0.164016400000001 1.56508438188242E-16 1.72702646391233E-14
0.000180286334736277 2.78284901943226E-05 12.7772776 1.40858874841285E-08 -4.71323975391087E-08 0.1640164 2.41987512400011E-15 7.06217312651902E-15
0.000180262639007699 2.78005560307955E-05 12.9402939 -2.36957285776498E-08 -2.79341635270072E-08 0.163016299999999 1.34180504477923E-15 3.50869390567477E-15
0.00018028245850157 2.77917003140422E-05 13.1043103 1.98194938713243E-08 -8.8557167533807E-09 0.164016400000001 4.7123605653157E-16 2.22181856411107E-15
0.000180297649710238 2.77968448164842E-05 13.2683267 1.51912086680568E-08 5.14450244205378E-09 0.1640164 2.57238726172741E-16 2.9787063360455E-15
0.000180279618810459 2.7842400153242E-05 13.4323431 -1.80308997794896E-08 4.55553367578005E-08 0.1640164 2.40040205397461E-15 9.57695111140317E-15
0.000180300557170543 2.78629360465116E-05 13.5963595 2.09383600838748E-08 2.05358932696029E-08 0.164016400000001 8.60137835382526E-16 1.43566177562662E-14
0.000180282813633067 2.78594996374184E-05 13.7593758 -1.77435374752122E-08 -3.43640909320797E-09 0.163016299999999 3.26642029590141E-16 1.32103010016161E-14
0.00018027423920736 2.78328025477707E-05 13.9233922 -8.57442570719513E-09 -2.6697089647719E-08 0.1640164 7.86255371866554E-16 7.84542064500255E-15
0.000180283257747543 2.78686696900983E-05 14.0874086 9.01854018323434E-09 3.58671423275609E-08 0.164016400000001 1.36778596578213E-15 1.54032165969325E-14
0.000180261464497041 2.78356139053254E-05 14.251425 -2.17932505020428E-08 -3.30557847728166E-08 0.1640164 1.56763067439156E-15 8.71028780906117E-15
0.000180298521607278 2.78208870356331E-05 14.4144413 3.7057110236816E-08 -1.47268696923888E-08 0.163016300000001 1.59011011004013E-15 6.09859587052925E-15
