2.313743862
2.15652
2.27818
2.19699
2.321391965
2.162929855
2.136973334
2.203071927
2.20079
2.188365164
2.33912
2.123366223
2.211286206
2.020836329
2.09393
2.06117
2.315286528
2.155433826
2.226265692
2.188758154
2.405362407
2.07652
2.309345844
2.15458
2.171488622
2.113884555
2.197508089
2.384815786
2.17572
2.408355537
2.160957365
2.165904935
2.340554545
2.187408423
2.347345013
2.301787931
2.232700268
2.18008
2.17062
2.172519585
2.08397
2.216726565
2.194542473
2.19287
2.022541504
2.367263541
2.16676
2.156685859
2.08198
2.105641104
1.999024
2.33155695
2.285502206
2.199633923
2.222489476
2.131918499
2.189333402
2.152073406
1.969486339
2.07835
2.07567
2.17621
2.38004
2.183599953
1.938825335
2.17014
2.395258226
2.118497549
2.182029105
2.181144006
2.12845
2.167347735
2.1699
2.144684367
2.257045586
2.24552
2.19689
2.3199
2.226228687
2.170756397
2.2861883
2.321530401
2.29787
2.129320599
2.240141549
2.167278703
2.13832
2.09513447
2.334616227
2.262061409
2.05148
2.290168736
2.199476482
2.18216
2.16681
2.23682
2.152573414
2.378870278
2.19584
2.2082
2.290823447
2.246690574
2.104842829
2.277623855
2.148708924
2.1388
2.38508
2.182373777
2.231239062
2.15264
2.28383
2.03279
1.990443193
2.2458
2.00695
2.067052086
2.17137324
2.1884
2.092713968
2.313302324
1.997033625
2.157873503
2.12641
2.120842799
2.28096
2.010740118
2.370996303
2.128630379
2.294725876
2.256875956
2.163794631
2.094179979
2.026567574
2.34102
2.09604
2.17692
2.040543041
2.07642
2.209367864
2.128763197
2.31283
2.183091863
2.135966315
1.950567
2.171551204
2.42394
2.19253049
2.18456
2.267149932
2.125723784
2.129033359
2.173074741
2.319411093
2.15889754
2.242358319
2.300680893
2.113014771
2.209174964
2.12568
2.322916978
2.185796337
2.264764672
2.193524934
2.330557102
2.343034682
2.28750474
2.01248467
2.12932
2.167195658
2.429969717
2.335
2.16225171
2.047626481
2.026492952
2.410881726
2.24243531
2.148398402
2.01646
2.247290109
2.0618
2.12523
2.156806778
1.9886104
2.33643
2.119216288
1.922486605
2.153495222
2.217077022
2.22516843
2.175618067
2.159194857
2.140767292
2.049140667
2.275035104
2.085608619
2.157385755
2.130773266
2.384566487
2.251173751
2.181669152
2.138360509
2.0458
2.013418439
2.17538
2.223185859
2.289070429
2.1966
1.954624444
2.248708986
2.30466
2.155371685
2.069344597
2.20751
2.204497411
2.121710851
2.126739445
2.171787967
2.22218
2.076341111
2.212305332
2.23072
2.150055471
2.299285756
2.32159
2.222316685
2.09333
2.17867
2.248278685
2.03991
2.16475
2.22295
2.234154631
2.411091329
2.225010337
2.215223145
2.379939805
2.321127283
2.094719793
2.18036
2.22967
2.117909171
2.27707
2.182531853
2.288085025
2.07359
2.416249252
2.346655509
2.21915
2.28699
2.283636304
2.309105004
2.147492861
2.347785211
2.459743877
2.236018248
2.33965534
2.11854463
2.249145742
2.22377
2.080715253
2.30212
2.09999
2.227176503
2.19653
2.363163607
2.27392891
1.991429
2.194048342
2.079891798
2.24278
2.114863344
2.123885929
2.306611625
2.118959012
2.284392295
2.265390812
2.33177
2.306349952
2.25473
2.204121118
2.332032496
2.23887
2.20716
2.200526732
2.156377669
2.27373
2.172947904
2.290318793
2.097388758
2.03198921
2.20385
2.228154534
2.236671638
2.093932209
2.214866822
2.235873116
2.30069
2.169155531
2.069112235
2.20652
2.213215363
2.26598
2.22793
2.04657
2.124600797
2.200366782
2.129903604
1.954493743
2.464992088
2.24431913
2.10195625
2.333793068
2.224713161
2.367255095
2.05236
2.254734251
2.053902752
2.459644573
2.326586432
2.385282823
2.259111552
2.380562113
2.027626215
2.369246352
2.12965
1.921360071
2.23964
2.23073
2.179510838
2.25508536
2.37665
2.301119381
2.296283068
2.029944743
2.22919
2.143114706
1.97927
2.1685
2.233014353
2.000917675
2.321674736
2.05653
2.25440801
2.3214
2.423359843
2.218145989
2.120659969
2.085767279
2.38389
2.167058701
2.279835436
2.381654995
2.314214943
2.274614062
2.179119036
2.092651717
2.17217
2.133729645
2.068266239
2.24339
2.151993236
2.20397
2.184564562
2.2533
2.224307366
2.43707
2.03687
2.154552759
2.05343
2.296128482
2.172487902
2.219338342
2.236989241
2.116876032
2.00867678
2.446664909
2.069216683
2.190400537
2.335615167
1.936761
2.33148
2.24097586
2.27382
2.228081708
1.865664558
2.227408498
2.096911358
2.230425698
2.287917599
2.110349978
2.145810914
2.3472223
2.29291
2.12348412
2.039185602
2.20065
2.193988179
2.180254101
2.124526422
2.161609804
2.29217
2.206086492
2.192302012
2.28683
2.19566
2.043044044
2.193128971
2.161984256
2.24647
2.086935536
2.114074402
2.237048136
2.19527
2.161498121
2.239935075
2.03175
2.11113
2.318375624
2.250640415
2.19193
2.37102
2.22742
2.12294
2.167972634
2.128654744
2.311404726
2.28601
2.02557213
2.33376835
2.089463256
2.23572
2.159846438
2.166359006
2.142091776
2.13735
2.23313
2.09395
2.039642739
2.32517
2.32115
2.32362
2.120684352
2.230958005
2.08114
2.246786794
2.141422862
2.341077409
2.15213
2.1729
2.171595199
2.207247944
2.38261
2.44044
2.217116671
2.369780194
2.38463742
2.1277
2.30622
2.237205221
2.228372459
2.07912
1.865351603
2.131419656
2.1317093
2.2108
2.16202
2.28975
2.239231701
2.194674953
2.359287499
2.21104246
2.203072217
2.125090614
2.016420544
2.239470491
2.078310281
2.16681
2.16689
2.157087281
2.397203629
2.110044301
2.28435
2.333954021
2.415256332
2.32575
2.317887411
2.155532702
2.081191784
2.232926757
2.16708
2.153431969
2.322708293
2.05353
2.255534153
2.266583338
2.179564276
2.251607091
2.15633
2.03895
2.387764793
2.117563687
2.190840773
2.182781114
2.19056
2.2679
2.133573449
2.253377485
2.16273
2.04962
1.948559261
2.114393564
2.113998054
2.118750351
2.233637745
2.193828854
2.37714
2.26174
2.221992337
2.287394404
2.254490999
2.248788572
2.121481691
2.1152
2.23859
2.024705066
2.319543285
2.12335
2.306649408
2.124917657
2.33350847
2.251961768
2.4261
2.12089
2.331842153
2.288974619
2.17639
2.426043207
2.34986948
2.206541192
2.145057192
2.304555981
2.195231387
2.09033
2.133711058
2.14161
2.26017
2.293073131
2.110832324
1.995594739
2.23942
2.14337
2.286356731
2.284715835
2.161872276
2.323895201
2.059987614
2.21017
2.05572
1.982365
2.25186
2.274068927
2.356060348
2.11316
2.327928184
2.163650804
2.105292936
2.210618236
2.055168866
2.07283506
2.22012
2.007726828
2.032651508
2.108044287
2.379669526
2.055168372
2.243336132
2.189951157
2.357201581
2.343603047
2.39063
2.167040311
2.2413
2.097036999
2.1411
2.29238
2.185457623
2.19134
2.140062616
2.204180392
2.058866847
2.028239182
2.21843
2.346656148
2.182168815
2.21602
2.293196837
2.264458702
2.274705905
2.383537184
2.21984416
2.278599574
2.18525
2.1243
2.147686156
2.220551569
2.304755604
2.223296348
2.20063
2.219592257
2.362518113
2.11422
2.01722
2.190889016
2.148998618
2.317479399
2.142555223
2.19647
2.32337641
2.137583383
2.21115
2.300789319
2.49766
2.126437472
2.055370048
2.16802
2.158102481
2.120210358
2.21735
2.143114648
2.253581477
2.15047167
2.05167
2.335578133
2.08568
2.162124384
2.237202975
2.142402509
2.29292
2.33916
2.07428625
2.160522695
2.117924306
2.27294
2.19539
2.344420984
2.142804857
2.309188499
2.19635
2.197941841
2.494790942
2.385599089
2.188379599
2.10684
2.19639
2.287395273
2.06427
2.37248
2.15753
2.28327
1.990079
2.187233071
2.18274
2.438048708
2.220694419
2.411617733
2.152469918
2.106536107
2.15821
2.32055
2.301698045
2.25433
2.383172227
2.3047
2.107998979
2.273819918
2.28528
2.262289065
2.30538
2.15611
2.288624986
2.31908
2.28194
2.389813606
2.24891
2.328392886
2.168312602
2.187975635
2.139248447
2.28919
2.212632705
2.2744
2.18482
2.255015389
2.307537716
2.04268
2.290384524
2.34168
2.203549586
2.332796072
2.044079378
2.3128
2.43136
2.464771563
2.27752
2.309525375
2.32056
2.188373789
2.296090301
2.325215528
2.2391
2.189173043
2.22904
2.14636902
2.23876
2.23702
2.190620289
2.495243849
2.345295148
2.110442988
2.295720408
2.16224705
2.272411088
2.219341087
2.011366643
2.139247439
2.16506
2.347150827
2.4038
2.210973202
2.186682097
2.211783608
2.333171327
2.171744789
2.09919
2.261178292
2.072858278
2.385172339
1.988278
2.00203
2.206192959
2.247557819
2.40304687
2.193531223
2.26015
2.14678
2.161980227
2.26075
2.20726
2.20873
2.167124737
1.977819583
2.27000446
2.186745733
2.10768
2.164433152
2.13258
2.33034
2.341349862
2.163246363
2.11629
2.1886
2.193868746
2.29902
2.150915899
2.35
2.27882
2.26869
2.18932
1.948690053
2.356628616
2.277816792
2.089220942
2.282972981
2.237099823
2.07753
2.107277122
2.16667205
2.318870158
2.14087335
2.105285734
2.172753708
2.10782
2.148553936
2.08475
2.360364823
2.239278114
2.144821939
2.111838293
2.32770745
2.300766872
2.250709716
2.17253
2.16247
2.13698
2.17002
2.286392
2.204431249
2.328102507
2.101761072
2.25264
2.140612204
2.21642
2.231849791
2.107366581
2.22714
2.103162429
2.067682911
2.32538
2.1202
2.051568429
2.129896284
2.310643946
2.12002
2.053229177
2.350618319
2.207731118
2.05074
2.272883474
2.15573
2.15278698
2.157219376
2.26757
2.218565972
2.35056
2.148121905
2.312734251
2.13756
2.161372809
2.104098727
2.28932
2.178507008
2.292295466
2.229945488
2.398838498
2.29925
2.368524324
2.156469629
2.242338912
2.103615838
2.250286558
2.249411924
2.19682
2.064530505
2.21418
2.305400884
2.339873917
2.48534
2.228803571
2.060588446
2.23190452
2.10758
2.077604731
2.464033759
2.227994777
2.231575112
2.23618
2.202952074
2.0666
2.220399473
2.2929
2.08445
2.247983972
2.24693
2.200009865
2.097537513
2.3813
2.28929
2.1754
2.20272
2.147671985
2.13079
2.105094712
2.3771
2.24371
2.18249
2.08718
2.467360397
2.298037721
2.012624687
2.19456262
2.24115
2.29782874
2.31055
2.53686923
2.110390195
2.3412
2.124419316
2.223415774
1.987660653
2.099827409
2.19449939
2.216240027
2.107557695
1.970455
2.08876
2.25597
2.287923938
2.155904197
2.304066985
2.28923
2.255354936
2.237856231
2.1718
2.00535
2.294162187
2.026481385
2.19776
2.196377916
2.241935178
2.25713555
2.16942
2.168577833
2.180739283
2.193005933
2.378087806
2.119730511
2.108287643
2.322153422
2.120922321
2.14377794
2.12679
2.14398
2.07195
2.325985517
2.12825
2.217414896
2.102871112
2.27794
2.290953962
2.36673
2.063690845
2.328702893
2.23836
2.047138034
2.29352
2.21125
2.32037
2.310521472
2.168739817
2.105138571
2.144825043
2.152295888
2.20665008
2.008908982
2.31851265
2.077223255
2.071660103
2.11282
2.063626638
2.27626
2.15962
2.15745961
2.11427
2.13745
2.178821646
2.058133791
2.16211534
2.254864976
2.305365676
2.191599435
2.25942
2.12846
2.204374727
2.272307481
2.248479264
2.394379098
2.309051324
2.154492412
2.204350524
2.202563166
2.353164657
2.203363237
2.060013466
2.19627
2.261684159
2.104251256
2.233865022
2.14147
2.034354279
2.303711961
2.180798024
1.9944012
2.39370691
2.048032252
1.971625554
2.07021
2.21799
2.277131822
2.116631107
2.160962598
2.309948095
2.059757806
2.255906791
2.32834
2.169696871
2.190735321
2.14371185
2.273025964
2.114691998
2.277119188
